0 0 0 0 0 
1 1 1 1 1 
2 2 27 52 77 
3 3 28 53 78 
4 4 29 54 79 
5 5 30 55 80 
6 6 31 56 81 
7 7 32 57 82 
8 8 33 58 83 
9 9 34 59 84 
10 10 35 60 85 
11 11 36 61 86 
12 12 37 62 87 
13 13 38 63 88 
14 14 39 64 89 
15 15 40 65 90 
16 16 41 66 91 
17 17 42 67 92 
18 18 43 68 93 
19 19 44 69 94 
20 20 45 70 95 
21 21 46 71 96 
22 22 47 72 97 
23 23 48 73 98 
24 24 49 74 99 
25 25 50 75 100 
26 26 51 76 101 
27 27 52 77 102 
28 28 53 78 103 
29 29 54 79 104 
30 30 55 80 105 
31 31 56 81 106 
32 32 57 82 107 
33 33 58 83 108 
34 34 59 84 109 
35 35 60 85 110 
36 36 61 86 111 
37 37 62 87 112 
38 38 63 88 113 
39 39 64 89 114 
40 40 65 90 115 
41 41 66 91 116 
42 42 67 92 117 
43 43 68 93 118 
44 44 69 94 119 
45 45 70 95 120 
46 46 71 96 121 
47 47 72 97 122 
48 48 73 98 123 
49 49 74 99 124 
50 50 75 100 125 
51 51 76 101 126 
52 52 77 102 127 
53 53 78 103 128 
54 54 79 104 129 
55 55 80 105 130 
56 56 81 106 131 
57 57 82 107 132 
58 58 83 108 133 
59 59 84 109 134 
60 60 85 110 135 
61 61 86 111 136 
62 62 87 112 137 
63 63 88 113 138 
64 64 89 114 139 
65 65 90 115 140 
66 66 91 116 141 
67 67 92 117 142 
68 68 93 118 143 
69 69 94 119 144 
70 70 95 120 145 
71 71 96 121 146 
72 72 97 122 147 
73 73 98 123 148 
74 74 99 124 149 
75 75 100 125 150 
76 76 101 126 151 
77 152 152 152 152 
78 153 153 153 153 
79 154 154 154 154 
80 155 155 155 155 
81 156 156 156 156 
82 157 157 157 157 
83 158 158 158 158 
84 159 159 159 159 
85 160 160 160 160 
86 161 161 161 161 
87 162 162 162 162 
88 163 163 163 163 
89 164 164 164 164 
90 165 165 165 165 
91 166 166 166 166 
92 167 167 167 167 
93 168 168 168 168 
94 169 169 169 169 
95 170 170 170 170 
96 171 171 171 171 
97 172 172 172 172 
98 173 173 173 173 
99 174 174 174 174 
100 175 175 175 175 
101 176 176 176 176 
102 177 177 177 177 
103 178 178 178 178 
104 179 179 179 179 
105 180 180 180 180 
106 181 181 181 181 
107 182 182 182 182 
108 183 183 183 183 
109 184 184 184 184 
110 185 185 185 185 
111 186 186 186 186 
112 187 187 187 187 
113 188 188 188 188 
114 189 189 189 189 
115 190 190 190 190 
116 191 191 191 191 
117 192 192 192 192 
118 193 193 193 193 
119 194 194 194 194 
120 195 195 195 195 
121 196 196 196 196 
122 197 197 197 197 
123 198 198 198 198 
124 199 199 199 199 
125 200 200 200 200 
126 201 201 201 201 
127 0 25 50 75 
128 1 26 51 76 
129 2 27 52 77 
130 3 28 53 78 
131 4 29 54 79 
132 5 30 55 80 
133 6 31 56 81 
134 7 32 57 82 
135 8 33 58 83 
136 9 34 59 84 
137 10 35 60 85 
138 11 36 61 86 
139 12 37 62 87 
140 13 38 63 88 
141 14 39 64 89 
142 15 40 65 90 
143 16 41 66 91 
144 17 42 67 92 
145 18 43 68 93 
146 19 44 69 94 
147 20 45 70 95 
148 21 46 71 96 
149 22 47 72 97 
150 23 48 73 98 
151 24 49 74 99 
19073976 0 393830696 32678 19089712 
0 0 0 -1392160872 32767 
405260696 32678 -1392160872 32767 405361312 
32678 19073976 0 0 32767 
19102720 0 19102720 0 19102720 
0 1 0 403009592 32678 
403011504 32678 19102184 0 19102184 
0 19102184 0 19102184 0 
19102198 0 19102696 0 403111392 
32678 16 32678 19102184 0 
403000656 32678 6 0 0 
0 4098 0 0 32678 
0 0 0 0 0 
0 0 0 0 0 
0 0 0 0 0 
0 0 0 0 0 
0 0 0 0 0 
0 0 0 0 0 
0 0 0 0 0 
0 0 0 8 0 
-1392160680 32767 403111392 32678 0 
0 1179385856 65794 -1392160824 32767 
403110208 32678 403110096 32678 403110112 
32678 403016632 32678 403011504 32678 
0 0 0 0 0 
0 0 0 0 0 
0 0 403111392 32678 0 
0 0 0 0 0 
0 0 0 0 0 
0 1 0 0 0 
0 0 0 0 0 
32678 0 0 8192 0 
0 0 0 0 0 
0 403157504 32678 403110064 32678 
0 0 0 0 0 
0 0 0 403000656 32678 
6 0 0 0 4098 
0 0 0 0 0 
0 0 0 0 0 
0 0 0 0 0 
0 0 0 0 0 
0 0 0 0 0 
0 0 0 0 0 
0 0 0 0 0 
0 0 0 0 0 
0 8 0 -1392160168 32767 
403111392 32678 0 0 1685324064 
4 -1392160472 32767 403110208 32678 
403110096 32678 403110112 32678 403016632 
32678 403011504 32678 0 0 
0 0 0 0 0 
0 0 0 0 0 
403111392 32678 0 0 0 
0 0 0 0 0 
0 0 0 0 405259265 
32678 0 0 0 0 
0 0 0 32678 0 
0 8192 0 0 1 
0 0 0 0 405350912 
32678 403110064 32678 0 0 
0 0 0 0 0 
0 403000656 32678 6 0 
0 0 4098 0 0 
32678 0 0 0 0 
0 0 0 0 0 
0 0 0 0 0 
0 0 0 0 0 
0 0 0 0 0 
0 0 0 0 0 
0 0 0 0 0 
0 0 0 0 8 
0 -1392159656 32767 403111392 32678 
0 0 288 1 -1392159960 
32767 403110208 32678 403110096 32678 
403110112 32678 403016632 32678 403011504 
