0 0 -1 
1 3 0 
2 6 0 
3 7 0 
4 5 0 
5 3 0 
6 5 0 
7 6 0 
8 2 0 
9 9 0 
10 1 0 
11 2 0 
12 7 0 
13 0 0 
14 9 0 
15 3 0 
16 6 0 
17 0 0 
18 6 0 
19 2 0 
20 6 0 
21 1 0 
22 8 0 
23 7 0 
24 9 0 
25 2 0 
26 0 0 
27 2 0 
28 3 0 
29 7 0 
30 5 0 
31 9 0 
32 2 0 
33 2 0 
34 8 0 
35 9 0 
36 7 0 
37 3 0 
38 6 0 
39 1 0 
40 2 0 
41 9 0 
42 3 0 
43 1 0 
44 9 0 
45 4 0 
46 7 0 
47 8 0 
48 4 0 
49 5 0 
50 0 0 
51 3 0 
52 6 0 
53 1 0 
54 0 0 
55 6 0 
56 3 0 
57 2 0 
58 0 0 
59 6 0 
60 1 0 
61 5 0 
62 5 0 
63 4 0 
64 7 0 
65 6 0 
66 5 0 
67 6 0 
68 9 0 
69 3 0 
70 7 0 
71 4 0 
72 5 0 
73 2 0 
74 5 0 
75 4 0 
76 7 0 
77 4 0 
78 4 0 
79 3 0 
80 0 0 
81 7 0 
82 8 0 
83 6 0 
84 8 0 
85 8 0 
86 4 0 
87 3 0 
88 1 0 
89 4 0 
90 9 0 
91 2 0 
92 0 0 
93 6 0 
94 8 0 
95 9 0 
96 2 0 
97 6 0 
98 6 0 
99 4 0 
100 9 0 
101 5 0 
102 0 0 
103 4 0 
104 8 0 
105 7 0 
106 1 0 
107 7 0 
108 2 0 
109 7 0 
110 2 0 
111 2 0 
112 6 0 
113 1 0 
114 0 0 
115 6 0 
116 1 0 
117 5 0 
118 9 0 
119 4 0 
120 9 0 
121 0 0 
122 9 0 
123 1 0 
124 7 0 
125 7 0 
126 1 0 
127 1 0 
128 5 0 
129 9 0 
130 7 0 
131 7 0 
132 6 0 
133 7 0 
134 3 0 
135 6 0 
136 5 0 
137 6 0 
138 3 0 
139 9 0 
140 4 0 
141 8 0 
142 1 0 
143 2 0 
144 9 0 
145 3 0 
146 9 0 
147 0 0 
148 8 0 
149 8 0 
150 5 0 
151 0 0 
152 9 0 
153 6 0 
154 3 0 
155 8 0 
156 5 0 
157 6 0 
158 1 0 
159 1 0 
160 5 0 
161 9 0 
162 8 0 
163 4 0 
164 233 0 
165 230 3 
166 209 6 
167 293 1 
168 242 3 
169 174 3 
170 187 3 
171 253 3 
172 265 0 
173 211 0 
174 180 6 
175 180 8 
176 167 4 
177 214 4 
178 141 8 
179 144 3 
180 207 7 
181 164 8 
182 185 6 
183 138 0 
184 232 6 
185 213 6 
186 218 0 
187 108 7 
188 215 8 
189 161 3 
190 183 0 
191 258 7 
192 268 0 
193 183 6 
194 358 3 
195 271 6 
196 192 6 
197 179 2 
198 282 8 
199 310 5 
200 191 2 
201 201 0 
202 199 6 
203 218 4 
204 262 0 
205 116 3 
206 161 6 
207 252 1 
208 189 4 
209 183 4 
210 136 7 
211 163 6 
212 253 3 
213 194 8 
214 140 6 
215 120 8 
216 143 7 
217 210 6 
218 183 0 
219 186 7 
220 168 1 
221 200 3 
222 196 8 
223 123 8 
224 104 4 
225 196 4 
226 193 5 
227 305 4 
228 252 5 
229 262 8 
230 310 3 
231 299 8 
232 180 3 
233 204 8 
234 276 4 
235 285 7 
236 191 7 
237 160 8 
238 180 8 
239 215 8 
240 179 8 
241 107 8 
242 176 5 
243 186 7 
244 196 8 
245 24 0 
246 28 2 
247 12 1 
248 40 1 
249 63 2 
250 103 1 
251 35 3 
252 138 0 
253 27 6 
254 165 0 
255 5 0 
256 170 0 
257 30 0 
258 200 0 
259 6 0 
260 206 0 
261 27 0 
262 18 0 
263 22 2 
264 0 4 
265 22 1 
266 35 5 
267 57 2 
268 10 3 
269 67 5 
270 12 7 
271 79 4 
272 25 0 
273 104 3 
274 36 0 
275 140 3 
276 18 0 
277 158 3 
278 72 0 
279 24 0 
280 28 2 
281 36 1 
282 64 2 
283 0 8 
284 64 8 
285 10 3 
286 74 6 
287 27 6 
288 101 6 
289 45 0 
290 146 6 
291 18 0 
292 164 6 
293 0 0 
294 164 6 
295 45 0 
296 24 0 
297 28 2 
298 48 4 
299 76 1 
300 28 2 
301 104 1 
302 30 3 
303 134 0 
304 0 7 
305 134 1 
306 35 0 
307 169 1 
308 54 0 
309 223 1 
310 16 0 
311 239 1 
312 54 0 
313 12 0 
314 16 2 
315 54 1 
316 70 2 
317 56 5 
318 126 2 
319 5 3 
320 131 5 
321 27 6 
322 158 3 
323 35 0 
324 193 3 
325 24 0 
326 217 3 
327 16 0 
328 233 3 
329 9 0 
330 9 0 
331 13 2 
332 12 4 
333 25 1 
334 49 8 
335 74 7 
336 0 3 
337 74 4 
338 3 7 
339 77 4 
340 30 0 
341 107 3 
342 48 0 
343 155 3 
344 10 0 
345 165 3 
346 9 0 
347 3 0 
348 7 2 
349 36 1 
350 43 2 
351 7 2 
352 50 2 
353 30 3 
354 80 5 
355 21 6 
356 101 3 
357 35 0 
358 136 3 
359 6 0 
360 142 3 
361 0 0 
362 142 3 
363 45 0 
364 12 0 
365 16 6 
366 36 1 
367 52 7 
368 49 5 
369 101 8 
370 5 3 
371 106 5 
372 21 6 
373 127 3 
374 15 0 
375 142 3 
376 12 0 
377 154 3 
378 18 0 
379 172 3 
380 81 0 
381 27 0 
382 31 0 
383 24 1 
384 55 0 
385 14 8 
386 69 6 
387 25 3 
388 94 6 
389 3 6 
390 97 6 
391 30 1 
392 127 0 
393 54 2 
394 181 0 
395 12 0 
396 193 0 
397 72 6 
398 8 0 
399 12 2 
400 4 7 
401 16 1 
402 63 2 
403 79 1 
404 0 3 
405 79 0 
406 81 6 
407 160 0 
408 3 1 
409 163 0 
410 30 2 
411 193 0 
412 0 0 
413 193 0 
414 18 0 
415 6 3 
416 10 3 
417 0 4 
418 10 3 
419 35 5 
420 45 3 
421 0 3 
422 45 3 
423 36 7 
424 81 6 
425 15 1 
426 96 7 
427 36 2 
428 132 8 
429 0 0 
430 132 6 
431 48 6 
432 8 4 
433 12 4 
434 12 1 
435 24 7 
436 0 8 
437 24 8 
438 0 3 
439 24 6 
440 81 6 
441 105 6 
442 27 1 
443 132 7 
444 18 2 
445 150 8 
446 0 0 
447 150 2 
448 30 7 
449 8 5 
450 12 5 
451 16 4 
452 28 5 
453 28 5 
454 56 5 
455 0 3 
456 56 5 
457 0 7 
458 56 4 
459 21 7 
460 77 4 
461 54 5 
462 131 4 
463 0 0 
464 131 3 
465 36 7 
466 4 5 
467 8 5 
468 18 4 
469 26 4 
470 56 4 
471 82 4 
472 0 3 
473 82 4 
474 81 7 
475 163 4 
476 21 7 
477 184 4 
478 24 5 
479 208 4 
480 0 0 
481 208 3 
482 6 7 
483 3 5 
484 7 5 
485 4 4 
486 11 5 
487 49 7 
488 60 4 
489 0 3 
490 60 4 
491 9 7 
492 69 4 
493 18 7 
494 87 4 
495 48 5 
496 135 5 
497 0 0 
498 135 2 
499 6 7 
500 1 5 
501 5 5 
502 12 1 
503 17 2 
504 7 2 
505 24 2 
506 0 3 
507 24 5 
508 63 6 
509 87 3 
510 21 7 
511 108 4 
512 6 8 
513 114 5 
514 0 0 
515 114 3 
516 30 6 
517 4 3 
518 8 3 
519 12 4 
520 20 3 
521 49 5 
522 69 3 
523 0 3 
524 69 3 
525 63 6 
526 132 3 
527 9 1 
528 141 4 
529 12 2 
530 153 1 
531 0 0 
532 153 1 
533 54 6 
534 9 4 
535 13 4 
536 8 4 
537 21 4 
538 14 2 
539 35 1 
540 0 3 
541 35 0 
542 9 6 
543 44 0 
544 18 1 
545 62 0 
546 54 2 
547 116 2 
548 0 0 
549 116 2 
550 48 6 
551 16 3 
552 20 3 
553 12 1 
554 32 0 
555 9 2 
556 41 0 
557 56 3 
558 97 0 
559 63 6 
560 160 0 
561 9 1 
562 169 0 
563 10 2 
564 179 0 
565 0 0 
566 179 0 
567 6 6 
568 12 3 
569 16 3 
570 0 4 
571 16 3 
572 5 5 
573 21 3 
574 16 5 
575 37 3 
576 28 8 
577 65 6 
578 45 1 
579 110 7 
580 12 2 
581 122 8 
582 0 0 
583 122 2 
584 16 6 
585 16 4 
586 20 4 
587 36 1 
588 56 4 
589 0 8 
590 56 7 
591 16 8 
592 72 7 
593 63 6 
594 135 7 
595 81 1 
596 216 7 
597 6 8 
598 222 7 
599 0 0 
600 222 6 
601 10 7 
602 16 3 
603 20 3 
604 48 4 
605 68 3 
606 4 8 
607 72 6 
608 48 5 
609 120 3 
610 0 8 
611 120 6 
612 63 1 
613 183 7 
614 18 8 
615 201 7 
616 0 0 
617 201 6 
618 12 8 
619 8 5 
620 12 5 
621 54 1 
622 66 2 
623 8 5 
624 74 2 
625 8 5 
626 82 2 
627 63 6 
628 145 8 
629 63 4 
630 208 5 
631 8 2 
632 216 5 
633 0 0 
634 216 2 
635 2 6 
636 6 3 
637 10 5 
638 12 4 
639 22 5 
640 7 8 
641 29 5 
642 0 3 
643 29 3 
644 7 8 
645 36 6 
646 54 1 
647 90 7 
648 16 8 
649 106 7 
650 0 0 
651 106 6 
652 2 6 
653 2 3 
654 6 5 
655 36 1 
656 42 2 
657 1 2 
658 43 2 
659 48 3 
660 91 5 
661 49 8 
662 140 5 
663 63 4 
664 203 5 
665 2 8 
666 205 5 
667 0 0 
668 205 2 
669 10 6 
670 8 3 
671 12 3 
672 36 1 
673 48 0 
674 7 2 
675 55 0 
676 8 3 
677 63 0 
678 49 6 
679 112 0 
680 27 4 
681 139 3 
682 4 2 
683 143 5 
684 0 0 
685 143 3 
686 18 6 
687 18 3 
688 22 3 
689 24 1 
690 46 0 
691 2 8 
692 48 6 
693 40 3 
694 88 6 
695 7 8 
696 95 6 
697 54 4 
698 149 3 
699 18 8 
700 167 5 
701 0 0 
702 167 2 
703 16 6 
704 24 3 
705 28 3 
706 14 1 
707 42 0 
708 45 2 
709 87 0 
710 63 3 
711 150 0 
712 18 6 
713 168 0 
714 2 1 
715 170 1 
716 40 2 
717 210 1 
718 27 0 
719 237 1 
720 21 6 
721 18 3 
722 22 5 
723 0 4 
724 22 5 
725 25 5 
726 47 5 
727 18 3 
728 65 3 
729 8 8 
730 73 6 
731 10 1 
732 83 7 
733 48 2 
734 131 8 
735 81 0 
736 212 2 
737 56 6 
738 24 2 
739 28 2 
740 42 7 
741 70 8 
742 0 8 
743 70 8 
744 18 8 
745 88 8 
746 18 6 
747 106 8 
748 18 1 
749 124 7 
750 24 8 
751 148 7 
752 0 0 
753 148 6 
754 35 7 
755 24 2 
756 28 2 
757 56 4 
758 84 1 
759 20 2 
760 104 1 
761 54 5 
762 158 2 
763 0 7 
764 158 8 
765 14 1 
766 172 7 
767 72 5 
768 244 4 
769 72 0 
770 316 3 
771 42 4 
772 12 5 
773 16 5 
774 63 1 
775 79 2 
776 40 5 
777 119 2 
778 9 5 
779 128 2 
780 18 6 
781 146 8 
782 14 7 
783 160 8 
784 32 2 
785 192 8 
786 72 0 
787 264 6 
788 7 6 
789 9 2 
790 13 2 
791 14 7 
792 27 8 
793 35 7 
794 62 8 
795 0 4 
796 62 7 
797 2 8 
798 64 7 
799 12 1 
800 76 7 
801 64 8 
802 140 7 
803 45 0 
804 185 6 
805 7 6 
806 3 3 
807 7 5 
808 42 1 
809 49 2 
810 5 2 
811 54 2 
812 54 5 
813 108 2 
814 14 6 
815 122 8 
816 14 7 
817 136 8 
818 8 8 
819 144 8 
820 0 0 
821 144 2 
822 35 8 
823 12 3 
824 16 5 
825 42 4 
826 58 5 
827 35 5 
828 93 5 
829 9 4 
830 102 5 
831 14 6 
832 116 3 
833 6 1 
834 122 4 
835 16 2 
836 138 5 
837 81 0 
838 219 2 
839 63 8 
840 27 3 
841 31 5 
842 28 7 
843 59 4 
844 10 5 
845 69 5 
846 45 3 
847 114 3 
848 2 8 
849 116 5 
850 12 1 
851 128 4 
852 72 2 
853 200 5 
854 54 0 
855 254 3 
856 56 8 
857 24 3 
858 28 5 
859 12 1 
860 40 2 
861 9 2 
862 49 2 
863 14 3 
864 63 5 
865 81 6 
866 144 8 
867 3 1 
868 147 2 
869 5 2 
870 152 5 
871 27 0 
872 179 5 
873 12 6 
874 18 3 
875 22 5 
876 0 4 
877 22 5 
878 5 5 
879 27 5 
880 4 3 
881 31 3 
882 36 7 
883 67 6 
884 15 1 
885 82 0 
886 6 2 
887 88 0 
888 81 0 
889 169 0 
890 32 6 
891 24 4 
892 28 7 
893 36 1 
894 64 7 
895 0 8 
896 64 7 
897 4 3 
898 68 6 
899 81 6 
900 149 6 
901 27 1 
902 176 7 
903 3 8 
904 179 7 
905 0 0 
906 179 6 
907 20 7 
908 24 5 
909 28 5 
910 48 4 
911 76 5 
912 4 2 
913 80 5 
914 12 5 
915 92 5 
916 0 7 
917 92 4 
918 21 1 
919 113 4 
920 9 5 
921 122 4 
922 72 0 
923 194 3 
924 24 7 
925 12 5 
926 16 5 
927 54 1 
928 70 4 
929 8 4 
930 78 4 
931 2 3 
932 80 4 
933 81 6 
934 161 3 
935 21 4 
936 182 3 
937 4 2 
938 186 5 
939 72 0 
940 258 2 
941 4 6 
942 9 3 
943 13 5 
944 12 7 
945 25 8 
946 7 7 
947 32 8 
948 0 4 
949 32 5 
950 9 7 
951 41 4 
952 18 1 
953 59 4 
954 8 8 
955 67 5 
956 45 0 
957 112 3 
958 4 6 
959 3 3 
960 7 5 
961 36 1 
962 43 2 
963 1 2 
964 44 2 
965 12 5 
966 56 2 
967 63 6 
968 119 8 
969 21 7 
970 140 8 
971 1 2 
972 141 8 
973 0 0 
974 141 6 
975 20 6 
976 12 5 
977 16 5 
978 36 1 
979 52 4 
980 7 5 
981 59 4 
982 2 5 
983 61 4 
984 63 6 
985 124 3 
986 9 1 
987 133 4 
988 2 2 
989 135 5 
990 81 0 
991 216 2 
992 36 7 
993 27 3 
994 31 4 
995 24 7 
996 55 7 
997 2 5 
998 57 8 
999 10 4 
1000 67 5 
1001 9 7 
1002 76 4 
1003 18 1 
1004 94 4 
1005 9 2 
1006 103 5 
1007 54 0 
1008 157 3 
1009 32 7 
1010 56 3 
1011 60 5 
1012 16 1 
1013 76 4 
1014 36 2 
1015 112 5 
1016 35 3 
1017 147 5 
1018 0 6 
1019 147 8 
1020 3 1 
1021 150 2 
1022 30 2 
1023 180 5 
1024 3 0 
1025 183 3 
1026 0 6 
1027 42 3 
1028 46 4 
1029 0 4 
1030 46 4 
1031 20 5 
1032 66 4 
1033 10 3 
1034 76 4 
1035 0 7 
1036 76 4 
1037 15 1 
1038 91 4 
1039 36 2 
1040 127 1 
1041 9 0 
1042 136 1 
1043 0 6 
1044 56 4 
1045 60 7 
1046 48 1 
1047 108 7 
1048 0 5 
1049 108 8 
1050 10 3 
1051 118 6 
1052 0 6 
1053 118 6 
1054 27 1 
1055 145 7 
1056 18 8 
1057 163 7 
1058 0 0 
1059 163 6 
1060 0 7 
1061 56 5 
1062 60 5 
1063 64 4 
1064 124 5 
1065 16 2 
1066 140 5 
1067 30 5 
1068 170 5 
1069 0 8 
1070 170 5 
1071 21 1 
1072 191 4 
1073 54 5 
1074 245 4 
1075 8 0 
1076 253 3 
1077 0 4 
1078 28 4 
1079 32 7 
1080 72 1 
1081 104 7 
1082 32 5 
1083 136 8 
1084 5 8 
1085 141 8 
1086 0 6 
1087 141 6 
1088 21 7 
1089 162 6 
1090 24 2 
1091 186 8 
1092 8 6 
1093 194 8 
1094 0 6 
1095 21 3 
1096 25 4 
1097 16 4 
1098 41 4 
1099 28 2 
1100 69 1 
1101 0 4 
1102 69 1 
1103 0 8 
1104 69 7 
1105 18 1 
1106 87 7 
1107 48 8 
1108 135 7 
1109 5 0 
1110 140 6 
1111 0 6 
1112 7 4 
1113 11 7 
1114 48 1 
1115 59 7 
1116 4 2 
1117 63 8 
1118 30 5 
1119 93 8 
1120 0 6 
1121 93 8 
1122 21 7 
1123 114 8 
1124 6 8 
1125 120 8 
1126 0 7 
1127 120 8 
1128 0 6 
1129 28 5 
1130 32 5 
1131 48 1 
1132 80 4 
1133 28 2 
1134 108 1 
1135 5 4 
1136 113 1 
1137 0 7 
1138 113 1 
1139 9 1 
1140 122 1 
1141 12 2 
1142 134 1 
1143 9 6 
1144 143 7 
1145 0 7 
1146 63 4 
1147 67 7 
1148 32 1 
1149 99 7 
1150 8 5 
1151 107 8 
1152 25 4 
1153 132 7 
1154 0 8 
1155 132 7 
1156 18 7 
1157 150 7 
1158 54 8 
1159 204 7 
1160 6 0 
1161 210 6 
1162 0 6 
1163 48 3 
1164 52 4 
1165 6 1 
1166 58 7 
1167 18 2 
1168 76 8 
1169 0 3 
1170 76 6 
1171 54 6 
1172 130 6 
1173 1 1 
1174 131 0 
1175 25 2 
1176 156 0 
1177 15 1 
1178 171 1 
1179 12 6 
1180 36 3 
1181 40 3 
1182 0 4 
1183 40 3 
1184 10 5 
1185 50 3 
1186 0 5 
1187 50 3 
1188 24 7 
1189 74 6 
1190 5 1 
1191 79 7 
1192 30 2 
1193 109 8 
1194 45 1 
1195 154 7 
1196 32 6 
1197 48 4 
1198 52 4 
1199 18 1 
1200 70 4 
1201 0 5 
1202 70 4 
1203 0 3 
1204 70 4 
1205 54 6 
1206 124 3 
1207 9 1 
1208 133 4 
1209 15 8 
1210 148 5 
1211 0 0 
1212 148 2 
1213 20 7 
1214 48 5 
1215 52 5 
1216 24 4 
1217 76 5 
1218 8 2 
1219 84 5 
1220 0 3 
1221 84 3 
1222 0 8 
1223 84 6 
1224 7 1 
1225 91 7 
1226 45 8 
1227 136 7 
1228 40 0 
1229 176 6 
1230 24 4 
1231 24 5 
1232 28 5 
1233 27 1 
1234 55 4 
1235 16 5 
1236 71 4 
1237 0 3 
1238 71 4 
1239 54 6 
1240 125 3 
1241 7 7 
1242 132 6 
1243 20 2 
1244 152 8 
1245 40 6 
1246 192 8 
1247 4 6 
1248 18 3 
1249 22 3 
1250 6 4 
1251 28 3 
1252 14 2 
1253 42 0 
1254 0 4 
1255 42 1 
1256 6 8 
1257 48 2 
1258 6 1 
1259 54 2 
1260 40 8 
1261 94 2 
1262 25 6 
1263 119 8 
1264 4 6 
1265 6 3 
1266 10 5 
1267 18 1 
1268 28 4 
1269 2 2 
1270 30 5 
1271 0 3 
1272 30 5 
1273 42 6 
1274 72 3 
1275 7 7 
1276 79 4 
1277 5 2 
1278 84 4 
1279 0 1 
1280 84 4 
1281 20 6 
1282 24 3 
1283 28 5 
1284 18 4 
1285 46 5 
1286 14 2 
1287 60 5 
1288 0 5 
1289 60 5 
1290 42 7 
1291 102 4 
1292 3 7 
1293 105 4 
1294 10 2 
1295 115 5 
1296 45 6 
1297 160 3 
1298 36 7 
1299 54 5 
1300 58 5 
1301 12 4 
1302 70 5 
1303 4 8 
1304 74 5 
1305 0 5 
1306 74 5 
1307 6 8 
1308 80 5 
1309 6 7 
1310 86 4 
1311 45 2 
1312 131 5 
1313 30 1 
1314 161 4 
1315 32 8 
1316 56 3 
1317 60 4 
1318 12 1 
1319 72 4 
1320 45 2 
1321 117 5 
1322 42 3 
1323 159 5 
1324 81 6 
1325 240 3 
1326 3 1 
1327 243 4 
1328 35 2 
1329 278 5 
1330 12 1 
1331 290 4 
1332 15 6 
1333 42 3 
1334 46 3 
1335 0 1 
1336 46 0 
1337 25 2 
1338 71 0 
1339 12 3 
1340 83 3 
1341 36 8 
1342 119 6 
1343 15 1 
1344 134 7 
1345 42 2 
1346 176 4 
1347 36 0 
1348 212 4 
1349 40 6 
1350 56 4 
1351 60 4 
1352 36 7 
1353 96 7 
1354 0 5 
1355 96 8 
1356 12 3 
1357 108 6 
1358 81 6 
1359 189 6 
1360 27 1 
1361 216 0 
1362 21 8 
1363 237 2 
1364 0 0 
1365 237 2 
1366 25 7 
1367 56 5 
1368 60 5 
1369 48 7 
1370 108 8 
1371 20 2 
1372 128 8 
1373 36 3 
1374 164 6 
1375 0 7 
1376 164 7 
1377 21 7 
1378 185 7 
1379 63 5 
1380 248 4 
1381 32 6 
1382 280 3 
1383 30 4 
1384 28 4 
1385 32 4 
1386 54 1 
1387 86 4 
1388 40 2 
1389 126 1 
1390 6 7 
1391 132 1 
1392 81 6 
1393 213 7 
1394 21 7 
1395 234 7 
1396 28 2 
1397 262 8 
1398 32 6 
1399 294 8 
1400 5 6 
1401 21 3 
1402 25 3 
1403 12 7 
1404 37 6 
1405 35 2 
1406 72 8 
1407 0 4 
1408 72 5 
1409 9 8 
1410 81 5 
1411 18 7 
1412 99 4 
1413 56 8 
1414 155 5 
1415 20 8 
1416 175 5 
1417 5 6 
1418 7 3 
1419 11 6 
1420 36 1 
1421 47 7 
1422 5 2 
1423 52 8 
1424 36 8 
1425 88 8 
1426 63 6 
1427 151 8 
1428 21 7 
1429 172 8 
1430 7 2 
1431 179 8 
1432 0 7 
1433 179 8 
1434 25 6 
1435 28 3 
1436 32 3 
1437 36 1 
1438 68 0 
1439 35 2 
1440 103 0 
1441 6 4 
1442 109 3 
1443 63 6 
1444 172 3 
1445 9 1 
1446 181 4 
1447 14 2 
1448 195 5 
1449 36 6 
1450 231 3 
1451 45 7 
1452 63 4 
1453 67 4 
1454 24 7 
1455 91 7 
1456 10 2 
1457 101 1 
1458 30 4 
1459 131 1 
1460 9 6 
1461 140 7 
1462 18 7 
1463 158 7 
1464 63 8 
1465 221 7 
1466 24 1 
1467 245 7 
1468 40 8 
1469 16 3 
1470 20 0 
1471 10 1 
1472 30 0 
1473 36 2 
1474 66 0 
1475 49 3 
1476 115 0 
1477 36 6 
1478 151 0 
1479 4 1 
1480 155 0 
1481 15 2 
1482 170 2 
1483 0 1 
1484 170 1 
1485 21 6 
1486 12 3 
1487 16 6 
1488 0 4 
1489 16 7 
1490 20 2 
1491 36 8 
1492 14 5 
1493 50 8 
1494 16 7 
1495 66 8 
1496 20 1 
1497 86 2 
1498 18 2 
1499 104 2 
1500 0 0 
1501 104 2 
1502 56 6 
1503 16 4 
1504 20 4 
1505 30 1 
1506 50 1 
1507 0 8 
1508 50 7 
1509 14 3 
1510 64 6 
1511 36 6 
1512 100 6 
1513 36 1 
1514 136 0 
1515 9 8 
1516 145 2 
1517 0 0 
1518 145 2 
1519 35 7 
1520 16 3 
1521 20 6 
1522 40 5 
1523 60 3 
1524 16 2 
1525 76 5 
1526 42 3 
1527 118 5 
1528 0 8 
1529 118 5 
1530 28 7 
1531 146 8 
1532 27 5 
1533 173 8 
1534 0 7 
1535 173 8 
1536 42 7 
1537 8 4 
1538 12 4 
1539 45 1 
1540 57 1 
1541 32 2 
1542 89 1 
1543 7 7 
1544 96 7 
1545 36 7 
1546 132 7 
1547 28 4 
1548 160 7 
1549 12 5 
1550 172 8 
1551 0 6 
1552 172 8 
1553 7 6 
1554 6 3 
1555 10 3 
1556 10 4 
1557 20 3 
1558 28 2 
1559 48 0 
1560 0 4 
1561 48 1 
1562 4 8 
1563 52 7 
1564 24 1 
1565 76 7 
1566 24 8 
1567 100 8 
1568 0 8 
1569 100 5 
1570 7 6 
1571 2 4 
1572 6 4 
1573 30 1 
1574 36 4 
1575 4 2 
1576 40 5 
1577 42 8 
1578 82 5 
1579 28 6 
1580 110 3 
1581 28 8 
1582 138 5 
1583 3 8 
1584 141 5 
1585 0 7 
1586 141 4 
1587 35 8 
1588 8 3 
1589 12 3 
1590 30 4 
1591 42 3 
1592 28 2 
1593 70 5 
1594 7 4 
1595 77 5 
1596 28 7 
1597 105 4 
1598 12 7 
1599 117 4 
1600 6 5 
1601 123 4 
1602 0 0 
1603 123 1 
1604 63 8 
1605 18 4 
1606 22 4 
1607 20 4 
1608 42 4 
1609 8 2 
1610 50 1 
1611 35 4 
1612 85 1 
1613 4 6 
1614 89 7 
1615 24 7 
1616 113 7 
1617 27 2 
1618 140 8 
1619 0 1 
1620 140 2 
1621 56 7 
