0 0 -1 
1 3 0 
2 6 0 
3 7 0 
4 5 0 
5 3 0 
6 5 0 
7 6 0 
8 2 0 
9 9 0 
10 1 0 
11 2 0 
12 7 0 
13 0 0 
14 9 0 
15 3 0 
16 6 0 
17 0 0 
18 6 0 
19 2 0 
20 6 0 
21 1 0 
22 8 0 
23 7 0 
24 9 0 
25 2 0 
26 0 0 
27 2 0 
28 3 0 
29 7 0 
30 5 0 
31 9 0 
32 2 0 
33 2 0 
34 8 0 
35 9 0 
36 7 0 
37 3 0 
38 6 0 
39 1 0 
40 2 0 
41 9 0 
42 3 0 
43 1 0 
44 9 0 
45 4 0 
46 7 0 
47 8 0 
48 4 0 
49 5 0 
50 0 0 
51 3 0 
52 6 0 
53 1 0 
54 0 0 
55 6 0 
56 3 0 
57 2 0 
58 0 0 
59 6 0 
60 1 0 
61 5 0 
62 5 0 
63 4 0 
64 7 0 
65 6 0 
66 5 0 
67 6 0 
68 9 0 
69 3 0 
70 7 0 
71 4 0 
72 5 0 
73 2 0 
74 5 0 
75 4 0 
76 7 0 
77 4 0 
78 4 0 
79 3 0 
80 0 0 
81 7 0 
82 8 0 
83 6 0 
84 8 0 
85 8 0 
86 4 0 
87 3 0 
88 1 0 
89 4 0 
90 9 0 
91 2 0 
92 0 0 
93 6 0 
94 8 0 
95 9 0 
96 2 0 
97 6 0 
98 6 0 
99 4 0 
100 9 0 
101 5 0 
102 0 0 
103 4 0 
104 8 0 
105 7 0 
106 1 0 
107 7 0 
108 2 0 
109 7 0 
110 2 0 
111 2 0 
112 6 0 
113 1 0 
114 0 0 
115 6 0 
116 1 0 
117 5 0 
118 9 0 
119 4 0 
120 9 0 
121 0 0 
122 9 0 
123 1 0 
124 7 0 
125 7 0 
126 1 0 
127 1 0 
128 5 0 
129 9 0 
130 7 0 
131 7 0 
132 6 0 
133 7 0 
134 3 0 
135 6 0 
136 5 0 
137 6 0 
138 3 0 
139 9 0 
140 4 0 
141 8 0 
142 1 0 
143 2 0 
144 9 0 
145 3 0 
146 9 0 
147 0 0 
148 8 0 
149 8 0 
150 5 0 
151 0 0 
152 9 0 
153 6 0 
154 3 0 
155 8 0 
156 5 0 
157 6 0 
158 1 0 
159 1 0 
160 5 0 
161 9 0 
162 8 0 
163 4 0 
164 8 0 
165 1 0 
166 0 0 
167 3 0 
168 0 0 
169 4 0 
170 4 0 
171 4 0 
172 4 0 
173 7 0 
174 6 0 
175 3 0 
176 1 0 
177 7 0 
178 5 0 
179 9 0 
180 6 0 
181 2 0 
182 1 0 
183 7 0 
184 8 0 
185 5 0 
186 7 0 
187 4 0 
188 1 0 
189 8 0 
190 5 0 
191 9 0 
192 7 0 
193 5 0 
194 3 0 
195 8 0 
196 8 0 
197 3 0 
198 1 0 
199 8 0 
200 9 0 
201 6 0 
202 181 35 
203 255 25 
204 208 23 
205 271 35 
206 256 29 
207 172 6 
208 195 25 
209 165 22 
210 310 16 
211 265 6 
212 199 4 
213 227 30 
214 212 25 
215 164 6 
216 249 14 
217 185 5 
218 213 29 
219 168 29 
220 277 28 
221 254 24 
222 195 24 
223 243 5 
224 195 19 
225 213 1 
226 256 2 
227 177 17 
228 184 12 
229 185 17 
230 336 11 
231 281 15 
232 254 24 
233 219 8 
234 233 7 
235 292 31 
236 268 32 
237 204 13 
238 232 17 
239 188 21 
240 336 15 
241 239 12 
242 250 7 
243 239 11 
244 254 4 
245 297 32 
246 261 12 
247 174 10 
248 253 19 
249 147 5 
250 318 21 
251 230 2 
252 120 9 
253 113 31 
254 110 2 
255 167 9 
256 152 22 
257 135 14 
258 109 24 
259 129 10 
260 175 2 
261 165 14 
262 297 34 
263 301 26 
264 269 14 
265 311 6 
266 303 11 
267 220 12 
268 256 7 
269 210 32 
270 398 7 
271 328 11 
272 161 16 
273 202 3 
274 179 9 
275 204 30 
276 207 31 
277 138 17 
278 185 2 
279 146 24 
280 232 1 
281 203 17 
282 297 2 
283 295 0 
284 236 16 
285 301 12 
286 347 24 
287 260 34 
288 232 29 
289 232 10 
290 406 34 
291 345 10 
292 311 4 
293 274 6 
294 245 17 
295 318 35 
296 269 5 
297 251 19 
298 189 16 
299 181 15 
300 402 12 
301 300 10 
302 15 0 
303 21 35 
304 12 1 
305 33 35 
306 0 5 
307 33 29 
308 35 6 
309 68 23 
310 24 30 
311 92 29 
312 0 0 
313 92 29 
314 54 0 
315 146 29 
316 8 0 
317 154 29 
318 18 0 
319 172 29 
320 9 0 
321 0 6 
322 6 6 
323 36 2 
324 42 8 
325 63 11 
326 105 8 
327 30 7 
328 135 14 
329 3 31 
330 138 20 
331 45 0 
332 183 26 
333 48 0 
334 231 26 
335 8 0 
336 239 32 
337 9 0 
338 248 31 
339 7 0 
340 12 7 
341 18 7 
342 6 3 
343 24 8 
344 7 17 
345 31 14 
346 35 8 
347 66 20 
348 6 35 
349 72 21 
350 30 1 
351 102 20 
352 24 0 
353 126 20 
354 14 30 
355 140 19 
356 63 0 
357 203 18 
358 5 0 
359 24 12 
360 30 12 
361 0 4 
362 30 17 
363 49 5 
364 79 17 
365 15 9 
366 94 17 
367 27 30 
368 121 23 
369 15 1 
370 136 23 
371 48 0 
372 184 29 
373 12 30 
374 196 35 
375 72 0 
376 268 29 
377 3 0 
378 21 6 
379 27 6 
380 36 10 
381 63 11 
382 49 11 
383 112 10 
384 30 12 
385 142 16 
386 9 31 
387 151 22 
388 40 2 
389 191 22 
390 6 5 
391 197 28 
392 6 30 
393 203 28 
394 45 6 
395 248 28 
396 8 0 
397 3 12 
398 9 12 
399 6 16 
400 15 12 
401 7 5 
402 22 12 
403 25 13 
404 47 13 
405 27 35 
406 74 19 
407 25 2 
408 99 19 
409 0 5 
410 99 18 
411 2 30 
412 101 30 
413 63 0 
414 164 30 
415 8 0 
416 21 7 
417 27 7 
418 30 2 
419 57 7 
420 7 11 
421 64 7 
422 30 14 
423 94 13 
424 0 30 
425 94 19 
426 30 1 
427 124 19 
428 18 5 
429 142 25 
430 14 30 
431 156 25 
432 36 0 
433 192 25 
434 3 0 
435 6 6 
436 12 11 
437 54 4 
438 66 10 
439 35 5 
440 101 16 
441 15 15 
442 116 15 
443 24 31 
444 140 21 
445 5 1 
446 145 21 
447 0 5 
448 145 22 
449 10 30 
450 155 22 
451 9 6 
452 164 22 
453 1 0 
454 21 7 
455 27 7 
456 24 1 
457 51 7 
458 63 17 
459 114 13 
460 45 18 
461 159 12 
462 24 35 
463 183 17 
464 5 2 
465 188 16 
466 24 5 
467 212 16 
468 18 30 
469 230 22 
470 72 6 
471 302 22 
472 8 0 
473 6 12 
474 12 12 
475 54 2 
476 66 13 
477 49 5 
478 115 13 
479 20 19 
480 135 19 
481 15 30 
482 150 25 
483 25 2 
484 175 26 
485 24 5 
486 199 25 
487 12 30 
488 211 31 
489 45 6 
490 256 0 
491 9 0 
492 10 14 
493 16 14 
494 14 1 
495 30 8 
496 0 5 
497 30 9 
498 63 29 
499 93 9 
500 24 24 
501 117 3 
502 0 25 
503 117 3 
504 0 17 
505 117 3 
506 24 35 
507 141 4 
508 4 0 
509 145 3 
510 54 0 
511 0 6 
512 6 12 
513 42 32 
514 48 18 
515 0 10 
516 48 23 
517 54 20 
518 102 18 
519 3 33 
520 105 23 
521 54 4 
522 159 29 
523 0 10 
524 159 24 
525 24 30 
526 183 24 
527 2 18 
528 185 24 
529 42 0 
530 8 13 
531 14 13 
532 7 15 
533 21 14 
534 0 29 
535 21 20 
536 63 32 
537 84 21 
538 6 35 
539 90 27 
540 36 1 
541 126 27 
542 0 17 
543 126 21 
544 42 30 
545 168 27 
546 14 12 
547 182 26 
548 30 0 
549 16 12 
550 22 12 
551 0 4 
552 22 17 
553 0 4 
554 22 16 
555 27 9 
556 49 16 
557 27 19 
558 76 22 
559 18 1 
560 94 23 
561 0 5 
562 94 17 
563 36 35 
564 130 11 
565 16 6 
566 146 10 
567 18 0 
568 14 18 
569 20 18 
570 42 10 
571 62 18 
572 0 11 
573 62 18 
574 54 23 
575 116 12 
576 9 25 
577 125 18 
578 48 2 
579 173 19 
580 0 5 
581 173 25 
582 18 35 
583 191 19 
584 10 6 
585 201 13 
586 48 0 
587 2 18 
588 8 18 
589 7 16 
590 15 12 
591 0 34 
592 15 23 
593 45 14 
594 60 18 
595 27 29 
596 87 24 
597 30 8 
598 117 18 
599 0 11 
600 117 23 
601 6 31 
602 123 18 
603 14 24 
604 137 29 
605 48 0 
606 14 13 
607 20 14 
608 35 26 
609 55 20 
610 0 10 
611 55 21 
612 54 20 
613 109 21 
614 0 20 
615 109 20 
616 36 1 
617 145 26 
618 0 4 
619 145 27 
620 42 35 
621 187 28 
622 8 24 
623 195 28 
624 18 0 
625 4 11 
626 10 11 
627 63 3 
628 73 11 
629 0 35 
630 73 11 
631 27 21 
632 100 17 
633 24 26 
634 124 23 
635 6 31 
636 130 29 
637 0 11 
638 130 29 
639 30 35 
640 160 29 
641 2 12 
642 162 29 
643 6 0 
644 14 14 
645 20 20 
646 28 10 
647 48 20 
648 0 17 
649 48 19 
650 81 22 
651 129 19 
652 24 34 
653 153 20 
654 6 32 
655 159 20 
656 0 10 
657 159 21 
658 54 30 
659 213 27 
660 16 6 
661 229 28 
662 48 0 
663 4 16 
664 10 16 
665 63 32 
666 73 22 
667 0 5 
668 73 22 
669 36 26 
670 109 21 
671 15 18 
672 124 22 
673 30 3 
674 154 28 
675 0 5 
676 154 28 
677 36 30 
678 190 28 
679 10 6 
680 200 29 
681 54 0 
682 5 14 
683 11 20 
684 16 1 
685 27 20 
686 0 5 
687 27 21 
688 63 34 
689 90 27 
690 16 24 
691 106 28 
692 0 31 
693 106 29 
694 18 16 
695 124 22 
696 12 18 
697 136 22 
698 14 18 
699 150 18 
700 45 0 
701 0 6 
702 6 6 
703 48 2 
704 54 8 
705 63 11 
706 117 9 
707 54 21 
708 171 3 
709 2 33 
710 173 9 
711 0 3 
712 173 3 
713 16 10 
714 189 4 
715 12 30 
716 201 34 
717 7 18 
718 208 28 
719 35 0 
720 4 13 
721 10 13 
722 8 31 
723 18 19 
724 7 17 
725 25 18 
726 63 33 
727 88 19 
728 4 35 
729 92 19 
730 0 1 
731 92 19 
732 8 5 
733 100 18 
734 21 24 
735 121 19 
736 49 12 
737 170 20 
738 25 0 
739 8 12 
740 14 18 
741 0 4 
742 14 23 
743 49 4 
744 63 22 
745 27 10 
746 90 21 
747 18 31 
748 108 20 
749 0 1 
750 108 14 
751 16 4 
752 124 8 
753 18 31 
754 142 1 
755 56 6 
756 198 7 
757 15 0 
758 7 18 
759 13 18 
760 48 21 
761 61 19 
762 49 10 
763 110 19 
764 54 28 
765 164 19 
766 6 25 
767 170 19 
768 0 2 
769 170 8 
770 2 10 
771 172 8 
772 9 35 
773 181 2 
774 35 7 
775 216 2 
776 40 30 
777 1 23 
778 7 29 
779 8 14 
780 15 23 
781 7 4 
782 22 23 
783 45 16 
784 67 16 
785 18 23 
786 85 16 
787 0 2 
788 85 15 
789 0 11 
790 85 16 
791 3 31 
792 88 17 
793 49 24 
794 137 23 
795 40 0 
796 7 7 
797 13 13 
798 40 27 
799 53 19 
800 7 10 
801 60 19 
802 54 3 
803 114 20 
804 0 30 
805 114 20 
806 0 1 
807 114 20 
808 6 4 
809 120 14 
810 21 35 
811 141 15 
812 28 25 
813 169 14 
814 15 6 
815 2 13 
816 8 13 
817 72 34 
818 80 19 
819 35 17 
820 115 19 
821 27 27 
822 142 26 
823 16 31 
824 158 27 
825 0 1 
826 158 26 
827 0 17 
828 158 17 
829 15 30 
830 173 23 
831 7 19 
832 180 13 
833 5 11 
834 7 8 
835 13 8 
836 32 16 
837 45 9 
838 63 17 
839 108 10 
840 81 24 
841 189 16 
842 16 35 
843 205 16 
844 0 2 
845 205 10 
846 8 9 
847 213 10 
848 27 30 
849 240 4 
850 56 11 
851 296 10 
852 40 12 
853 2 16 
854 8 16 
855 72 9 
856 80 10 
857 49 11 
858 129 10 
859 36 25 
860 165 4 
861 10 30 
862 175 4 
863 0 2 
864 175 10 
865 8 5 
866 183 16 
867 18 25 
868 201 17 
869 35 12 
870 236 16 
871 45 7 
872 45 21 
873 51 27 
874 4 29 
875 55 28 
876 0 5 
877 55 34 
878 56 6 
879 111 34 
880 72 24 
881 183 28 
882 0 4 
883 183 34 
884 27 28 
885 210 28 
886 24 24 
887 234 29 
888 2 31 
889 236 29 
890 18 32 
891 0 6 
892 6 6 
893 12 8 
894 18 7 
895 18 11 
896 36 13 
897 48 7 
898 84 13 
899 9 31 
900 93 13 
901 63 4 
902 156 5 
903 24 10 
904 180 11 
905 24 30 
906 204 11 
907 1 6 
908 205 10 
909 14 2 
910 36 7 
911 42 13 
912 2 14 
913 44 13 
914 2 15 
915 46 14 
916 56 8 
917 102 14 
918 18 19 
919 120 13 
920 42 1 
921 162 13 
922 12 5 
923 174 7 
924 42 24 
925 216 13 
926 7 30 
927 223 13 
928 10 5 
929 72 12 
930 78 17 
931 0 3 
932 78 16 
933 14 5 
934 92 16 
935 24 11 
936 116 16 
937 81 19 
938 197 15 
939 21 1 
940 218 9 
941 24 4 
942 242 9 
943 36 31 
944 278 32 
945 8 7 
946 286 31 
947 6 7 
948 63 18 
949 69 22 
950 12 22 
951 81 23 
952 14 11 
953 95 17 
954 48 12 
955 143 16 
956 27 25 
957 170 22 
958 56 2 
959 226 16 
960 3 16 
961 229 17 
962 18 29 
963 247 29 
964 5 7 
965 252 24 
966 16 31 
967 9 19 
968 15 19 
969 2 13 
970 17 19 
971 2 22 
972 19 21 
973 40 13 
974 59 20 
975 81 23 
976 140 21 
977 35 2 
978 175 27 
979 0 9 
980 175 21 
981 6 25 
982 181 27 
983 7 25 
984 188 25 
985 16 12 
986 63 20 
987 69 20 
988 10 28 
989 79 26 
990 2 9 
991 81 20 
992 48 15 
993 129 20 
994 0 30 
995 129 19 
996 42 7 
997 171 13 
998 9 34 
999 180 12 
1000 42 29 
1001 222 17 
1002 4 30 
1003 226 12 
1004 6 11 
1005 18 23 
1006 24 23 
1007 18 27 
1008 42 22 
1009 10 27 
1010 52 28 
1011 24 17 
1012 76 22 
1013 72 26 
1014 148 21 
1015 7 32 
1016 155 26 
1017 0 23 
1018 155 18 
1019 30 29 
1020 185 29 
1021 1 26 
1022 186 27 
1023 2 10 
1024 63 15 
1025 69 15 
1026 8 9 
1027 77 15 
1028 18 33 
1029 95 21 
1030 72 18 
1031 167 21 
1032 72 28 
1033 239 22 
1034 7 8 
1035 246 21 
1036 12 9 
1037 258 21 
1038 54 24 
1039 312 20 
1040 8 11 
1041 320 15 
1042 16 12 
1043 18 20 
1044 24 20 
1045 18 9 
1046 42 21 
1047 14 34 
1048 56 27 
1049 32 19 
1050 88 25 
1051 45 18 
1052 133 19 
1053 35 3 
1054 168 25 
1055 12 11 
1056 180 6 
1057 36 25 
1058 216 12 
1059 5 18 
1060 221 17 
1061 18 13 
1062 45 21 
1063 51 21 
1064 6 32 
1065 57 21 
1066 0 35 
1067 57 22 
1068 63 28 
1069 120 22 
1070 32 8 
1071 152 16 
1072 0 4 
1073 152 16 
1074 72 16 
1075 224 16 
1076 16 12 
1077 240 17 
1078 10 1 
1079 250 13 
1080 0 2 
1081 0 31 
1082 6 31 
1083 18 32 
1084 24 31 
1085 9 16 
1086 33 32 
1087 54 19 
1088 87 32 
1089 4 9 
1090 91 32 
1091 63 34 
1092 154 33 
1093 64 10 
1094 218 4 
1095 16 12 
1096 234 17 
1097 5 1 
1098 239 11 
1099 0 1 
1100 36 8 
1101 42 9 
1102 3 14 
1103 45 15 
1104 1 29 
1105 46 15 
1106 63 34 
1107 109 15 
1108 8 13 
1109 117 15 
1110 42 1 
1111 159 9 
1112 32 5 
1113 191 10 
1114 28 30 
1115 219 4 
1116 35 31 
1117 254 5 
1118 0 5 
1119 72 26 
1120 78 26 
1121 0 4 
1122 78 27 
1123 7 4 
1124 85 28 
1125 27 9 
1126 112 28 
1127 36 14 
1128 148 28 
1129 21 4 
1130 169 34 
1131 64 4 
1132 233 34 
1133 24 30 
1134 257 34 
1135 40 31 
1136 297 33 
1137 0 7 
1138 63 19 
1139 69 25 
1140 18 10 
1141 87 29 
1142 7 10 
1143 94 23 
1144 54 23 
1145 148 21 
1146 12 32 
1147 160 20 
1148 56 2 
1149 216 26 
1150 8 10 
1151 224 20 
1152 12 7 
1153 236 13 
1154 25 1 
1155 261 6 
1156 0 24 
1157 9 25 
1158 15 25 
1159 3 16 
1160 18 26 
1161 1 28 
1162 19 20 
1163 45 22 
1164 64 14 
1165 36 23 
1166 100 15 
1167 35 8 
1168 135 14 
1169 0 5 
1170 135 6 
1171 4 32 
1172 139 5 
1173 35 25 
1174 174 4 
1175 0 24 
1176 63 26 
1177 69 26 
1178 15 34 
1179 84 26 
1180 1 16 
1181 85 27 
1182 54 33 
1183 139 27 
1184 0 20 
1185 139 26 
1186 42 7 
1187 181 20 
1188 24 4 
1189 205 26 
1190 28 12 
1191 233 20 
1192 20 24 
1193 253 25 
1194 0 11 
1195 18 25 
1196 24 25 
1197 27 33 
1198 51 25 
1199 5 28 
1200 56 25 
1201 27 27 
1202 83 25 
1203 32 25 
1204 115 31 
1205 7 31 
1206 122 32 
1207 0 17 
1208 122 11 
1209 20 31 
1210 142 5 
1211 5 25 
1212 147 0 
1213 0 5 
1214 63 32 
1215 69 32 
1216 12 4 
1217 81 32 
1218 9 17 
1219 90 26 
1220 81 22 
1221 171 27 
1222 32 19 
1223 203 27 
1224 7 32 
1225 210 27 
1226 32 15 
1227 242 27 
1228 36 26 
1229 278 27 
1230 40 6 
1231 318 27 
1232 0 11 
1233 18 16 
1234 24 16 
1235 27 10 
1236 51 22 
1237 7 28 
1238 58 28 
1239 36 18 
1240 94 22 
1241 20 18 
1242 114 23 
1243 35 3 
1244 149 23 
1245 32 3 
1246 181 33 
1247 24 13 
1248 205 3 
1249 25 6 
1250 230 33 
1251 0 1 
1252 15 14 
1253 21 15 
1254 12 1 
1255 33 14 
1256 0 5 
1257 33 14 
1258 0 29 
1259 33 15 
1260 48 24 
1261 81 15 
1262 0 4 
1263 81 15 
1264 18 22 
1265 99 15 
1266 0 18 
1267 99 21 
1268 12 6 
1269 111 15 
1270 9 31 
1271 0 31 
1272 6 31 
1273 36 2 
1274 42 32 
1275 9 20 
1276 51 26 
1277 0 26 
1278 51 20 
1279 6 27 
1280 57 26 
1281 27 3 
1282 84 32 
1283 16 10 
1284 100 33 
1285 0 30 
1286 100 32 
1287 6 1 
1288 106 32 
1289 7 32 
1290 12 6 
1291 18 13 
1292 6 15 
1293 24 14 
1294 1 21 
1295 25 15 
1296 0 32 
1297 25 9 
1298 12 35 
1299 37 3 
1300 18 1 
1301 55 2 
1302 8 5 
1303 63 3 
1304 0 18 
1305 63 4 
1306 42 17 
1307 105 3 
1308 5 30 
1309 24 12 
1310 30 12 
1311 0 3 
1312 30 13 
1313 7 4 
1314 37 14 
1315 0 24 
1316 37 13 
1317 54 30 
1318 91 13 
1319 9 7 
1320 100 13 
1321 16 4 
1322 116 7 
1323 0 32 
1324 116 8 
1325 48 7 
1326 164 9 
1327 3 31 
1328 21 19 
1329 27 18 
1330 36 11 
1331 63 23 
1332 7 10 
1333 70 22 
1334 0 21 
1335 70 21 
1336 18 26 
1337 88 27 
1338 24 2 
1339 112 33 
1340 2 15 
1341 114 21 
1342 0 32 
1343 114 27 
1344 30 11 
1345 144 21 
1346 8 30 
1347 3 18 
1348 9 24 
1349 6 17 
1350 15 18 
1351 1 28 
1352 16 22 
1353 0 14 
1354 16 22 
1355 54 29 
1356 70 22 
1357 15 8 
1358 85 21 
1359 0 16 
1360 85 15 
1361 0 32 
1362 85 9 
1363 42 7 
1364 127 8 
1365 8 24 
1366 21 13 
1367 27 13 
1368 30 2 
1369 57 13 
1370 1 9 
1371 58 14 
1372 0 20 
1373 58 14 
1374 0 21 
1375 58 20 
1376 18 7 
1377 76 14 
1378 6 33 
1379 82 15 
1380 0 18 
1381 82 19 
1382 24 11 
1383 106 18 
1384 3 32 
1385 6 6 
1386 12 11 
1387 54 21 
1388 66 10 
1389 5 22 
1390 71 10 
1391 0 25 
1392 71 16 
1393 48 20 
1394 119 22 
1395 3 32 
1396 122 21 
1397 0 23 
1398 122 23 
1399 0 32 
1400 122 22 
1401 6 10 
1402 128 16 
1403 1 30 
1404 21 7 
1405 27 7 
1406 24 1 
1407 51 7 
1408 9 27 
1409 60 8 
1410 0 24 
1411 60 14 
1412 48 22 
1413 108 14 
1414 3 8 
1415 111 14 
1416 8 21 
1417 119 20 
1418 0 32 
1419 119 26 
1420 48 11 
1421 167 8 
1422 8 24 
1423 6 7 
1424 12 7 
1425 54 16 
1426 66 13 
1427 7 28 
1428 73 14 
1429 0 25 
1430 73 13 
1431 30 31 
1432 103 13 
1433 15 3 
1434 118 14 
1435 8 3 
1436 126 15 
1437 0 12 
1438 126 13 
1439 30 7 
1440 156 8 
1441 9 2 
1442 25 28 
1443 31 28 
1444 10 1 
1445 41 27 
1446 0 5 
1447 41 33 
1448 49 6 
1449 90 33 
1450 48 24 
1451 138 33 
1452 0 1 
1453 138 33 
1454 54 34 
1455 192 33 
1456 36 24 
1457 228 27 
1458 6 6 
1459 234 28 
1460 63 31 
1461 0 35 
1462 6 35 
1463 30 8 
1464 36 8 
1465 36 11 
1466 72 8 
1467 42 7 
1468 114 8 
1469 6 31 
1470 120 8 
1471 45 3 
1472 165 8 
1473 48 5 
1474 213 0 
1475 36 24 
1476 249 30 
1477 3 31 
1478 252 32 
1479 49 32 
1480 20 8 
1481 26 9 
1482 5 14 
1483 31 8 
1484 4 23 
1485 35 14 
1486 49 8 
1487 84 20 
1488 12 29 
1489 96 21 
1490 30 1 
1491 126 26 
1492 24 5 
1493 150 15 
1494 63 24 
1495 213 8 
1496 21 12 
1497 234 11 
1498 35 5 
1499 40 24 
1500 46 24 
1501 0 3 
1502 46 25 
1503 28 27 
1504 74 25 
1505 21 17 
1506 95 24 
1507 54 24 
1508 149 24 
1509 15 1 
1510 164 31 
1511 48 5 
1512 212 1 
1513 54 24 
1514 266 0 
1515 24 7 
1516 290 0 
1517 21 6 
1518 35 24 
1519 41 24 
1520 30 22 
1521 71 18 
1522 28 17 
1523 99 12 
1524 42 12 
1525 141 12 
1526 18 32 
1527 159 13 
1528 40 2 
1529 199 8 
1530 6 5 
1531 205 9 
1532 27 31 
1533 232 9 
1534 15 11 
1535 247 10 
1536 56 31 
1537 5 23 
1538 11 23 
1539 5 13 
1540 16 18 
1541 4 22 
1542 20 23 
1543 35 13 
1544 55 17 
1545 54 29 
1546 109 23 
1547 25 2 
1548 134 17 
1549 0 34 
1550 134 23 
1551 9 25 
1552 143 19 
1553 21 6 
1554 164 13 
1555 56 6 
1556 35 24 
1557 41 29 
1558 25 33 
1559 66 28 
1560 4 27 
1561 70 28 
1562 42 15 
1563 112 27 
1564 0 30 
1565 112 27 
1566 30 7 
1567 142 21 
1568 18 34 
1569 160 33 
1570 63 24 
1571 223 27 
1572 12 6 
1573 235 15 
1574 21 1 
1575 10 29 
1576 16 29 
1577 45 15 
1578 61 22 
1579 20 27 
1580 81 28 
1581 21 3 
1582 102 27 
1583 48 31 
1584 150 26 
1585 5 32 
1586 155 26 
1587 0 34 
1588 155 28 
1589 45 25 
1590 200 26 
1591 3 12 
1592 203 20 
1593 7 31 
1594 35 9 
1595 41 9 
1596 20 9 
1597 61 3 
1598 36 33 
1599 97 3 
1600 63 23 
1601 160 33 
1602 48 35 
1603 208 32 
1604 5 14 
1605 213 26 
1606 24 33 
1607 237 33 
1608 81 24 
1609 318 33 
1610 24 6 
1611 342 5 
1612 56 6 
1613 10 17 
1614 16 17 
1615 45 32 
1616 61 23 
1617 28 33 
1618 89 23 
1619 28 27 
1620 117 29 
1621 30 30 
1622 147 24 
1623 25 8 
1624 172 18 
1625 24 33 
1626 196 19 
1627 54 25 
1628 250 20 
1629 15 12 
1630 265 18 
1631 63 2 
1632 20 22 
1633 26 22 
1634 10 2 
1635 36 28 
1636 0 35 
1637 36 34 
1638 35 29 
1639 71 34 
1640 32 25 
1641 103 34 
1642 0 31 
1643 103 33 
1644 36 16 
1645 139 15 
1646 16 24 
1647 155 21 
1648 6 1 
1649 161 15 
1650 0 2 
1651 0 31 
1652 6 31 
1653 30 26 
1654 36 25 
1655 18 4 
1656 54 26 
1657 30 26 
1658 84 28 
1659 4 15 
1660 88 28 
1661 63 3 
1662 151 28 
1663 32 10 
1664 183 34 
1665 16 30 
1666 199 34 
1667 3 1 
1668 202 33 
1669 0 1 
1670 16 8 
1671 22 8 
1672 5 20 
1673 27 14 
1674 2 35 
1675 29 20 
1676 35 34 
1677 64 21 
1678 8 19 
1679 72 20 
1680 42 2 
1681 114 14 
1682 16 4 
1683 130 8 
1684 28 24 
1685 158 7 
1686 21 14 
1687 179 8 
1688 0 5 
1689 32 26 
1690 38 27 
1691 0 28 
1692 38 27 
1693 14 4 
1694 52 33 
1695 15 23 
1696 67 27 
1697 36 26 
1698 103 27 
1699 21 1 
1700 124 26 
1701 32 4 
1702 156 3 
1703 24 31 
1704 180 2 
1705 24 1 
1706 204 31 
1707 0 0 
1708 28 19 
1709 34 19 
1710 30 21 
1711 64 20 
1712 14 17 
1713 78 14 
1714 30 28 
1715 108 20 
1716 12 25 
1717 120 14 
1718 56 2 
1719 176 8 
1720 4 15 
1721 180 14 
1722 12 31 
1723 192 8 
1724 15 1 
1725 207 2 
1726 0 30 
1727 4 25 
1728 10 25 
1729 5 22 
1730 15 26 
1731 2 34 
1732 17 33 
1733 25 20 
1734 42 33 
1735 36 23 
1736 78 33 
1737 35 8 
1738 113 9 
1739 0 11 
1740 113 10 
1741 4 25 
1742 117 17 
1743 21 8 
1744 138 17 
1745 0 30 
1746 28 20 
1747 34 20 
1748 25 27 
1749 59 21 
1750 2 17 
1751 61 15 
1752 30 33 
1753 91 21 
1754 0 21 
1755 91 15 
1756 42 33 
1757 133 3 
1758 12 33 
1759 145 33 
1760 28 30 
1761 173 34 
1762 12 9 
1763 185 33 
1764 0 1 
1765 8 6 
1766 14 6 
1767 45 21 
1768 59 15 
1769 10 28 
1770 69 16 
1771 15 29 
1772 84 16 
1773 32 26 
1774 116 16 
1775 7 32 
1776 123 22 
1777 0 4 
1778 123 28 
1779 20 30 
1780 143 35 
1781 3 26 
1782 146 29 
1783 0 25 
1784 28 15 
1785 34 15 
1786 20 16 
1787 54 15 
1788 18 3 
1789 72 9 
1790 45 22 
1791 117 10 
1792 32 19 
1793 149 9 
1794 7 14 
1795 156 9 
1796 16 8 
1797 172 8 
1798 36 30 
1799 208 7 
1800 24 6 
1801 232 0 
1802 0 25 
1803 8 32 
1804 14 26 
1805 45 15 
1806 59 27 
1807 14 28 
1808 73 28 
1809 20 18 
1810 93 28 
1811 20 24 
1812 113 29 
1813 35 9 
1814 148 23 
1815 16 3 
1816 164 17 
1817 24 26 
1818 188 16 
1819 15 7 
1820 203 17 
1821 0 3 
1822 35 33 
1823 41 33 
1824 16 1 
1825 57 32 
1826 0 5 
1827 57 33 
1828 56 6 
1829 113 33 
1830 64 2 
1831 177 33 
1832 0 1 
1833 177 32 
1834 27 12 
1835 204 26 
1836 4 35 
1837 208 25 
1838 8 31 
1839 216 26 
1840 81 0 
1841 0 5 
1842 6 5 
1843 48 7 
1844 54 11 
1845 54 11 
1846 108 11 
1847 48 7 
1848 156 11 
1849 8 8 
1850 164 9 
1851 36 2 
1852 200 9 
1853 24 5 
1854 224 3 
1855 4 12 
1856 228 2 
1857 4 18 
1858 232 1 
1859 63 0 
1860 28 34 
1861 34 34 
1862 8 3 
1863 42 4 
1864 6 32 
1865 48 34 
1866 56 8 
1867 104 33 
1868 16 19 
1869 120 33 
1870 24 2 
1871 144 3 
1872 12 5 
1873 156 4 
1874 7 23 
1875 163 22 
1876 28 30 
1877 191 22 
1878 45 4 
1879 56 28 
1880 62 34 
1881 0 4 
1882 62 34 
1883 42 5 
1884 104 35 
1885 24 24 
1886 128 29 
1887 72 26 
1888 200 24 
1889 12 13 
1890 212 19 
1891 24 35 
1892 236 29 
1893 6 24 
1894 242 23 
1895 32 13 
1896 274 18 
1897 27 0 
1898 49 5 
1899 55 4 
1900 48 15 
1901 103 3 
1902 42 11 
1903 145 9 
1904 48 12 
1905 193 15 
1906 24 32 
1907 217 15 
1908 32 2 
1909 249 14 
1910 3 6 
1911 252 13 
1912 3 35 
1913 255 19 
1914 20 30 
1915 275 30 
1916 72 0 
1917 7 11 
1918 13 11 
1919 8 1 
1920 21 11 
1921 6 34 
1922 27 10 
1923 40 13 
1924 67 10 
1925 72 35 
1926 139 10 
1927 20 2 
1928 159 3 
1929 0 11 
1930 159 4 
1931 1 35 
1932 160 35 
1933 28 30 
1934 188 35 
1935 72 34 
1936 49 9 
1937 55 9 
1938 40 2 
1939 95 3 
1940 6 27 
1941 101 33 
1942 48 19 
1943 149 27 
1944 0 30 
1945 149 26 
1946 24 2 
1947 173 26 
1948 9 13 
1949 182 20 
1950 7 18 
1951 189 19 
1952 16 35 
1953 205 25 
1954 27 29 
1955 14 11 
1956 20 5 
1957 72 34 
1958 92 4 
1959 30 3 
1960 122 4 
1961 24 25 
1962 146 3 
1963 64 25 
1964 210 3 
1965 4 19 
1966 214 20 
1967 0 18 
1968 214 14 
1969 5 35 
1970 219 13 
1971 4 19 
1972 223 20 
1973 9 4 
1974 49 10 
1975 55 10 
1976 32 3 
1977 87 9 
1978 54 3 
1979 141 9 
1980 72 17 
1981 213 15 
1982 64 3 
1983 277 9 
1984 4 2 
1985 281 9 
1986 12 4 
1987 293 3 
1988 9 35 
1989 302 34 
1990 32 7 
1991 334 33 
1992 72 28 
1993 14 21 
1994 20 21 
1995 72 33 
1996 92 27 
1997 42 33 
1998 134 33 
1999 32 28 
2000 166 34 
2001 40 31 
2002 206 33 
2003 20 2 
2004 226 3 
2005 12 10 
2006 238 9 
2007 6 35 
2008 244 10 
2009 20 18 
2010 264 16 
2011 81 4 
2012 10 14 
2013 16 14 
2014 0 1 
2015 16 14 
2016 0 4 
2017 16 15 
2018 56 6 
2019 72 15 
2020 72 2 
2021 144 15 
2022 0 1 
2023 144 9 
2024 54 12 
2025 198 9 
2026 24 35 
2027 222 33 
2028 8 6 
2029 230 34 
2030 81 3 
2031 0 31 
2032 6 24 
2033 0 8 
2034 6 18 
2035 54 4 
2036 60 12 
2037 48 7 
2038 108 17 
2039 9 31 
2040 117 23 
2041 18 2 
2042 135 22 
2043 48 5 
2044 183 23 
2045 24 5 
2046 207 29 
2047 4 6 
2048 211 12 
2049 63 0 
2050 8 8 
2051 14 8 
2052 0 3 
2053 14 9 
2054 6 29 
2055 20 15 
2056 56 8 
2057 76 9 
2058 18 29 
2059 94 10 
2060 12 1 
2061 106 2 
2062 24 6 
2063 130 0 
2064 42 4 
2065 172 6 
2066 28 12 
2067 200 17 
2068 45 30 
2069 16 18 
2070 22 24 
2071 0 2 
2072 22 25 
2073 42 27 
2074 64 27 
2075 24 23 
2076 88 22 
2077 81 26 
2078 169 27 
2079 6 7 
2080 175 33 
2081 48 28 
2082 223 27 
2083 36 35 
2084 259 28 
2085 32 4 
2086 291 34 
2087 27 6 
2088 14 19 
2089 20 19 
2090 0 8 
2091 20 20 
2092 42 10 
2093 62 16 
2094 48 12 
2095 110 22 
2096 27 32 
2097 137 28 
2098 16 2 
2099 153 32 
2100 6 16 
2101 159 3 
2102 18 35 
2103 177 4 
2104 20 11 
2105 197 3 
2106 72 31 
2107 2 23 
2108 8 23 
2109 0 14 
2110 8 23 
2111 6 34 
2112 14 22 
2113 40 13 
2114 54 23 
2115 81 35 
2116 135 23 
2117 10 2 
2118 145 8 
2119 0 11 
2120 145 7 
2121 6 35 
2122 151 13 
2123 28 10 
2124 179 7 
2125 72 12 
2126 14 10 
2127 20 10 
2128 0 2 
2129 20 3 
2130 6 33 
2131 26 9 
2132 48 6 
2133 74 8 
2134 0 30 
2135 74 8 
2136 12 7 
2137 86 7 
2138 18 1 
2139 104 7 
2140 42 28 
2141 146 16 
2142 16 10 
2143 162 9 
2144 27 11 
2145 4 17 
2146 10 17 
2147 0 33 
2148 10 23 
2149 30 3 
2150 40 29 
2151 24 7 
2152 64 29 
2153 72 25 
2154 136 29 
2155 2 19 
2156 138 18 
2157 0 18 
2158 138 23 
2159 30 29 
2160 168 23 
2161 4 12 
2162 172 17 
2163 9 9 
2164 14 32 
2165 20 26 
2166 0 9 
2167 20 32 
2168 54 33 
2169 74 32 
2170 72 18 
2171 146 26 
2172 72 3 
2173 218 27 
2174 2 20 
2175 220 21 
2176 24 22 
2177 244 22 
2178 54 22 
2179 298 16 
2180 32 11 
2181 330 17 
2182 72 7 
2183 4 16 
2184 10 16 
2185 0 32 
2186 10 15 
2187 42 35 
2188 52 21 
2189 32 12 
2190 84 21 
2191 45 24 
2192 129 21 
2193 10 3 
2194 139 15 
2195 24 2 
2196 163 9 
2197 36 35 
2198 199 3 
2199 20 4 
2200 219 5 
2201 81 14 
