0 0 -1 
1 3 0 
2 6 0 
3 7 0 
4 5 0 
5 3 0 
6 5 0 
7 6 0 
8 2 0 
9 9 0 
10 1 0 
11 2 0 
12 7 0 
13 0 0 
14 9 0 
15 3 0 
16 6 0 
17 0 0 
18 6 0 
19 2 0 
20 6 0 
21 1 0 
22 8 0 
23 7 0 
24 9 0 
25 2 0 
26 0 0 
27 2 0 
28 3 0 
29 7 0 
30 5 0 
31 9 0 
32 2 0 
33 2 0 
34 8 0 
35 9 0 
36 7 0 
37 3 0 
38 6 0 
39 1 0 
40 2 0 
41 9 0 
42 3 0 
43 1 0 
44 9 0 
45 4 0 
46 7 0 
47 8 0 
48 4 0 
49 5 0 
50 0 0 
51 3 0 
52 6 0 
53 1 0 
54 0 0 
55 6 0 
56 3 0 
57 2 0 
58 0 0 
59 6 0 
60 1 0 
61 5 0 
62 5 0 
63 4 0 
64 7 0 
65 6 0 
66 5 0 
67 6 0 
68 9 0 
69 3 0 
70 7 0 
71 4 0 
72 5 0 
73 2 0 
74 5 0 
75 4 0 
76 7 0 
77 4 0 
78 4 0 
79 3 0 
80 0 0 
81 7 0 
82 8 0 
83 6 0 
84 8 0 
85 8 0 
86 4 0 
87 3 0 
88 1 0 
89 4 0 
90 9 0 
91 2 0 
92 0 0 
93 6 0 
94 8 0 
95 9 0 
96 2 0 
97 6 0 
98 6 0 
99 4 0 
100 9 0 
101 5 0 
102 0 0 
103 4 0 
104 8 0 
105 7 0 
106 1 0 
107 7 0 
108 2 0 
109 7 0 
110 2 0 
111 2 0 
112 6 0 
113 1 0 
114 0 0 
115 6 0 
116 1 0 
117 5 0 
118 9 0 
119 4 0 
120 9 0 
121 0 0 
122 9 0 
123 1 0 
124 7 0 
125 7 0 
126 1 0 
127 1 0 
128 5 0 
129 9 0 
130 7 0 
131 7 0 
132 6 0 
133 7 0 
134 3 0 
135 6 0 
136 5 0 
137 6 0 
138 3 0 
139 9 0 
140 4 0 
141 8 0 
142 1 0 
143 2 0 
144 9 0 
145 3 0 
146 9 0 
147 0 0 
148 8 0 
149 8 0 
150 5 0 
151 0 0 
152 9 0 
153 6 0 
154 3 0 
155 8 0 
156 5 0 
157 6 0 
158 1 0 
159 1 0 
160 5 0 
161 9 0 
162 8 0 
163 4 0 
164 233 35 
165 230 30 
166 209 5 
167 293 30 
168 242 35 
169 174 14 
170 187 30 
171 253 11 
172 265 11 
173 211 17 
174 180 21 
175 180 23 
176 167 6 
177 214 4 
178 141 10 
179 144 27 
180 207 34 
181 164 33 
182 185 6 
183 138 1 
184 232 4 
185 213 30 
186 218 8 
187 108 33 
188 215 6 
189 161 1 
190 183 9 
191 258 5 
192 268 31 
193 183 6 
194 358 30 
195 271 4 
196 192 8 
197 179 24 
198 282 8 
199 310 5 
200 191 22 
201 201 2 
202 199 22 
203 218 29 
204 262 26 
205 116 2 
206 161 4 
207 252 25 
208 189 32 
209 183 6 
210 136 16 
211 163 30 
212 253 31 
213 194 30 
214 140 11 
215 120 12 
216 143 9 
217 210 34 
218 183 9 
219 186 31 
220 168 23 
221 200 34 
222 196 2 
223 123 13 
224 104 14 
225 196 29 
226 193 25 
227 305 10 
228 252 7 
229 262 31 
230 310 26 
231 299 11 
232 180 3 
233 204 25 
234 276 20 
235 285 24 
236 191 2 
237 160 0 
238 180 7 
239 215 5 
240 179 0 
241 107 20 
242 176 15 
243 186 13 
244 196 5 
245 24 0 
246 28 5 
247 12 1 
248 40 4 
249 63 5 
250 103 10 
251 35 6 
252 138 11 
253 27 30 
254 165 5 
255 5 0 
256 170 4 
257 30 0 
258 200 34 
259 6 0 
260 206 34 
261 27 0 
262 18 0 
263 22 5 
264 0 2 
265 22 4 
266 35 11 
267 57 4 
268 10 7 
269 67 3 
270 12 31 
271 79 3 
272 25 0 
273 104 2 
274 36 0 
275 140 32 
276 18 0 
277 158 31 
278 72 0 
279 24 6 
280 28 6 
281 36 3 
282 64 9 
283 0 17 
284 64 10 
285 10 8 
286 74 9 
287 27 35 
288 101 5 
289 45 1 
290 146 4 
291 18 0 
292 164 3 
293 0 30 
294 164 2 
295 45 0 
296 24 6 
297 28 6 
298 48 4 
299 76 11 
300 28 5 
301 104 11 
302 30 9 
303 134 10 
304 0 30 
305 134 10 
306 35 2 
307 169 2 
308 54 0 
309 223 1 
310 16 30 
311 239 31 
312 54 0 
313 12 7 
314 16 7 
315 54 10 
316 70 8 
317 56 11 
318 126 7 
319 5 12 
320 131 13 
321 27 31 
322 158 25 
323 35 3 
324 193 25 
325 24 1 
326 217 31 
327 16 30 
328 233 31 
329 9 5 
330 9 11 
331 13 11 
332 12 16 
333 25 10 
334 49 17 
335 74 16 
336 0 13 
337 74 15 
338 3 35 
339 77 15 
340 30 4 
341 107 16 
342 48 2 
343 155 15 
344 10 31 
345 165 14 
346 9 0 
347 3 12 
348 7 12 
349 36 2 
350 43 13 
351 7 11 
352 50 13 
353 30 14 
354 80 12 
355 21 30 
356 101 12 
357 35 2 
358 136 6 
359 6 1 
360 142 1 
361 0 24 
362 142 31 
363 45 0 
364 12 13 
365 16 13 
366 36 4 
367 52 7 
368 49 17 
369 101 7 
370 5 15 
371 106 13 
372 21 35 
373 127 12 
374 15 1 
375 142 17 
376 12 2 
377 154 11 
378 18 25 
379 172 11 
380 81 0 
381 27 14 
382 31 14 
383 24 3 
384 55 8 
385 14 5 
386 69 9 
387 25 18 
388 94 8 
389 3 31 
390 97 7 
391 30 25 
392 127 13 
393 54 1 
394 181 13 
395 12 31 
396 193 7 
397 72 5 
398 8 6 
399 12 12 
400 4 1 
401 16 12 
402 63 5 
403 79 17 
404 0 29 
405 79 17 
406 81 30 
407 160 17 
408 3 10 
409 163 17 
410 30 0 
411 193 12 
412 0 31 
413 193 12 
414 18 6 
415 6 16 
416 10 16 
417 0 32 
418 10 15 
419 35 11 
420 45 15 
421 0 19 
422 45 20 
423 36 25 
424 81 20 
425 15 34 
426 96 21 
427 36 2 
428 132 21 
429 0 30 
430 132 21 
431 48 5 
432 8 11 
433 12 11 
434 12 33 
435 24 10 
436 0 17 
437 24 11 
438 0 33 
439 24 5 
440 81 35 
441 105 4 
442 27 31 
443 132 34 
444 18 1 
445 150 35 
446 0 30 
447 150 29 
448 30 35 
449 8 6 
450 12 6 
451 16 34 
452 28 0 
453 28 29 
454 56 24 
455 0 10 
456 56 29 
457 0 34 
458 56 29 
459 21 9 
460 77 17 
461 54 0 
462 131 12 
463 0 30 
464 131 18 
465 36 0 
466 4 7 
467 8 7 
468 18 10 
469 26 8 
470 56 10 
471 82 9 
472 0 23 
473 82 9 
474 81 20 
475 163 15 
476 21 3 
477 184 9 
478 24 1 
479 208 8 
480 0 24 
481 208 9 
482 6 5 
483 3 17 
484 7 17 
485 4 16 
486 11 17 
487 49 22 
488 60 16 
489 0 19 
490 60 22 
491 9 27 
492 69 22 
493 18 5 
494 87 16 
495 48 2 
496 135 10 
497 0 31 
498 135 11 
499 6 6 
500 1 18 
501 5 18 
502 12 8 
503 17 18 
504 7 16 
505 24 23 
506 0 20 
507 24 22 
508 63 25 
509 87 22 
510 21 33 
511 108 21 
512 6 1 
513 114 27 
514 0 24 
515 114 21 
516 30 5 
517 4 8 
518 8 8 
519 12 33 
520 20 9 
521 49 23 
522 69 15 
523 0 21 
524 69 15 
525 63 28 
526 132 16 
527 9 35 
528 141 22 
529 12 2 
530 153 34 
531 0 25 
532 153 34 
533 54 0 
534 9 15 
535 13 15 
536 8 32 
537 21 15 
538 14 4 
539 35 15 
540 0 22 
541 35 15 
542 9 25 
543 44 14 
544 18 31 
545 62 20 
546 54 31 
547 116 26 
548 0 25 
549 116 32 
550 48 35 
551 16 18 
552 20 18 
553 12 1 
554 32 19 
555 9 34 
556 41 25 
557 56 34 
558 97 25 
559 63 30 
560 160 19 
561 9 9 
562 169 19 
563 10 3 
564 179 25 
565 0 31 
566 179 19 
567 6 6 
568 12 15 
569 16 9 
570 0 2 
571 16 8 
572 5 11 
573 21 9 
574 16 24 
575 37 3 
576 28 31 
577 65 32 
578 45 10 
579 110 9 
580 12 2 
581 122 8 
582 0 30 
583 122 2 
584 16 5 
585 16 17 
586 20 23 
587 36 3 
588 56 23 
589 0 17 
590 56 23 
591 16 32 
592 72 18 
593 63 35 
594 135 35 
595 81 1 
596 216 34 
597 6 1 
598 222 33 
599 0 30 
600 222 33 
601 10 5 
602 16 11 
603 20 11 
604 48 4 
605 68 10 
606 4 5 
607 72 11 
608 48 16 
609 120 10 
610 0 30 
611 120 11 
612 63 8 
613 183 6 
614 18 31 
615 201 7 
616 0 35 
617 201 0 
618 12 0 
619 8 7 
620 12 7 
621 54 29 
622 66 1 
623 8 10 
624 74 1 
625 8 28 
626 82 2 
627 63 32 
628 145 3 
629 63 3 
630 208 9 
631 8 7 
632 216 8 
633 0 29 
634 216 8 
635 2 0 
636 6 16 
637 10 16 
638 12 28 
639 22 22 
640 7 5 
641 29 23 
642 0 25 
643 29 23 
644 7 35 
645 36 23 
646 54 4 
647 90 29 
648 16 32 
649 106 28 
650 0 31 
651 106 27 
652 2 6 
653 2 12 
654 6 12 
655 36 9 
656 42 17 
657 1 11 
658 43 12 
659 48 26 
660 91 18 
661 49 24 
662 140 18 
663 63 2 
664 203 19 
665 2 8 
666 205 19 
667 0 29 
668 205 18 
669 10 11 
670 8 13 
671 12 13 
672 36 34 
673 48 12 
674 7 13 
675 55 13 
676 8 27 
677 63 13 
678 49 31 
679 112 25 
680 27 5 
681 139 24 
682 4 8 
683 143 18 
684 0 35 
685 143 30 
686 18 6 
687 18 14 
688 22 20 
689 24 31 
690 46 25 
691 2 4 
692 48 31 
693 40 24 
694 88 24 
695 7 24 
696 95 29 
697 54 10 
698 149 28 
699 18 7 
700 167 6 
701 0 32 
702 167 7 
703 16 4 
704 24 6 
705 28 18 
706 14 1 
707 42 24 
708 45 19 
709 87 24 
710 63 6 
711 150 24 
712 18 30 
713 168 24 
714 2 26 
715 170 24 
716 40 3 
717 210 30 
718 27 34 
719 237 0 
720 21 0 
721 18 21 
722 22 21 
723 0 2 
724 22 15 
725 25 21 
726 47 21 
727 18 7 
728 65 20 
729 8 25 
730 73 20 
731 10 27 
732 83 20 
733 48 2 
734 131 26 
735 81 30 
736 212 25 
737 56 5 
738 24 18 
739 28 18 
740 42 3 
741 70 17 
742 0 23 
743 70 18 
744 18 8 
745 88 19 
746 18 35 
747 106 18 
748 18 19 
749 124 13 
750 24 1 
751 148 7 
752 0 12 
753 148 13 
754 35 35 
755 24 17 
756 28 17 
757 56 4 
758 84 17 
759 20 26 
760 104 23 
761 54 9 
762 158 17 
763 0 28 
764 158 22 
765 14 20 
766 172 20 
767 72 31 
768 244 20 
769 72 35 
770 316 26 
771 42 0 
772 12 14 
773 16 20 
774 63 15 
775 79 20 
776 40 22 
777 119 21 
778 9 12 
779 128 22 
780 18 31 
781 146 23 
782 14 27 
783 160 23 
784 32 1 
785 192 0 
786 72 24 
787 264 5 
788 7 5 
789 9 28 
790 13 28 
791 14 34 
792 27 28 
793 35 20 
794 62 28 
795 0 13 
796 62 28 
797 2 26 
798 64 28 
799 12 23 
800 76 23 
801 64 2 
802 140 24 
803 45 31 
804 185 0 
805 7 6 
806 3 12 
807 7 12 
808 42 8 
809 49 13 
810 5 14 
811 54 13 
812 54 14 
813 108 12 
814 14 29 
815 122 17 
816 14 27 
817 136 29 
818 8 8 
819 144 23 
820 0 18 
821 144 29 
822 35 11 
823 12 13 
824 16 13 
825 42 33 
826 58 19 
827 35 18 
828 93 13 
829 9 15 
830 102 15 
831 14 28 
832 116 16 
833 6 29 
834 122 22 
835 16 2 
836 138 8 
837 81 26 
838 219 2 
839 63 11 
840 27 9 
841 31 9 
842 28 32 
843 59 9 
844 10 27 
845 69 33 
846 45 18 
847 114 34 
848 2 26 
849 116 34 
850 12 26 
851 128 28 
852 72 7 
853 200 29 
854 54 33 
855 254 27 
856 56 4 
857 24 6 
858 28 7 
859 12 1 
860 40 7 
861 9 17 
862 49 13 
863 14 28 
864 63 14 
865 81 30 
866 144 20 
867 3 32 
868 147 21 
869 5 3 
870 152 27 
871 27 34 
872 179 28 
873 12 6 
874 18 10 
875 22 10 
876 0 2 
877 22 10 
878 5 16 
879 27 10 
880 4 23 
881 31 10 
882 36 25 
883 67 16 
884 15 34 
885 82 22 
886 6 2 
887 88 3 
888 81 30 
889 169 2 
890 32 35 
891 24 11 
892 28 11 
893 36 9 
894 64 10 
895 0 23 
896 64 16 
897 4 26 
898 68 16 
899 81 35 
900 149 22 
901 27 25 
902 176 21 
903 3 1 
904 179 15 
905 0 34 
906 179 21 
907 20 35 
908 24 12 
909 28 18 
910 48 1 
911 76 19 
912 4 29 
913 80 19 
914 12 29 
915 92 19 
916 0 34 
917 92 18 
918 21 26 
919 113 18 
920 9 31 
921 122 24 
922 72 35 
923 194 35 
924 24 5 
925 12 16 
926 16 16 
927 54 15 
928 70 16 
929 8 22 
930 78 16 
931 2 27 
932 80 22 
933 81 31 
934 161 21 
935 21 3 
936 182 33 
937 4 7 
938 186 32 
939 72 25 
940 258 26 
941 4 4 
942 9 10 
943 13 10 
944 12 14 
945 25 16 
946 7 20 
947 32 22 
948 0 25 
949 32 23 
950 9 26 
951 41 18 
952 18 4 
953 59 24 
954 8 9 
955 67 2 
956 45 33 
957 112 3 
958 4 6 
959 3 19 
960 7 19 
961 36 8 
962 43 20 
963 1 16 
964 44 14 
965 12 20 
966 56 14 
967 63 29 
968 119 15 
969 21 33 
970 140 15 
971 1 8 
972 141 9 
973 0 34 
974 141 10 
975 20 5 
976 12 13 
977 16 19 
978 36 3 
979 52 20 
980 7 29 
981 59 19 
982 2 21 
983 61 18 
984 63 28 
985 124 24 
986 9 35 
987 133 24 
988 2 14 
989 135 18 
990 81 25 
991 216 19 
992 36 0 
993 27 21 
994 31 22 
995 24 8 
996 55 22 
997 2 28 
998 57 22 
999 10 22 
1000 67 22 
1001 9 24 
1002 76 29 
1003 18 24 
1004 94 24 
1005 9 1 
1006 103 25 
1007 54 33 
1008 157 26 
1009 32 4 
1010 56 18 
1011 60 23 
1012 16 7 
1013 76 23 
1014 36 19 
1015 112 23 
1016 35 6 
1017 147 23 
1018 0 30 
1019 147 29 
1020 3 8 
1021 150 23 
1022 30 3 
1023 180 22 
1024 3 17 
1025 183 16 
1026 0 0 
1027 42 17 
1028 46 17 
1029 0 2 
1030 46 12 
1031 20 16 
1032 66 17 
1033 10 7 
1034 76 11 
1035 0 30 
1036 76 10 
1037 15 15 
1038 91 16 
1039 36 2 
1040 127 16 
1041 9 30 
1042 136 22 
1043 0 5 
1044 56 17 
1045 60 17 
1046 48 33 
1047 108 17 
1048 0 18 
1049 108 17 
1050 10 20 
1051 118 23 
1052 0 35 
1053 118 18 
1054 27 31 
1055 145 19 
1056 18 31 
1057 163 25 
1058 0 12 
1059 163 24 
1060 0 0 
1061 56 12 
1062 60 12 
1063 64 33 
1064 124 6 
1065 16 24 
1066 140 12 
1067 30 9 
1068 170 6 
1069 0 34 
1070 170 7 
1071 21 2 
1072 191 8 
1073 54 31 
1074 245 1 
1075 8 35 
1076 253 1 
1077 0 30 
1078 28 7 
1079 32 13 
1080 72 15 
1081 104 14 
1082 32 11 
1083 136 15 
1084 5 12 
1085 141 14 
1086 0 32 
1087 141 20 
1088 21 1 
1089 162 26 
1090 24 7 
1091 186 32 
1092 8 30 
1093 194 30 
1094 0 10 
1095 21 11 
1096 25 11 
1097 16 10 
1098 41 11 
1099 28 5 
1100 69 11 
1101 0 13 
1102 69 17 
1103 0 21 
1104 69 23 
1105 18 5 
1106 87 17 
1107 48 2 
1108 135 16 
1109 5 12 
1110 140 17 
1111 0 6 
1112 7 18 
1113 11 24 
1114 48 9 
1115 59 23 
1116 4 13 
1117 63 22 
1118 30 14 
1119 93 15 
1120 0 29 
1121 93 9 
1122 21 27 
1123 114 21 
1124 6 8 
1125 120 15 
1126 0 23 
1127 120 17 
1128 0 11 
1129 28 13 
1130 32 13 
1131 48 3 
1132 80 14 
1133 28 12 
1134 108 14 
1135 5 15 
1136 113 14 
1137 0 28 
1138 113 20 
1139 9 7 
1140 122 8 
1141 12 3 
1142 134 9 
1143 9 35 
1144 143 3 
1145 0 12 
1146 63 16 
1147 67 22 
1148 32 32 
1149 99 28 
1150 8 4 
1151 107 28 
1152 25 18 
1153 132 28 
1154 0 22 
1155 132 28 
1156 18 10 
1157 150 34 
1158 54 7 
1159 204 33 
1160 6 33 
1161 210 34 
1162 0 16 
1163 48 6 
1164 52 6 
1165 6 1 
1166 58 7 
1167 18 17 
1168 76 13 
1169 0 22 
1170 76 14 
1171 54 22 
1172 130 21 
1173 1 32 
1174 131 21 
1175 25 32 
1176 156 27 
1177 15 31 
1178 171 33 
1179 12 6 
1180 36 4 
1181 40 4 
1182 0 2 
1183 40 3 
1184 10 16 
1185 50 9 
1186 0 19 
1187 50 8 
1188 24 32 
1189 74 8 
1190 5 34 
1191 79 8 
1192 30 32 
1193 109 32 
1194 45 30 
1195 154 31 
1196 32 35 
1197 48 6 
1198 52 6 
1199 18 23 
1200 70 23 
1201 0 18 
1202 70 18 
1203 0 26 
1204 70 18 
1205 54 29 
1206 124 18 
1207 9 19 
1208 133 18 
1209 15 1 
1210 148 19 
1211 0 29 
1212 148 18 
1213 20 5 
1214 48 29 
1215 52 24 
1216 24 34 
1217 76 29 
1218 8 5 
1219 84 29 
1220 0 23 
1221 84 23 
1222 0 33 
1223 84 22 
1224 7 20 
1225 91 21 
1226 45 32 
1227 136 27 
1228 40 35 
1229 176 28 
1230 24 0 
1231 24 15 
1232 28 15 
1233 27 21 
1234 55 21 
1235 16 11 
1236 71 15 
1237 0 27 
1238 71 27 
1239 54 20 
1240 125 27 
1241 7 3 
1242 132 33 
1243 20 1 
1244 152 2 
1245 40 29 
1246 192 32 
1247 4 11 
1248 18 29 
1249 22 29 
1250 6 14 
1251 28 28 
1252 14 17 
1253 42 28 
1254 0 25 
1255 42 27 
1256 6 27 
1257 48 28 
1258 6 23 
1259 54 22 
1260 40 32 
1261 94 21 
1262 25 33 
1263 119 27 
1264 4 7 
1265 6 20 
1266 10 20 
1267 18 8 
1268 28 14 
1269 2 13 
1270 30 13 
1271 0 19 
1272 30 14 
1273 42 19 
1274 72 20 
1275 7 33 
1276 79 26 
1277 5 32 
1278 84 26 
1279 0 23 
1280 84 20 
1281 20 11 
1282 24 27 
1283 28 27 
1284 18 22 
1285 46 28 
1286 14 12 
1287 60 29 
1288 0 21 
1289 60 27 
1290 42 21 
1291 102 21 
1292 3 29 
1293 105 27 
1294 10 32 
1295 115 26 
1296 45 25 
1297 160 27 
1298 36 12 
1299 54 26 
1300 58 26 
1301 12 32 
1302 70 26 
1303 4 21 
1304 74 26 
1305 0 24 
1306 74 32 
1307 6 23 
1308 80 26 
1309 6 3 
1310 86 26 
1311 45 32 
1312 131 26 
1313 30 25 
1314 161 25 
1315 32 17 
1316 56 23 
1317 60 23 
1318 12 7 
1319 72 23 
1320 45 20 
1321 117 22 
1322 42 6 
1323 159 16 
1324 81 28 
1325 240 16 
1326 3 32 
1327 243 10 
1328 35 3 
1329 278 4 
1330 12 28 
1331 290 10 
1332 15 6 
1333 42 22 
1334 46 22 
1335 0 20 
1336 46 21 
1337 25 15 
1338 71 21 
1339 12 7 
1340 83 21 
1341 36 19 
1342 119 21 
1343 15 24 
1344 134 21 
1345 42 2 
1346 176 20 
1347 36 30 
1348 212 20 
1349 40 35 
1350 56 4 
1351 60 4 
1352 36 3 
1353 96 4 
1354 0 9 
1355 96 3 
1356 12 26 
1357 108 3 
1358 81 20 
1359 189 33 
1360 27 25 
1361 216 32 
1362 21 31 
1363 237 26 
1364 0 29 
1365 237 25 
1366 25 5 
1367 56 35 
1368 60 35 
1369 48 33 
1370 108 34 
1371 20 27 
1372 128 33 
1373 36 24 
1374 164 27 
1375 0 34 
1376 164 28 
1377 21 5 
1378 185 29 
1379 63 32 
1380 248 26 
1381 32 30 
1382 280 26 
1383 30 30 
1384 28 8 
1385 32 2 
1386 54 15 
1387 86 3 
1388 40 10 
1389 126 4 
1390 6 12 
1391 132 10 
1392 81 20 
1393 213 9 
1394 21 31 
1395 234 3 
1396 28 7 
1397 262 9 
1398 32 29 
1399 294 10 
1400 5 4 
1401 21 34 
1402 25 34 
1403 12 10 
1404 37 4 
1405 35 22 
1406 72 34 
1407 0 13 
1408 72 4 
1409 9 26 
1410 81 3 
1411 18 5 
1412 99 33 
1413 56 4 
1414 155 3 
1415 20 25 
1416 175 33 
1417 5 0 
1418 7 32 
1419 11 32 
1420 36 9 
1421 47 33 
1422 5 8 
1423 52 33 
1424 36 14 
1425 88 32 
1426 63 19 
1427 151 26 
1428 21 25 
1429 172 19 
1430 7 1 
1431 179 25 
1432 0 22 
1433 179 26 
1434 25 29 
1435 28 33 
1436 32 33 
1437 36 27 
1438 68 33 
1439 35 33 
1440 103 27 
1441 6 21 
1442 109 26 
1443 63 21 
1444 172 27 
1445 9 1 
1446 181 27 
1447 14 20 
1448 195 20 
1449 36 30 
1450 231 19 
1451 45 23 
1452 63 3 
1453 67 3 
1454 24 19 
1455 91 33 
1456 10 21 
1457 101 33 
1458 30 18 
1459 131 32 
1460 9 24 
1461 140 31 
1462 18 24 
1463 158 31 
1464 63 26 
1465 221 32 
1466 24 24 
1467 245 25 
1468 40 29 
1469 16 14 
1470 20 19 
1471 10 1 
1472 30 25 
1473 36 13 
1474 66 19 
1475 49 6 
1476 115 18 
1477 36 30 
1478 151 24 
1479 4 26 
1480 155 25 
1481 15 2 
1482 170 26 
1483 0 34 
1484 170 26 
1485 21 6 
1486 12 10 
1487 16 10 
1488 0 2 
1489 16 4 
1490 20 15 
1491 36 3 
1492 14 7 
1493 50 3 
1494 16 25 
1495 66 33 
1496 20 9 
1497 86 33 
1498 18 32 
1499 104 32 
1500 0 30 
1501 104 30 
1502 56 6 
1503 16 15 
1504 20 15 
1505 30 3 
1506 50 9 
1507 0 16 
1508 50 15 
1509 14 6 
1510 64 16 
1511 36 35 
1512 100 16 
1513 36 1 
1514 136 16 
1515 9 1 
1516 145 17 
1517 0 34 
1518 145 16 
1519 35 5 
1520 16 29 
1521 20 35 
1522 40 33 
1523 60 34 
1524 16 18 
1525 76 28 
1526 42 7 
1527 118 22 
1528 0 28 
1529 118 28 
1530 28 2 
1531 146 34 
1532 27 1 
1533 173 33 
1534 0 34 
1535 173 28 
1536 42 0 
1537 8 21 
1538 12 20 
1539 45 9 
1540 57 14 
1541 32 17 
1542 89 13 
1543 7 12 
1544 96 12 
1545 36 32 
1546 132 0 
1547 28 7 
1548 160 0 
1549 12 7 
1550 172 0 
1551 0 28 
1552 172 0 
1553 7 11 
1554 6 28 
1555 10 22 
1556 10 14 
1557 20 21 
1558 28 5 
1559 48 21 
1560 0 13 
1561 48 15 
1562 4 25 
1563 52 14 
1564 24 4 
1565 76 14 
1566 24 9 
1567 100 14 
1568 0 34 
1569 100 14 
1570 7 12 
1571 2 19 
1572 6 19 
1573 30 8 
1574 36 19 
1575 4 14 
1576 40 19 
1577 42 19 
1578 82 19 
1579 28 24 
1580 110 19 
1581 28 8 
1582 138 20 
1583 3 8 
1584 141 14 
1585 0 34 
1586 141 14 
1587 35 16 
1588 8 8 
1589 12 8 
1590 30 4 
1591 42 9 
1592 28 12 
1593 70 15 
1594 7 12 
1595 77 14 
1596 28 31 
1597 105 8 
1598 12 14 
1599 117 14 
1600 6 14 
1601 123 13 
1602 0 35 
1603 123 13 
1604 63 10 
1605 18 9 
1606 22 9 
1607 20 32 
1608 42 3 
1609 8 4 
1610 50 3 
1611 35 18 
1612 85 4 
1613 4 24 
1614 89 35 
1615 24 2 
1616 113 35 
1617 27 13 
1618 140 5 
1619 0 28 
1620 140 5 
1621 56 4 
