1616965.75625  1875.69844149
1676235.35625  1599.03724417
1675435.35625  1883.83382609
1240235.35625  1181.78656659
1625835.35625  1555.60594641
1373035.35625  1378.57157796
1151435.35625  1215.09879742
1681995.35625  1656.30150016
1632075.35625  1923.43608424
1434955.35625  1722.02271609
1705675.35625  1835.7862336
1285835.35625  1314.43118789
1090635.35625  1090.1634427
1722965.75625  2116.02591881
1573765.75625  2072.28723309
1658965.75625  2122.19626703
1254209.03906  1441.21953538
1673035.35625  2066.95648109
1424075.35625  1774.69459181
1639535.51625  2207.5829973
