1616965.75625  1160.01123353
1676235.35625  953.945541242
1675435.35625  1124.38466758
1240235.35625  952.872824207
1625835.35625  956.804107153
1373035.35625  1004.03210426
1151435.35625  1055.290504
1681995.35625  984.724181317
1632075.35625  1178.52161475
1434955.35625  1200.05316443
1705675.35625  1076.28114979
1285835.35625  1022.23910822
1090635.35625  999.567304003
1722965.75625  1228.12999106
1573765.75625  1316.76980825
1658965.75625  1279.22849464
1254209.03906  1149.10632159
1673035.35625  1235.45295882
1424075.35625  1246.20834425
1639535.51625  1346.46854272
