[128, 1, 1] [4, 1, 1] 2 2 0.5k 0.5k 0.25k 256 54 48529487 30851072 79380559 22
[128, 1, 1] [8, 1, 1] 2 2 0.5k 0.5k 0.25k 256 76 48529487 21151744 69681231 22
[128, 1, 1] [8, 1, 1] 3 2 0.5k 0.5k 0.25k 256 77 48529487 21413888 69943375 30
[128, 1, 1] [8, 1, 1] 3 3 0.5k 0.5k 0.25k 256 69 48529487 19316736 67846223 42
[128, 1, 1] [8, 1, 1] 4 2 0.5k 0.5k 0.25k 256 78 48529487 21676032 70205519 38
[128, 1, 1] [8, 1, 1] 4 3 0.5k 0.5k 0.25k 256 78 48529487 21676032 70205519 54
[128, 1, 1] [8, 1, 1] 4 4 0.5k 0.5k 0.25k 256 88 48529487 24297472 72826959 70
[128, 1, 1] [8, 1, 1] 5 2 0.5k 0.5k 0.25k 256 77 48529487 21413888 69943375 46
[128, 1, 1] [8, 1, 1] 5 3 0.5k 0.5k 0.25k 256 81 48529487 22462464 70991951 66
[128, 1, 1] [8, 1, 1] 5 4 0.5k 0.5k 0.25k 256 88 48529487 24297472 72826959 86
[128, 1, 1] [8, 1, 1] 5 5 0.5k 0.5k 0.25k 256 84 48529487 23248896 71778383 106
[128, 1, 1] [8, 1, 1] 6 2 0.5k 0.5k 0.25k 256 78 48529487 21676032 70205519 54
[128, 1, 1] [8, 1, 1] 6 3 0.5k 0.5k 0.25k 256 84 48529487 23248896 71778383 78
[128, 1, 1] [8, 1, 1] 6 4 0.5k 0.5k 0.25k 256 88 48529487 24297472 72826959 102
[128, 1, 1] [8, 1, 1] 6 5 0.5k 0.5k 0.25k 256 84 48529487 23248896 71778383 126
[128, 1, 1] [8, 1, 1] 6 6 0.5k 0.5k 0.25k 256 84 48529487 23248896 71778383 150
[128, 1, 1] [16, 1, 1] 2 2 0.5k 0.5k 0.25k 256 107 48529487 14598144 63127631 22
[128, 1, 1] [16, 1, 1] 3 2 0.5k 0.5k 0.25k 256 103 48529487 14073856 62603343 30
[128, 1, 1] [16, 1, 1] 3 3 0.5k 0.5k 0.25k 256 106 48529487 14467072 62996559 42
[128, 1, 1] [16, 1, 1] 4 2 0.5k 0.5k 0.25k 256 103 48529487 14073856 62603343 38
[128, 1, 1] [16, 1, 1] 4 3 0.5k 0.5k 0.25k 256 103 48529487 14073856 62603343 54
[128, 1, 1] [16, 1, 1] 4 4 0.5k 0.5k 0.25k 256 109 48529487 14860288 63389775 70
[128, 1, 1] [16, 1, 1] 5 2 0.5k 0.5k 0.25k 256 114 48529487 15515648 64045135 46
[128, 1, 1] [16, 1, 1] 5 3 0.5k 0.5k 0.25k 256 114 48529487 15515648 64045135 66
[128, 1, 1] [16, 1, 1] 5 4 0.5k 0.5k 0.25k 256 116 48529487 15777792 64307279 86
[128, 1, 1] [16, 1, 1] 5 5 0.5k 0.5k 0.25k 256 117 48529487 15908864 64438351 106
[128, 1, 1] [16, 1, 1] 6 2 0.5k 0.5k 0.25k 256 124 48529487 16826368 65355855 54
[128, 1, 1] [16, 1, 1] 6 3 0.5k 0.5k 0.25k 256 108 48529487 14729216 63258703 78
[128, 1, 1] [16, 1, 1] 6 4 0.5k 0.5k 0.25k 256 114 48529487 15515648 64045135 102
[128, 1, 1] [16, 1, 1] 6 5 0.5k 0.5k 0.25k 256 120 48529487 16302080 64831567 126
[128, 1, 1] [16, 1, 1] 6 6 0.5k 0.5k 0.25k 256 130 48529487 17612800 66142287 150
[128, 1, 1] [16, 1, 1] 7 2 0.5k 0.5k 0.25k 256 116 48529487 15777792 64307279 62
[128, 1, 1] [16, 1, 1] 7 3 0.5k 0.5k 0.25k 256 106 48529487 14467072 62996559 90
[128, 1, 1] [16, 1, 1] 7 4 0.5k 0.5k 0.25k 256 123 48529487 16695296 65224783 118
[128, 1, 1] [16, 1, 1] 7 5 0.5k 0.5k 0.25k 256 123 48529487 16695296 65224783 146
[128, 1, 1] [16, 1, 1] 7 6 0.5k 0.5k 0.25k 256 130 48529487 17612800 66142287 174
[128, 1, 1] [16, 1, 1] 7 7 0.5k 0.5k 0.25k 256 126 48529487 17088512 65617999 202
[128, 1, 1] [16, 1, 1] 8 2 0.5k 0.5k 0.25k 256 120 48529487 16302080 64831567 70
[128, 1, 1] [16, 1, 1] 8 3 0.5k 0.5k 0.25k 256 116 48529487 15777792 64307279 102
[128, 1, 1] [16, 1, 1] 8 4 0.5k 0.5k 0.25k 256 126 48529487 17088512 65617999 134
[128, 1, 1] [16, 1, 1] 8 5 0.5k 0.5k 0.25k 256 126 48529487 17088512 65617999 166
[128, 1, 1] [16, 1, 1] 8 6 0.5k 0.5k 0.25k 256 130 48529487 17612800 66142287 198
[128, 1, 1] [16, 1, 1] 8 7 0.5k 0.5k 0.25k 256 126 48529487 17088512 65617999 230
[128, 1, 1] [16, 1, 1] 8 8 0.5k 0.5k 0.25k 256 132 48529487 17874944 66404431 262
[64, 1, 1] [32, 1, 1] 2 2 0.5k 0.5k 0.25k 256 147 68550735 9797632 78348367 22
[128, 1, 1] [32, 1, 1] 2 2 0.5k 0.5k 0.25k 256 147 48529487 9879552 58409039 22
[64, 1, 1] [32, 1, 1] 3 2 0.5k 0.5k 0.25k 256 136 68550735 9076736 77627471 30
[128, 1, 1] [32, 1, 1] 3 2 0.5k 0.5k 0.25k 256 136 48529487 9158656 57688143 30
[64, 1, 1] [32, 1, 1] 3 3 0.5k 0.5k 0.25k 256 142 68550735 9469952 78020687 42
[128, 1, 1] [32, 1, 1] 3 3 0.5k 0.5k 0.25k 256 142 48529487 9551872 58081359 42
[64, 1, 1] [32, 1, 1] 4 2 0.5k 0.5k 0.25k 256 148 68550735 9863168 78413903 38
[128, 1, 1] [32, 1, 1] 4 2 0.5k 0.5k 0.25k 256 148 48529487 9945088 58474575 38
[64, 1, 1] [32, 1, 1] 4 3 0.5k 0.5k 0.25k 256 145 68550735 9666560 78217295 54
[128, 1, 1] [32, 1, 1] 4 3 0.5k 0.5k 0.25k 256 145 48529487 9748480 58277967 54
[64, 1, 1] [32, 1, 1] 4 4 0.5k 0.5k 0.25k 256 162 68550735 10780672 79331407 70
[128, 1, 1] [32, 1, 1] 4 4 0.5k 0.5k 0.25k 256 162 48529487 10862592 59392079 70
[64, 1, 1] [32, 1, 1] 5 2 0.5k 0.5k 0.25k 256 148 68550735 9863168 78413903 46
[128, 1, 1] [32, 1, 1] 5 2 0.5k 0.5k 0.25k 256 148 48529487 9945088 58474575 46
[64, 1, 1] [32, 1, 1] 5 3 0.5k 0.5k 0.25k 256 150 68550735 9994240 78544975 66
[128, 1, 1] [32, 1, 1] 5 3 0.5k 0.5k 0.25k 256 150 48529487 10076160 58605647 66
[64, 1, 1] [32, 1, 1] 5 4 0.5k 0.5k 0.25k 256 163 68550735 10846208 79396943 86
[128, 1, 1] [32, 1, 1] 5 4 0.5k 0.5k 0.25k 256 163 48529487 10928128 59457615 86
[64, 1, 1] [32, 1, 1] 5 5 0.5k 0.5k 0.25k 256 157 68550735 10452992 79003727 106
[128, 1, 1] [32, 1, 1] 5 5 0.5k 0.5k 0.25k 256 157 48529487 10534912 59064399 106
[64, 1, 1] [32, 1, 1] 6 2 0.5k 0.5k 0.25k 256 147 68550735 9797632 78348367 54
[128, 1, 1] [32, 1, 1] 6 2 0.5k 0.5k 0.25k 256 147 48529487 9879552 58409039 54
[64, 1, 1] [32, 1, 1] 6 3 0.5k 0.5k 0.25k 256 149 68550735 9928704 78479439 78
[128, 1, 1] [32, 1, 1] 6 3 0.5k 0.5k 0.25k 256 149 48529487 10010624 58540111 78
[64, 1, 1] [32, 1, 1] 6 4 0.5k 0.5k 0.25k 256 162 68550735 10780672 79331407 102
[128, 1, 1] [32, 1, 1] 6 4 0.5k 0.5k 0.25k 256 162 48529487 10862592 59392079 102
[128, 1, 1] [32, 1, 1] 6 5 0.5k 0.5k 0.25k 256 165 48529487 11059200 59588687 126
[64, 1, 1] [32, 1, 1] 6 6 0.5k 0.5k 0.25k 256 162 68550735 10780672 79331407 150
[128, 1, 1] [32, 1, 1] 6 6 0.5k 0.5k 0.25k 256 162 48529487 10862592 59392079 150
[64, 1, 1] [32, 1, 1] 7 2 0.5k 0.5k 0.25k 256 157 68550735 10452992 79003727 62
[128, 1, 1] [32, 1, 1] 7 2 0.5k 0.5k 0.25k 256 157 48529487 10534912 59064399 62
[64, 1, 1] [32, 1, 1] 7 3 0.5k 0.5k 0.25k 256 162 68550735 10780672 79331407 90
[128, 1, 1] [32, 1, 1] 7 3 0.5k 0.5k 0.25k 256 162 48529487 10862592 59392079 90
[128, 1, 1] [32, 1, 1] 7 4 0.5k 0.5k 0.25k 256 165 48529487 11059200 59588687 118
[64, 1, 1] [32, 1, 1] 7 5 0.5k 0.5k 0.25k 256 159 68550735 10584064 79134799 146
[128, 1, 1] [32, 1, 1] 7 5 0.5k 0.5k 0.25k 256 159 48529487 10665984 59195471 146
[64, 1, 1] [32, 1, 1] 7 6 0.5k 0.5k 0.25k 256 161 68550735 10715136 79265871 174
[128, 1, 1] [32, 1, 1] 7 6 0.5k 0.5k 0.25k 256 161 48529487 10797056 59326543 174
[128, 1, 1] [32, 1, 1] 7 7 0.5k 0.5k 0.25k 256 168 48529487 11255808 59785295 202
[128, 1, 1] [32, 1, 1] 8 2 0.5k 0.5k 0.25k 256 165 48529487 11059200 59588687 70
[64, 1, 1] [32, 1, 1] 8 3 0.5k 0.5k 0.25k 256 156 68550735 10387456 78938191 102
[128, 1, 1] [32, 1, 1] 8 3 0.5k 0.5k 0.25k 256 156 48529487 10469376 58998863 102
[128, 1, 1] [32, 1, 1] 8 4 0.5k 0.5k 0.25k 256 166 48529487 11124736 59654223 134
[128, 1, 1] [32, 1, 1] 8 5 0.5k 0.5k 0.25k 256 166 48529487 11124736 59654223 166
[128, 1, 1] [32, 1, 1] 8 6 0.5k 0.5k 0.25k 256 165 48529487 11059200 59588687 198
[128, 1, 1] [32, 1, 1] 8 7 0.5k 0.5k 0.25k 256 174 48529487 11649024 60178511 230
[128, 1, 1] [32, 1, 1] 8 8 0.5k 0.5k 0.25k 256 179 48529487 11976704 60506191 262
[128, 1, 1] [32, 1, 1] 9 2 0.5k 0.5k 0.25k 256 166 48529487 11124736 59654223 78
[128, 1, 1] [32, 1, 1] 9 3 0.5k 0.5k 0.25k 256 167 48529487 11190272 59719759 114
[64, 1, 1] [32, 1, 1] 9 4 0.5k 0.5k 0.25k 256 150 68550735 9994240 78544975 150
[128, 1, 1] [32, 1, 1] 9 4 0.5k 0.5k 0.25k 256 150 48529487 10076160 58605647 150
[128, 1, 1] [32, 1, 1] 9 5 0.5k 0.5k 0.25k 256 164 48529487 10993664 59523151 186
[128, 1, 1] [32, 1, 1] 9 6 0.5k 0.5k 0.25k 256 173 48529487 11583488 60112975 222
[128, 1, 1] [32, 1, 1] 9 7 0.5k 0.5k 0.25k 256 186 48529487 12435456 60964943 258
[64, 1, 1] [64, 1, 1] 2 2 0.5k 0.5k 0.25k 256 235 68550735 7700480 76251215 22
[128, 1, 1] [64, 1, 1] 2 2 0.5k 0.5k 0.25k 256 235 48529487 7782400 56311887 22
[64, 1, 1] [64, 1, 1] 3 2 0.5k 0.5k 0.25k 256 219 68550735 7176192 75726927 30
[128, 1, 1] [64, 1, 1] 3 2 0.5k 0.5k 0.25k 256 219 48529487 7258112 55787599 30
[64, 1, 1] [64, 1, 1] 3 3 0.5k 0.5k 0.25k 256 220 68550735 7208960 75759695 42
[128, 1, 1] [64, 1, 1] 3 3 0.5k 0.5k 0.25k 256 220 48529487 7290880 55820367 42
[64, 1, 1] [64, 1, 1] 4 2 0.5k 0.5k 0.25k 256 219 68550735 7176192 75726927 38
[128, 1, 1] [64, 1, 1] 4 2 0.5k 0.5k 0.25k 256 219 48529487 7258112 55787599 38
[64, 1, 1] [64, 1, 1] 4 3 0.5k 0.5k 0.25k 256 221 68550735 7241728 75792463 54
[128, 1, 1] [64, 1, 1] 4 3 0.5k 0.5k 0.25k 256 221 48529487 7323648 55853135 54
[64, 1, 1] [64, 1, 1] 4 4 0.5k 0.5k 0.25k 256 225 68550735 7372800 75923535 70
[128, 1, 1] [64, 1, 1] 4 4 0.5k 0.5k 0.25k 256 225 48529487 7454720 55984207 70
[64, 1, 1] [64, 1, 1] 5 2 0.5k 0.5k 0.25k 256 220 68550735 7208960 75759695 46
[128, 1, 1] [64, 1, 1] 5 2 0.5k 0.5k 0.25k 256 220 48529487 7290880 55820367 46
[64, 1, 1] [64, 1, 1] 5 3 0.5k 0.5k 0.25k 256 224 68550735 7340032 75890767 66
[128, 1, 1] [64, 1, 1] 5 3 0.5k 0.5k 0.25k 256 224 48529487 7421952 55951439 66
[64, 1, 1] [64, 1, 1] 5 4 0.5k 0.5k 0.25k 256 235 68550735 7700480 76251215 86
[128, 1, 1] [64, 1, 1] 5 4 0.5k 0.5k 0.25k 256 235 48529487 7782400 56311887 86
[64, 1, 1] [64, 1, 1] 5 5 0.5k 0.5k 0.25k 256 234 68550735 7667712 76218447 106
[128, 1, 1] [64, 1, 1] 5 5 0.5k 0.5k 0.25k 256 234 48529487 7749632 56279119 106
[64, 1, 1] [64, 1, 1] 6 2 0.5k 0.5k 0.25k 256 229 68550735 7503872 76054607 54
[128, 1, 1] [64, 1, 1] 6 2 0.5k 0.5k 0.25k 256 229 48529487 7585792 56115279 54
[64, 1, 1] [64, 1, 1] 6 3 0.5k 0.5k 0.25k 256 227 68550735 7438336 75989071 78
[128, 1, 1] [64, 1, 1] 6 3 0.5k 0.5k 0.25k 256 227 48529487 7520256 56049743 78
[64, 1, 1] [64, 1, 1] 6 4 0.5k 0.5k 0.25k 256 246 68550735 8060928 76611663 102
[128, 1, 1] [64, 1, 1] 6 4 0.5k 0.5k 0.25k 256 246 48529487 8142848 56672335 102
[64, 1, 1] [64, 1, 1] 6 5 0.5k 0.5k 0.25k 256 230 68550735 7536640 76087375 126
[128, 1, 1] [64, 1, 1] 6 5 0.5k 0.5k 0.25k 256 230 48529487 7618560 56148047 126
[64, 1, 1] [64, 1, 1] 6 6 0.5k 0.5k 0.25k 256 233 68550735 7634944 76185679 150
[128, 1, 1] [64, 1, 1] 6 6 0.5k 0.5k 0.25k 256 233 48529487 7716864 56246351 150
[64, 1, 1] [64, 1, 1] 7 2 0.5k 0.5k 0.25k 256 235 68550735 7700480 76251215 62
[128, 1, 1] [64, 1, 1] 7 2 0.5k 0.5k 0.25k 256 235 48529487 7782400 56311887 62
[64, 1, 1] [64, 1, 1] 7 3 0.5k 0.5k 0.25k 256 236 68550735 7733248 76283983 90
[128, 1, 1] [64, 1, 1] 7 3 0.5k 0.5k 0.25k 256 236 48529487 7815168 56344655 90
[64, 1, 1] [64, 1, 1] 7 4 0.5k 0.5k 0.25k 256 238 68550735 7798784 76349519 118
[128, 1, 1] [64, 1, 1] 7 4 0.5k 0.5k 0.25k 256 238 48529487 7880704 56410191 118
[64, 1, 1] [64, 1, 1] 7 5 0.5k 0.5k 0.25k 256 239 68550735 7831552 76382287 146
[128, 1, 1] [64, 1, 1] 7 5 0.5k 0.5k 0.25k 256 239 48529487 7913472 56442959 146
[64, 1, 1] [64, 1, 1] 7 6 0.5k 0.5k 0.25k 256 240 68550735 7864320 76415055 174
[128, 1, 1] [64, 1, 1] 7 6 0.5k 0.5k 0.25k 256 240 48529487 7946240 56475727 174
[64, 1, 1] [64, 1, 1] 7 7 0.5k 0.5k 0.25k 256 253 68550735 8290304 76841039 202
[128, 1, 1] [64, 1, 1] 7 7 0.5k 0.5k 0.25k 256 253 48529487 8372224 56901711 202
[64, 1, 1] [64, 1, 1] 8 2 0.5k 0.5k 0.25k 256 247 68550735 8093696 76644431 70
[128, 1, 1] [64, 1, 1] 8 2 0.5k 0.5k 0.25k 256 247 48529487 8175616 56705103 70
[64, 1, 1] [64, 1, 1] 8 3 0.5k 0.5k 0.25k 256 234 68550735 7667712 76218447 102
[128, 1, 1] [64, 1, 1] 8 3 0.5k 0.5k 0.25k 256 234 48529487 7749632 56279119 102
[64, 1, 1] [64, 1, 1] 8 4 0.5k 0.5k 0.25k 256 253 68550735 8290304 76841039 134
[128, 1, 1] [64, 1, 1] 8 4 0.5k 0.5k 0.25k 256 253 48529487 8372224 56901711 134
[64, 1, 1] [64, 1, 1] 8 5 0.5k 0.5k 0.25k 256 232 68550735 7602176 76152911 166
[128, 1, 1] [64, 1, 1] 8 5 0.5k 0.5k 0.25k 256 232 48529487 7684096 56213583 166
[64, 1, 1] [64, 1, 1] 8 6 0.5k 0.5k 0.25k 256 249 68550735 8159232 76709967 198
[128, 1, 1] [64, 1, 1] 8 6 0.5k 0.5k 0.25k 256 249 48529487 8241152 56770639 198
[64, 1, 1] [64, 1, 1] 8 7 0.5k 0.5k 0.5k 256 258 68550735 8454144 77004879 286
[128, 1, 1] [64, 1, 1] 8 7 0.5k 0.5k 0.5k 256 258 48529487 8536064 57065551 286
[64, 1, 1] [64, 1, 1] 8 8 0.5k 0.5k 0.25k 256 250 68550735 8192000 76742735 262
[128, 1, 1] [64, 1, 1] 8 8 0.5k 0.5k 0.25k 256 250 48529487 8273920 56803407 262
[64, 1, 1] [64, 1, 1] 9 2 0.5k 0.5k 0.25k 256 251 68550735 8224768 76775503 78
[128, 1, 1] [64, 1, 1] 9 2 0.5k 0.5k 0.25k 256 251 48529487 8306688 56836175 78
[64, 1, 1] [64, 1, 1] 9 3 0.5k 0.5k 0.25k 256 240 68550735 7864320 76415055 114
[128, 1, 1] [64, 1, 1] 9 3 0.5k 0.5k 0.25k 256 240 48529487 7946240 56475727 114
[64, 1, 1] [64, 1, 1] 9 4 0.5k 0.5k 0.25k 256 242 68550735 7929856 76480591 150
[128, 1, 1] [64, 1, 1] 9 4 0.5k 0.5k 0.25k 256 242 48529487 8011776 56541263 150
[64, 1, 1] [64, 1, 1] 9 5 0.5k 0.5k 0.25k 256 245 68550735 8028160 76578895 186
[128, 1, 1] [64, 1, 1] 9 5 0.5k 0.5k 0.25k 256 245 48529487 8110080 56639567 186
[64, 1, 1] [64, 1, 1] 9 6 0.5k 0.5k 0.25k 256 236 68550735 7733248 76283983 222
[128, 1, 1] [64, 1, 1] 9 6 0.5k 0.5k 0.25k 256 236 48529487 7815168 56344655 222
[64, 1, 1] [64, 1, 1] 9 7 0.5k 0.5k 0.25k 256 244 68550735 7995392 76546127 258
[128, 1, 1] [64, 1, 1] 9 7 0.5k 0.5k 0.25k 256 244 48529487 8077312 56606799 258
[128, 1, 1] [128, 1, 1] 2 2 0.5k 0.5k 0.5k 256 403 48529487 6602752 55132239 26
[128, 1, 1] [128, 1, 1] 3 2 0.5k 0.5k 0.5k 256 395 48529487 6471680 55001167 36
[128, 1, 1] [128, 1, 1] 3 3 0.5k 0.5k 0.5k 256 373 48529487 6111232 54640719 51
[128, 1, 1] [128, 1, 1] 4 2 0.5k 0.5k 0.5k 256 375 48529487 6144000 54673487 46
[128, 1, 1] [128, 1, 1] 4 3 0.5k 0.5k 0.5k 256 375 48529487 6144000 54673487 66
[128, 1, 1] [128, 1, 1] 4 4 0.5k 0.5k 0.5k 256 367 48529487 6012928 54542415 86
[128, 1, 1] [128, 1, 1] 5 2 0.5k 0.5k 0.5k 256 387 48529487 6340608 54870095 56
[128, 1, 1] [128, 1, 1] 5 3 0.5k 0.5k 0.5k 256 366 48529487 5996544 54526031 81
[128, 1, 1] [128, 1, 1] 5 4 0.5k 0.5k 0.5k 256 384 48529487 6291456 54820943 106
[128, 1, 1] [128, 1, 1] 5 5 0.5k 0.5k 0.5k 256 368 48529487 6029312 54558799 131
[128, 1, 1] [128, 1, 1] 6 2 0.5k 0.5k 0.5k 256 368 48529487 6029312 54558799 66
[128, 1, 1] [128, 1, 1] 6 3 0.5k 0.5k 0.5k 256 367 48529487 6012928 54542415 96
[128, 1, 1] [128, 1, 1] 6 4 0.5k 0.5k 0.5k 256 373 48529487 6111232 54640719 126
[128, 1, 1] [128, 1, 1] 6 5 0.5k 0.5k 0.5k 256 359 48529487 5881856 54411343 156
[128, 1, 1] [128, 1, 1] 6 6 0.5k 0.5k 0.5k 256 392 48529487 6422528 54952015 186
[128, 1, 1] [128, 1, 1] 7 2 0.5k 0.5k 0.5k 256 381 48529487 6242304 54771791 76
[128, 1, 1] [128, 1, 1] 7 3 0.5k 0.5k 0.5k 256 384 48529487 6291456 54820943 111
[128, 1, 1] [128, 1, 1] 7 4 0.5k 0.5k 0.5k 256 386 48529487 6324224 54853711 146
[128, 1, 1] [128, 1, 1] 7 5 0.5k 0.5k 0.5k 256 383 48529487 6275072 54804559 181
[128, 1, 1] [128, 1, 1] 7 6 0.5k 0.5k 0.5k 256 364 48529487 5963776 54493263 216
[128, 1, 1] [128, 1, 1] 7 7 0.5k 0.5k 0.5k 256 391 48529487 6406144 54935631 251
[128, 1, 1] [128, 1, 1] 8 2 0.5k 0.5k 0.5k 256 367 48529487 6012928 54542415 86
[128, 1, 1] [128, 1, 1] 8 3 0.5k 0.5k 0.5k 256 375 48529487 6144000 54673487 126
[128, 1, 1] [128, 1, 1] 8 4 0.5k 0.5k 0.5k 256 373 48529487 6111232 54640719 166
[128, 1, 1] [128, 1, 1] 8 5 0.5k 0.5k 0.5k 256 387 48529487 6340608 54870095 206
[128, 1, 1] [128, 1, 1] 8 6 0.5k 0.5k 0.5k 256 380 48529487 6225920 54755407 246
[128, 1, 1] [128, 1, 1] 8 7 0.5k 0.5k 0.5k 256 380 48529487 6225920 54755407 286
[128, 1, 1] [128, 1, 1] 9 2 0.5k 0.5k 0.5k 256 394 48529487 6455296 54984783 96
[128, 1, 1] [128, 1, 1] 9 3 0.5k 0.5k 0.5k 256 390 48529487 6389760 54919247 141
[128, 1, 1] [128, 1, 1] 9 4 0.5k 0.5k 0.5k 256 384 48529487 6291456 54820943 186
[128, 1, 1] [128, 1, 1] 9 5 0.5k 0.5k 0.5k 256 380 48529487 6225920 54755407 231
[128, 1, 1] [128, 1, 1] 9 6 0.5k 0.5k 0.5k 256 391 48529487 6406144 54935631 276
[128, 1, 1] [128, 1, 1] 2 2 0.5k 0.5k 0.5k 256 403 34277347 6602752 40880099 26
[128, 2, 1] [128, 1, 1] 2 2 0.5k 0.5k 0.5k 256 403 24913891 6643712 31557603 26
[128, 4, 1] [128, 1, 1] 2 2 1.0k 0.5k 0.5k 256 403 26462179 6664192 33126371 27
[128, 8, 1] [128, 1, 1] 2 2 1.5k 0.5k 0.5k 256 403 26462179 6674432 33136611 29
[128, 16, 1] [128, 1, 1] 2 2 2.5k 0.5k 0.5k 256 403 26462179 6679552 33141731 32
[128, 32, 1] [128, 1, 1] 2 2 4.5k 0.5k 0.5k 256 403 25921507 6682112 32603619 38
[128, 64, 1] [128, 1, 1] 2 2 8.5k 0.5k 0.5k 256 403 25573603 6683392 32256995 50
[128, 128, 1] [128, 1, 1] 2 2 16.5k 0.5k 0.5k 256 403 25425507 6684032 32109539 78
[128, 1, 1] [128, 1, 1] 3 2 0.5k 0.5k 0.5k 256 395 34277347 6471680 40749027 36
[128, 2, 1] [128, 1, 1] 3 2 0.5k 0.5k 0.5k 256 395 24913891 6512640 31426531 36
[128, 4, 1] [128, 1, 1] 3 2 1.0k 0.5k 0.5k 256 395 26462179 6533120 32995299 37
[128, 8, 1] [128, 1, 1] 3 2 1.5k 0.5k 0.5k 256 395 26462179 6543360 33005539 39
[128, 16, 1] [128, 1, 1] 3 2 2.5k 0.5k 0.5k 256 395 26462179 6548480 33010659 42
[128, 32, 1] [128, 1, 1] 3 2 4.5k 0.5k 0.5k 256 395 25921507 6551040 32472547 48
[128, 64, 1] [128, 1, 1] 3 2 8.5k 0.5k 0.5k 256 395 25573603 6552320 32125923 60
[128, 128, 1] [128, 1, 1] 3 2 16.5k 0.5k 0.5k 256 395 25425507 6552960 31978467 88
[128, 1, 1] [128, 1, 1] 3 3 0.5k 0.5k 0.5k 256 373 34277347 6111232 40388579 51
[128, 2, 1] [128, 1, 1] 3 3 0.5k 0.5k 0.5k 256 373 24913891 6152192 31066083 51
[128, 4, 1] [128, 1, 1] 3 3 1.0k 0.5k 0.5k 256 373 26462179 6172672 32634851 52
[128, 8, 1] [128, 1, 1] 3 3 1.5k 0.5k 0.5k 256 373 26462179 6182912 32645091 54
[128, 16, 1] [128, 1, 1] 3 3 2.5k 0.5k 0.5k 256 373 26462179 6188032 32650211 57
[128, 32, 1] [128, 1, 1] 3 3 4.5k 0.5k 0.5k 256 373 25921507 6190592 32112099 63
[128, 64, 1] [128, 1, 1] 3 3 8.5k 0.5k 0.5k 256 373 25573603 6191872 31765475 75
[128, 128, 1] [128, 1, 1] 3 3 16.5k 0.5k 0.5k 256 373 25425507 6192512 31618019 103
[128, 1, 1] [128, 1, 1] 4 2 0.5k 0.5k 0.5k 256 375 34277347 6144000 40421347 46
[128, 2, 1] [128, 1, 1] 4 2 0.5k 0.5k 0.5k 256 375 24913891 6184960 31098851 46
[128, 4, 1] [128, 1, 1] 4 2 1.0k 0.5k 0.5k 256 375 26462179 6205440 32667619 47
[128, 8, 1] [128, 1, 1] 4 2 1.5k 0.5k 0.5k 256 375 26462179 6215680 32677859 49
[128, 16, 1] [128, 1, 1] 4 2 2.5k 0.5k 0.5k 256 375 26462179 6220800 32682979 52
[128, 32, 1] [128, 1, 1] 4 2 4.5k 0.5k 0.5k 256 375 25921507 6223360 32144867 58
[128, 64, 1] [128, 1, 1] 4 2 8.5k 0.5k 0.5k 256 375 25573603 6224640 31798243 70
[128, 128, 1] [128, 1, 1] 4 2 16.5k 0.5k 0.5k 256 375 25425507 6225280 31650787 98
[128, 1, 1] [128, 1, 1] 4 3 0.5k 0.5k 0.5k 256 375 34277347 6144000 40421347 66
[128, 2, 1] [128, 1, 1] 4 3 0.5k 0.5k 0.5k 256 375 24913891 6184960 31098851 66
[128, 4, 1] [128, 1, 1] 4 3 1.0k 0.5k 0.5k 256 375 26462179 6205440 32667619 67
[128, 8, 1] [128, 1, 1] 4 3 1.5k 0.5k 0.5k 256 375 26462179 6215680 32677859 69
[128, 16, 1] [128, 1, 1] 4 3 2.5k 0.5k 0.5k 256 375 26462179 6220800 32682979 72
[128, 32, 1] [128, 1, 1] 4 3 4.5k 0.5k 0.5k 256 375 25921507 6223360 32144867 78
[128, 64, 1] [128, 1, 1] 4 3 8.5k 0.5k 0.5k 256 375 25573603 6224640 31798243 90
[128, 128, 1] [128, 1, 1] 4 3 16.5k 0.5k 0.5k 256 375 25425507 6225280 31650787 118
[128, 1, 1] [128, 1, 1] 4 4 0.5k 0.5k 0.5k 256 367 34277347 6012928 40290275 86
[128, 2, 1] [128, 1, 1] 4 4 0.5k 0.5k 0.5k 256 367 24913891 6053888 30967779 86
[128, 4, 1] [128, 1, 1] 4 4 1.0k 0.5k 0.5k 256 367 26462179 6074368 32536547 87
[128, 8, 1] [128, 1, 1] 4 4 1.5k 0.5k 0.5k 256 367 26462179 6084608 32546787 89
[128, 16, 1] [128, 1, 1] 4 4 2.5k 0.5k 0.5k 256 367 26462179 6089728 32551907 92
[128, 32, 1] [128, 1, 1] 4 4 4.5k 0.5k 0.5k 256 367 25921507 6092288 32013795 98
[128, 64, 1] [128, 1, 1] 4 4 8.5k 0.5k 0.5k 256 367 25573603 6093568 31667171 110
[128, 128, 1] [128, 1, 1] 4 4 16.5k 0.5k 0.5k 256 367 25425507 6094208 31519715 138
[128, 1, 1] [128, 1, 1] 5 2 0.5k 0.5k 0.5k 256 387 34277347 6340608 40617955 56
[128, 2, 1] [128, 1, 1] 5 2 0.5k 0.5k 0.5k 256 387 24913891 6381568 31295459 56
[128, 4, 1] [128, 1, 1] 5 2 1.0k 0.5k 0.5k 256 387 26462179 6402048 32864227 57
[128, 8, 1] [128, 1, 1] 5 2 1.5k 0.5k 0.5k 256 387 26462179 6412288 32874467 59
[128, 16, 1] [128, 1, 1] 5 2 2.5k 0.5k 0.5k 256 387 26462179 6417408 32879587 62
[128, 32, 1] [128, 1, 1] 5 2 4.5k 0.5k 0.5k 256 387 25921507 6419968 32341475 68
[128, 64, 1] [128, 1, 1] 5 2 8.5k 0.5k 0.5k 256 387 25573603 6421248 31994851 80
[128, 128, 1] [128, 1, 1] 5 2 16.5k 0.5k 0.5k 256 387 25425507 6421888 31847395 108
[128, 1, 1] [128, 1, 1] 5 3 0.5k 0.5k 0.5k 256 366 34277347 5996544 40273891 81
[128, 2, 1] [128, 1, 1] 5 3 0.5k 0.5k 0.5k 256 366 24913891 6037504 30951395 81
[128, 4, 1] [128, 1, 1] 5 3 1.0k 0.5k 0.5k 256 366 26462179 6057984 32520163 82
[128, 8, 1] [128, 1, 1] 5 3 1.5k 0.5k 0.5k 256 366 26462179 6068224 32530403 84
[128, 16, 1] [128, 1, 1] 5 3 2.5k 0.5k 0.5k 256 366 26462179 6073344 32535523 87
[128, 32, 1] [128, 1, 1] 5 3 4.5k 0.5k 0.5k 256 366 25921507 6075904 31997411 93
[128, 64, 1] [128, 1, 1] 5 3 8.5k 0.5k 0.5k 256 366 25573603 6077184 31650787 105
[128, 128, 1] [128, 1, 1] 5 3 16.5k 0.5k 0.5k 256 366 25425507 6077824 31503331 133
[128, 1, 1] [128, 1, 1] 5 4 0.5k 0.5k 0.5k 256 384 34277347 6291456 40568803 106
[128, 2, 1] [128, 1, 1] 5 4 0.5k 0.5k 0.5k 256 384 24913891 6332416 31246307 106
[128, 4, 1] [128, 1, 1] 5 4 1.0k 0.5k 0.5k 256 384 26462179 6352896 32815075 107
[128, 8, 1] [128, 1, 1] 5 4 1.5k 0.5k 0.5k 256 384 26462179 6363136 32825315 109
[128, 16, 1] [128, 1, 1] 5 4 2.5k 0.5k 0.5k 256 384 26462179 6368256 32830435 112
[128, 32, 1] [128, 1, 1] 5 4 4.5k 0.5k 0.5k 256 384 25921507 6370816 32292323 118
[128, 64, 1] [128, 1, 1] 5 4 8.5k 0.5k 0.5k 256 384 25573603 6372096 31945699 130
[128, 128, 1] [128, 1, 1] 5 4 16.5k 0.5k 0.5k 256 384 25425507 6372736 31798243 158
[128, 1, 1] [128, 1, 1] 5 5 0.5k 0.5k 0.5k 256 368 34277347 6029312 40306659 131
[128, 2, 1] [128, 1, 1] 5 5 0.5k 0.5k 0.5k 256 368 24913891 6070272 30984163 131
[128, 4, 1] [128, 1, 1] 5 5 1.0k 0.5k 0.5k 256 368 26462179 6090752 32552931 132
[128, 8, 1] [128, 1, 1] 5 5 1.5k 0.5k 0.5k 256 368 26462179 6100992 32563171 134
[128, 16, 1] [128, 1, 1] 5 5 2.5k 0.5k 0.5k 256 368 26462179 6106112 32568291 137
[128, 32, 1] [128, 1, 1] 5 5 4.5k 0.5k 0.5k 256 368 25921507 6108672 32030179 143
[128, 64, 1] [128, 1, 1] 5 5 8.5k 0.5k 0.5k 256 368 25573603 6109952 31683555 155
[128, 128, 1] [128, 1, 1] 5 5 16.5k 0.5k 0.5k 256 368 25425507 6110592 31536099 183
[128, 1, 1] [128, 1, 1] 6 2 0.5k 0.5k 0.5k 256 368 34277347 6029312 40306659 66
[128, 2, 1] [128, 1, 1] 6 2 0.5k 0.5k 0.5k 256 368 24913891 6070272 30984163 66
[128, 4, 1] [128, 1, 1] 6 2 1.0k 0.5k 0.5k 256 368 26462179 6090752 32552931 67
[128, 8, 1] [128, 1, 1] 6 2 1.5k 0.5k 0.5k 256 368 26462179 6100992 32563171 69
[128, 16, 1] [128, 1, 1] 6 2 2.5k 0.5k 0.5k 256 368 26462179 6106112 32568291 72
[128, 32, 1] [128, 1, 1] 6 2 4.5k 0.5k 0.5k 256 368 25921507 6108672 32030179 78
[128, 64, 1] [128, 1, 1] 6 2 8.5k 0.5k 0.5k 256 368 25573603 6109952 31683555 90
[128, 128, 1] [128, 1, 1] 6 2 16.5k 0.5k 0.5k 256 368 25425507 6110592 31536099 118
[128, 1, 1] [128, 1, 1] 6 3 0.5k 0.5k 0.5k 256 367 34277347 6012928 40290275 96
[128, 2, 1] [128, 1, 1] 6 3 0.5k 0.5k 0.5k 256 367 24913891 6053888 30967779 96
[128, 4, 1] [128, 1, 1] 6 3 1.0k 0.5k 0.5k 256 367 26462179 6074368 32536547 97
[128, 8, 1] [128, 1, 1] 6 3 1.5k 0.5k 0.5k 256 367 26462179 6084608 32546787 99
[128, 16, 1] [128, 1, 1] 6 3 2.5k 0.5k 0.5k 256 367 26462179 6089728 32551907 102
[128, 32, 1] [128, 1, 1] 6 3 4.5k 0.5k 0.5k 256 367 25921507 6092288 32013795 108
[128, 64, 1] [128, 1, 1] 6 3 8.5k 0.5k 0.5k 256 367 25573603 6093568 31667171 120
[128, 128, 1] [128, 1, 1] 6 3 16.5k 0.5k 0.5k 256 367 25425507 6094208 31519715 148
[128, 1, 1] [128, 1, 1] 6 4 0.5k 0.5k 0.5k 256 373 34277347 6111232 40388579 126
[128, 2, 1] [128, 1, 1] 6 4 0.5k 0.5k 0.5k 256 373 24913891 6152192 31066083 126
[128, 4, 1] [128, 1, 1] 6 4 1.0k 0.5k 0.5k 256 373 26462179 6172672 32634851 127
[128, 8, 1] [128, 1, 1] 6 4 1.5k 0.5k 0.5k 256 373 26462179 6182912 32645091 129
[128, 16, 1] [128, 1, 1] 6 4 2.5k 0.5k 0.5k 256 373 26462179 6188032 32650211 132
[128, 32, 1] [128, 1, 1] 6 4 4.5k 0.5k 0.5k 256 373 25921507 6190592 32112099 138
[128, 64, 1] [128, 1, 1] 6 4 8.5k 0.5k 0.5k 256 373 25573603 6191872 31765475 150
[128, 128, 1] [128, 1, 1] 6 4 16.5k 0.5k 0.5k 256 373 25425507 6192512 31618019 178
[128, 1, 1] [128, 1, 1] 6 5 0.5k 0.5k 0.5k 256 359 34277347 5881856 40159203 156
[128, 2, 1] [128, 1, 1] 6 5 0.5k 0.5k 0.5k 256 359 24913891 5922816 30836707 156
[128, 4, 1] [128, 1, 1] 6 5 1.0k 0.5k 0.5k 256 359 26462179 5943296 32405475 157
[128, 8, 1] [128, 1, 1] 6 5 1.5k 0.5k 0.5k 256 359 26462179 5953536 32415715 159
[128, 16, 1] [128, 1, 1] 6 5 2.5k 0.5k 0.5k 256 359 26462179 5958656 32420835 162
[128, 32, 1] [128, 1, 1] 6 5 4.5k 0.5k 0.5k 256 359 25921507 5961216 31882723 168
[128, 64, 1] [128, 1, 1] 6 5 8.5k 0.5k 0.5k 256 359 25573603 5962496 31536099 180
[128, 128, 1] [128, 1, 1] 6 5 16.5k 0.5k 0.5k 256 359 25425507 5963136 31388643 208
[128, 1, 1] [128, 1, 1] 6 6 0.5k 0.5k 0.5k 256 392 34277347 6422528 40699875 186
[128, 2, 1] [128, 1, 1] 6 6 0.5k 0.5k 0.5k 256 392 24913891 6463488 31377379 186
[128, 4, 1] [128, 1, 1] 6 6 1.0k 0.5k 0.5k 256 392 26462179 6483968 32946147 187
[128, 8, 1] [128, 1, 1] 6 6 1.5k 0.5k 0.5k 256 392 26462179 6494208 32956387 189
[128, 16, 1] [128, 1, 1] 6 6 2.5k 0.5k 0.5k 256 392 26462179 6499328 32961507 192
[128, 32, 1] [128, 1, 1] 6 6 4.5k 0.5k 0.5k 256 392 25921507 6501888 32423395 198
[128, 64, 1] [128, 1, 1] 6 6 8.5k 0.5k 0.5k 256 392 25573603 6503168 32076771 210
[128, 128, 1] [128, 1, 1] 6 6 16.5k 0.5k 0.5k 256 392 25425507 6503808 31929315 238
[128, 1, 1] [128, 1, 1] 7 2 0.5k 0.5k 0.5k 256 381 34277347 6242304 40519651 76
[128, 2, 1] [128, 1, 1] 7 2 0.5k 0.5k 0.5k 256 381 24913891 6283264 31197155 76
[128, 4, 1] [128, 1, 1] 7 2 1.0k 0.5k 0.5k 256 381 26462179 6303744 32765923 77
[128, 8, 1] [128, 1, 1] 7 2 1.5k 0.5k 0.5k 256 381 26462179 6313984 32776163 79
[128, 16, 1] [128, 1, 1] 7 2 2.5k 0.5k 0.5k 256 381 26462179 6319104 32781283 82
[128, 32, 1] [128, 1, 1] 7 2 4.5k 0.5k 0.5k 256 381 25921507 6321664 32243171 88
[128, 64, 1] [128, 1, 1] 7 2 8.5k 0.5k 0.5k 256 381 25573603 6322944 31896547 100
[128, 128, 1] [128, 1, 1] 7 2 16.5k 0.5k 0.5k 256 381 25425507 6323584 31749091 128
[128, 1, 1] [128, 1, 1] 7 3 0.5k 0.5k 0.5k 256 384 34277347 6291456 40568803 111
[128, 2, 1] [128, 1, 1] 7 3 0.5k 0.5k 0.5k 256 384 24913891 6332416 31246307 111
[128, 4, 1] [128, 1, 1] 7 3 1.0k 0.5k 0.5k 256 384 26462179 6352896 32815075 112
[128, 8, 1] [128, 1, 1] 7 3 1.5k 0.5k 0.5k 256 384 26462179 6363136 32825315 114
[128, 16, 1] [128, 1, 1] 7 3 2.5k 0.5k 0.5k 256 384 26462179 6368256 32830435 117
[128, 32, 1] [128, 1, 1] 7 3 4.5k 0.5k 0.5k 256 384 25921507 6370816 32292323 123
[128, 64, 1] [128, 1, 1] 7 3 8.5k 0.5k 0.5k 256 384 25573603 6372096 31945699 135
[128, 128, 1] [128, 1, 1] 7 3 16.5k 0.5k 0.5k 256 384 25425507 6372736 31798243 163
[128, 1, 1] [128, 1, 1] 7 4 0.5k 0.5k 0.5k 256 386 34277347 6324224 40601571 146
[128, 2, 1] [128, 1, 1] 7 4 0.5k 0.5k 0.5k 256 386 24913891 6365184 31279075 146
[128, 4, 1] [128, 1, 1] 7 4 1.0k 0.5k 0.5k 256 386 26462179 6385664 32847843 147
[128, 8, 1] [128, 1, 1] 7 4 1.5k 0.5k 0.5k 256 386 26462179 6395904 32858083 149
[128, 16, 1] [128, 1, 1] 7 4 2.5k 0.5k 0.5k 256 386 26462179 6401024 32863203 152
[128, 32, 1] [128, 1, 1] 7 4 4.5k 0.5k 0.5k 256 386 25921507 6403584 32325091 158
[128, 64, 1] [128, 1, 1] 7 4 8.5k 0.5k 0.5k 256 386 25573603 6404864 31978467 170
[128, 128, 1] [128, 1, 1] 7 4 16.5k 0.5k 0.5k 256 386 25425507 6405504 31831011 198
[128, 1, 1] [128, 1, 1] 7 5 0.5k 0.5k 0.5k 256 383 34277347 6275072 40552419 181
[128, 2, 1] [128, 1, 1] 7 5 0.5k 0.5k 0.5k 256 383 24913891 6316032 31229923 181
[128, 4, 1] [128, 1, 1] 7 5 1.0k 0.5k 0.5k 256 383 26462179 6336512 32798691 182
[128, 8, 1] [128, 1, 1] 7 5 1.5k 0.5k 0.5k 256 383 26462179 6346752 32808931 184
[128, 16, 1] [128, 1, 1] 7 5 2.5k 0.5k 0.5k 256 383 26462179 6351872 32814051 187
[128, 32, 1] [128, 1, 1] 7 5 4.5k 0.5k 0.5k 256 383 25921507 6354432 32275939 193
[128, 64, 1] [128, 1, 1] 7 5 8.5k 0.5k 0.5k 256 383 25573603 6355712 31929315 205
[128, 128, 1] [128, 1, 1] 7 5 16.5k 0.5k 0.5k 256 383 25425507 6356352 31781859 233
[128, 1, 1] [128, 1, 1] 7 6 0.5k 0.5k 0.5k 256 364 34277347 5963776 40241123 216
[128, 2, 1] [128, 1, 1] 7 6 0.5k 0.5k 0.5k 256 364 24913891 6004736 30918627 216
[128, 4, 1] [128, 1, 1] 7 6 1.0k 0.5k 0.5k 256 364 26462179 6025216 32487395 217
[128, 8, 1] [128, 1, 1] 7 6 1.5k 0.5k 0.5k 256 364 26462179 6035456 32497635 219
[128, 16, 1] [128, 1, 1] 7 6 2.5k 0.5k 0.5k 256 364 26462179 6040576 32502755 222
[128, 32, 1] [128, 1, 1] 7 6 4.5k 0.5k 0.5k 256 364 25921507 6043136 31964643 228
[128, 64, 1] [128, 1, 1] 7 6 8.5k 0.5k 0.5k 256 364 25573603 6044416 31618019 240
[128, 128, 1] [128, 1, 1] 7 6 16.5k 0.5k 0.5k 256 364 25425507 6045056 31470563 268
[128, 1, 1] [128, 1, 1] 7 7 0.5k 0.5k 0.5k 256 391 34277347 6406144 40683491 251
[128, 2, 1] [128, 1, 1] 7 7 0.5k 0.5k 0.5k 256 391 24913891 6447104 31360995 251
[128, 4, 1] [128, 1, 1] 7 7 1.0k 0.5k 0.5k 256 391 26462179 6467584 32929763 252
[128, 8, 1] [128, 1, 1] 7 7 1.5k 0.5k 0.5k 256 391 26462179 6477824 32940003 254
[128, 16, 1] [128, 1, 1] 7 7 2.5k 0.5k 0.5k 256 391 26462179 6482944 32945123 257
[128, 32, 1] [128, 1, 1] 7 7 4.5k 0.5k 0.5k 256 391 25921507 6485504 32407011 263
[128, 64, 1] [128, 1, 1] 7 7 8.5k 0.5k 0.5k 256 391 25573603 6486784 32060387 275
[128, 1, 1] [128, 1, 1] 8 2 0.5k 0.5k 0.5k 256 367 34277347 6012928 40290275 86
[128, 2, 1] [128, 1, 1] 8 2 0.5k 0.5k 0.5k 256 367 24913891 6053888 30967779 86
[128, 4, 1] [128, 1, 1] 8 2 1.0k 0.5k 0.5k 256 367 26462179 6074368 32536547 87
[128, 8, 1] [128, 1, 1] 8 2 1.5k 0.5k 0.5k 256 367 26462179 6084608 32546787 89
[128, 16, 1] [128, 1, 1] 8 2 2.5k 0.5k 0.5k 256 367 26462179 6089728 32551907 92
[128, 32, 1] [128, 1, 1] 8 2 4.5k 0.5k 0.5k 256 367 25921507 6092288 32013795 98
[128, 64, 1] [128, 1, 1] 8 2 8.5k 0.5k 0.5k 256 367 25573603 6093568 31667171 110
[128, 128, 1] [128, 1, 1] 8 2 16.5k 0.5k 0.5k 256 367 25425507 6094208 31519715 138
[128, 1, 1] [128, 1, 1] 8 3 0.5k 0.5k 0.5k 256 375 34277347 6144000 40421347 126
[128, 2, 1] [128, 1, 1] 8 3 0.5k 0.5k 0.5k 256 375 24913891 6184960 31098851 126
[128, 4, 1] [128, 1, 1] 8 3 1.0k 0.5k 0.5k 256 375 26462179 6205440 32667619 127
[128, 8, 1] [128, 1, 1] 8 3 1.5k 0.5k 0.5k 256 375 26462179 6215680 32677859 129
[128, 16, 1] [128, 1, 1] 8 3 2.5k 0.5k 0.5k 256 375 26462179 6220800 32682979 132
[128, 32, 1] [128, 1, 1] 8 3 4.5k 0.5k 0.5k 256 375 25921507 6223360 32144867 138
[128, 64, 1] [128, 1, 1] 8 3 8.5k 0.5k 0.5k 256 375 25573603 6224640 31798243 150
[128, 128, 1] [128, 1, 1] 8 3 16.5k 0.5k 0.5k 256 375 25425507 6225280 31650787 178
[128, 1, 1] [128, 1, 1] 8 4 0.5k 0.5k 0.5k 256 373 34277347 6111232 40388579 166
[128, 2, 1] [128, 1, 1] 8 4 0.5k 0.5k 0.5k 256 373 24913891 6152192 31066083 166
[128, 4, 1] [128, 1, 1] 8 4 1.0k 0.5k 0.5k 256 373 26462179 6172672 32634851 167
[128, 8, 1] [128, 1, 1] 8 4 1.5k 0.5k 0.5k 256 373 26462179 6182912 32645091 169
[128, 16, 1] [128, 1, 1] 8 4 2.5k 0.5k 0.5k 256 373 26462179 6188032 32650211 172
[128, 32, 1] [128, 1, 1] 8 4 4.5k 0.5k 0.5k 256 373 25921507 6190592 32112099 178
[128, 64, 1] [128, 1, 1] 8 4 8.5k 0.5k 0.5k 256 373 25573603 6191872 31765475 190
[128, 128, 1] [128, 1, 1] 8 4 16.5k 0.5k 0.5k 256 373 25425507 6192512 31618019 218
[128, 1, 1] [128, 1, 1] 8 5 0.5k 0.5k 0.5k 256 387 34277347 6340608 40617955 206
[128, 2, 1] [128, 1, 1] 8 5 0.5k 0.5k 0.5k 256 387 24913891 6381568 31295459 206
[128, 4, 1] [128, 1, 1] 8 5 1.0k 0.5k 0.5k 256 387 26462179 6402048 32864227 207
[128, 8, 1] [128, 1, 1] 8 5 1.5k 0.5k 0.5k 256 387 26462179 6412288 32874467 209
[128, 16, 1] [128, 1, 1] 8 5 2.5k 0.5k 0.5k 256 387 26462179 6417408 32879587 212
[128, 32, 1] [128, 1, 1] 8 5 4.5k 0.5k 0.5k 256 387 25921507 6419968 32341475 218
[128, 64, 1] [128, 1, 1] 8 5 8.5k 0.5k 0.5k 256 387 25573603 6421248 31994851 230
[128, 128, 1] [128, 1, 1] 8 5 16.5k 0.5k 0.5k 256 387 25425507 6421888 31847395 258
[128, 1, 1] [128, 1, 1] 8 6 0.5k 0.5k 0.5k 256 380 34277347 6225920 40503267 246
[128, 2, 1] [128, 1, 1] 8 6 0.5k 0.5k 0.5k 256 380 24913891 6266880 31180771 246
[128, 4, 1] [128, 1, 1] 8 6 1.0k 0.5k 0.5k 256 380 26462179 6287360 32749539 247
[128, 8, 1] [128, 1, 1] 8 6 1.5k 0.5k 0.5k 256 380 26462179 6297600 32759779 249
[128, 16, 1] [128, 1, 1] 8 6 2.5k 0.5k 0.5k 256 380 26462179 6302720 32764899 252
[128, 32, 1] [128, 1, 1] 8 6 4.5k 0.5k 0.5k 256 380 25921507 6305280 32226787 258
[128, 64, 1] [128, 1, 1] 8 6 8.5k 0.5k 0.5k 256 380 25573603 6306560 31880163 270
[128, 1, 1] [128, 1, 1] 8 7 0.5k 0.5k 0.5k 256 380 34277347 6225920 40503267 286
[128, 2, 1] [128, 1, 1] 8 7 0.5k 0.5k 0.5k 256 380 24913891 6266880 31180771 286
[128, 4, 1] [128, 1, 1] 8 7 1.0k 0.5k 0.5k 256 380 26462179 6287360 32749539 287
[128, 1, 1] [128, 1, 1] 9 2 0.5k 0.5k 0.5k 256 394 34277347 6455296 40732643 96
[128, 2, 1] [128, 1, 1] 9 2 0.5k 0.5k 0.5k 256 394 24913891 6496256 31410147 96
[128, 4, 1] [128, 1, 1] 9 2 1.0k 0.5k 0.5k 256 394 26462179 6516736 32978915 97
[128, 8, 1] [128, 1, 1] 9 2 1.5k 0.5k 0.5k 256 394 26462179 6526976 32989155 99
[128, 16, 1] [128, 1, 1] 9 2 2.5k 0.5k 0.5k 256 394 26462179 6532096 32994275 102
[128, 32, 1] [128, 1, 1] 9 2 4.5k 0.5k 0.5k 256 394 25921507 6534656 32456163 108
[128, 64, 1] [128, 1, 1] 9 2 8.5k 0.5k 0.5k 256 394 25573603 6535936 32109539 120
[128, 128, 1] [128, 1, 1] 9 2 16.5k 0.5k 0.5k 256 394 25425507 6536576 31962083 148
[128, 1, 1] [128, 1, 1] 9 3 0.5k 0.5k 0.5k 256 390 34277347 6389760 40667107 141
[128, 2, 1] [128, 1, 1] 9 3 0.5k 0.5k 0.5k 256 390 24913891 6430720 31344611 141
[128, 4, 1] [128, 1, 1] 9 3 1.0k 0.5k 0.5k 256 390 26462179 6451200 32913379 142
[128, 8, 1] [128, 1, 1] 9 3 1.5k 0.5k 0.5k 256 390 26462179 6461440 32923619 144
[128, 16, 1] [128, 1, 1] 9 3 2.5k 0.5k 0.5k 256 390 26462179 6466560 32928739 147
[128, 32, 1] [128, 1, 1] 9 3 4.5k 0.5k 0.5k 256 390 25921507 6469120 32390627 153
[128, 64, 1] [128, 1, 1] 9 3 8.5k 0.5k 0.5k 256 390 25573603 6470400 32044003 165
[128, 128, 1] [128, 1, 1] 9 3 16.5k 0.5k 0.5k 256 390 25425507 6471040 31896547 193
[128, 1, 1] [128, 1, 1] 9 4 0.5k 0.5k 0.5k 256 384 34277347 6291456 40568803 186
[128, 2, 1] [128, 1, 1] 9 4 0.5k 0.5k 0.5k 256 384 24913891 6332416 31246307 186
[128, 4, 1] [128, 1, 1] 9 4 1.0k 0.5k 0.5k 256 384 26462179 6352896 32815075 187
[128, 8, 1] [128, 1, 1] 9 4 1.5k 0.5k 0.5k 256 384 26462179 6363136 32825315 189
[128, 16, 1] [128, 1, 1] 9 4 2.5k 0.5k 0.5k 256 384 26462179 6368256 32830435 192
[128, 32, 1] [128, 1, 1] 9 4 4.5k 0.5k 0.5k 256 384 25921507 6370816 32292323 198
[128, 64, 1] [128, 1, 1] 9 4 8.5k 0.5k 0.5k 256 384 25573603 6372096 31945699 210
[128, 128, 1] [128, 1, 1] 9 4 16.5k 0.5k 0.5k 256 384 25425507 6372736 31798243 238
[128, 1, 1] [128, 1, 1] 9 5 0.5k 0.5k 0.5k 256 380 34277347 6225920 40503267 231
[128, 2, 1] [128, 1, 1] 9 5 0.5k 0.5k 0.5k 256 380 24913891 6266880 31180771 231
[128, 4, 1] [128, 1, 1] 9 5 1.0k 0.5k 0.5k 256 380 26462179 6287360 32749539 232
[128, 8, 1] [128, 1, 1] 9 5 1.5k 0.5k 0.5k 256 380 26462179 6297600 32759779 234
[128, 16, 1] [128, 1, 1] 9 5 2.5k 0.5k 0.5k 256 380 26462179 6302720 32764899 237
[128, 32, 1] [128, 1, 1] 9 5 4.5k 0.5k 0.5k 256 380 25921507 6305280 32226787 243
[128, 64, 1] [128, 1, 1] 9 5 8.5k 0.5k 0.5k 256 380 25573603 6306560 31880163 255
[128, 128, 1] [128, 1, 1] 9 5 16.5k 0.5k 0.5k 256 380 25425507 6307200 31732707 283
[128, 1, 1] [128, 1, 1] 9 6 0.5k 0.5k 0.5k 256 391 34277347 6406144 40683491 276
[128, 2, 1] [128, 1, 1] 9 6 0.5k 0.5k 0.5k 256 391 24913891 6447104 31360995 276
[128, 4, 1] [128, 1, 1] 9 6 1.0k 0.5k 0.5k 256 391 26462179 6467584 32929763 277
[128, 8, 1] [128, 1, 1] 9 6 1.5k 0.5k 0.5k 256 391 26462179 6477824 32940003 279
[128, 16, 1] [128, 1, 1] 9 6 2.5k 0.5k 0.5k 256 391 26462179 6482944 32945123 282
[128, 32, 1] [128, 1, 1] 9 6 4.5k 0.5k 0.5k 256 391 25921507 6485504 32407011 288
[128, 2, 1] [128, 2, 1] 2 2 0.5k 0.5k 0.75k 256 551 24913891 4513792 29427683 30
[128, 4, 1] [128, 2, 1] 2 2 1.0k 0.5k 0.75k 256 551 26462179 4534272 30996451 31
[128, 8, 1] [128, 2, 1] 2 2 1.5k 0.5k 0.75k 256 551 26462179 4544512 31006691 33
[128, 16, 1] [128, 2, 1] 2 2 2.5k 0.5k 0.75k 256 551 26462179 4549632 31011811 36
[128, 32, 1] [128, 2, 1] 2 2 4.5k 0.5k 0.75k 256 551 25921507 4552192 30473699 42
[128, 64, 1] [128, 2, 1] 2 2 8.5k 0.5k 0.75k 256 551 25573603 4553472 30127075 54
[128, 128, 1] [128, 2, 1] 2 2 16.5k 0.5k 0.75k 256 551 25425507 4554112 29979619 80
[128, 2, 1] [128, 2, 1] 3 2 0.5k 0.5k 0.75k 256 543 24913891 4448256 29362147 42
[128, 4, 1] [128, 2, 1] 3 2 1.0k 0.5k 0.75k 256 543 26462179 4468736 30930915 43
[128, 8, 1] [128, 2, 1] 3 2 1.5k 0.5k 0.75k 256 543 26462179 4478976 30941155 45
[128, 16, 1] [128, 2, 1] 3 2 2.5k 0.5k 0.75k 256 543 26462179 4484096 30946275 48
[128, 32, 1] [128, 2, 1] 3 2 4.5k 0.5k 0.75k 256 543 25921507 4486656 30408163 54
[128, 64, 1] [128, 2, 1] 3 2 8.5k 0.5k 0.75k 256 543 25573603 4487936 30061539 66
[128, 128, 1] [128, 2, 1] 3 2 16.5k 0.5k 0.75k 256 543 25425507 4488576 29914083 92
[128, 2, 1] [128, 2, 1] 3 3 0.5k 0.5k 0.75k 256 517 24913891 4235264 29149155 60
[128, 4, 1] [128, 2, 1] 3 3 1.0k 0.5k 0.75k 256 517 26462179 4255744 30717923 61
[128, 8, 1] [128, 2, 1] 3 3 1.5k 0.5k 0.75k 256 517 26462179 4265984 30728163 63
[128, 16, 1] [128, 2, 1] 3 3 2.5k 0.5k 0.75k 256 517 26462179 4271104 30733283 66
[128, 32, 1] [128, 2, 1] 3 3 4.5k 0.5k 0.75k 256 517 25921507 4273664 30195171 72
[128, 64, 1] [128, 2, 1] 3 3 8.5k 0.5k 0.75k 256 517 25573603 4274944 29848547 84
[128, 128, 1] [128, 2, 1] 3 3 16.5k 0.5k 0.75k 256 517 25425507 4275584 29701091 110
[128, 2, 1] [128, 2, 1] 4 2 0.5k 0.5k 0.75k 256 516 24913891 4227072 29140963 54
[128, 4, 1] [128, 2, 1] 4 2 1.0k 0.5k 0.75k 256 516 26462179 4247552 30709731 55
[128, 8, 1] [128, 2, 1] 4 2 1.5k 0.5k 0.75k 256 516 26462179 4257792 30719971 57
[128, 16, 1] [128, 2, 1] 4 2 2.5k 0.5k 0.75k 256 516 26462179 4262912 30725091 60
[128, 32, 1] [128, 2, 1] 4 2 4.5k 0.5k 0.75k 256 516 25921507 4265472 30186979 66
[128, 64, 1] [128, 2, 1] 4 2 8.5k 0.5k 0.75k 256 516 25573603 4266752 29840355 78
[128, 128, 1] [128, 2, 1] 4 2 16.5k 0.5k 0.75k 256 516 25425507 4267392 29692899 104
[128, 2, 1] [128, 2, 1] 4 3 0.5k 0.5k 0.5k 256 504 24913891 4128768 29042659 66
[128, 4, 1] [128, 2, 1] 4 3 1.0k 0.5k 0.5k 256 504 26462179 4149248 30611427 67
[128, 8, 1] [128, 2, 1] 4 3 1.5k 0.5k 0.5k 256 504 26462179 4159488 30621667 69
[128, 16, 1] [128, 2, 1] 4 3 2.5k 0.5k 0.5k 256 504 26462179 4164608 30626787 72
[128, 32, 1] [128, 2, 1] 4 3 4.5k 0.5k 0.5k 256 504 25921507 4167168 30088675 78
[128, 64, 1] [128, 2, 1] 4 3 8.5k 0.5k 0.5k 256 504 25573603 4168448 29742051 90
[128, 128, 1] [128, 2, 1] 4 3 16.5k 0.5k 0.5k 256 504 25425507 4169088 29594595 116
[128, 2, 1] [128, 2, 1] 4 4 0.5k 0.5k 0.75k 256 514 24913891 4210688 29124579 102
[128, 4, 1] [128, 2, 1] 4 4 1.0k 0.5k 0.75k 256 514 26462179 4231168 30693347 103
[128, 8, 1] [128, 2, 1] 4 4 1.5k 0.5k 0.75k 256 514 26462179 4241408 30703587 105
[128, 16, 1] [128, 2, 1] 4 4 2.5k 0.5k 0.75k 256 514 26462179 4246528 30708707 108
[128, 32, 1] [128, 2, 1] 4 4 4.5k 0.5k 0.75k 256 514 25921507 4249088 30170595 114
[128, 64, 1] [128, 2, 1] 4 4 8.5k 0.5k 0.75k 256 514 25573603 4250368 29823971 126
[128, 128, 1] [128, 2, 1] 4 4 16.5k 0.5k 0.75k 256 514 25425507 4251008 29676515 152
[128, 2, 1] [128, 2, 1] 5 2 0.5k 0.5k 0.75k 256 517 24913891 4235264 29149155 66
[128, 4, 1] [128, 2, 1] 5 2 1.0k 0.5k 0.75k 256 517 26462179 4255744 30717923 67
[128, 8, 1] [128, 2, 1] 5 2 1.5k 0.5k 0.75k 256 517 26462179 4265984 30728163 69
[128, 16, 1] [128, 2, 1] 5 2 2.5k 0.5k 0.75k 256 517 26462179 4271104 30733283 72
[128, 32, 1] [128, 2, 1] 5 2 4.5k 0.5k 0.75k 256 517 25921507 4273664 30195171 78
[128, 64, 1] [128, 2, 1] 5 2 8.5k 0.5k 0.75k 256 517 25573603 4274944 29848547 90
[128, 128, 1] [128, 2, 1] 5 2 16.5k 0.5k 0.75k 256 517 25425507 4275584 29701091 116
[128, 2, 1] [128, 2, 1] 5 3 0.5k 0.5k 0.5k 256 506 24913891 4145152 29059043 81
[128, 4, 1] [128, 2, 1] 5 3 1.0k 0.5k 0.5k 256 506 26462179 4165632 30627811 82
[128, 8, 1] [128, 2, 1] 5 3 1.5k 0.5k 0.5k 256 506 26462179 4175872 30638051 84
[128, 16, 1] [128, 2, 1] 5 3 2.5k 0.5k 0.5k 256 506 26462179 4180992 30643171 87
[128, 32, 1] [128, 2, 1] 5 3 4.5k 0.5k 0.5k 256 506 25921507 4183552 30105059 93
[128, 64, 1] [128, 2, 1] 5 3 8.5k 0.5k 0.5k 256 506 25573603 4184832 29758435 105
[128, 128, 1] [128, 2, 1] 5 3 16.5k 0.5k 0.5k 256 506 25425507 4185472 29610979 131
[128, 2, 1] [128, 2, 1] 5 4 0.5k 0.5k 0.75k 256 516 24913891 4227072 29140963 126
[128, 4, 1] [128, 2, 1] 5 4 1.0k 0.5k 0.75k 256 516 26462179 4247552 30709731 127
[128, 8, 1] [128, 2, 1] 5 4 1.5k 0.5k 0.75k 256 516 26462179 4257792 30719971 129
[128, 16, 1] [128, 2, 1] 5 4 2.5k 0.5k 0.75k 256 516 26462179 4262912 30725091 132
[128, 32, 1] [128, 2, 1] 5 4 4.5k 0.5k 0.75k 256 516 25921507 4265472 30186979 138
[128, 64, 1] [128, 2, 1] 5 4 8.5k 0.5k 0.75k 256 516 25573603 4266752 29840355 150
[128, 128, 1] [128, 2, 1] 5 4 16.5k 0.5k 0.75k 256 516 25425507 4267392 29692899 176
[128, 2, 1] [128, 2, 1] 5 5 0.5k 0.5k 0.5k 256 504 24913891 4128768 29042659 131
[128, 4, 1] [128, 2, 1] 5 5 1.0k 0.5k 0.5k 256 504 26462179 4149248 30611427 132
[128, 8, 1] [128, 2, 1] 5 5 1.5k 0.5k 0.5k 256 504 26462179 4159488 30621667 134
[128, 16, 1] [128, 2, 1] 5 5 2.5k 0.5k 0.5k 256 504 26462179 4164608 30626787 137
[128, 32, 1] [128, 2, 1] 5 5 4.5k 0.5k 0.5k 256 504 25921507 4167168 30088675 143
[128, 64, 1] [128, 2, 1] 5 5 8.5k 0.5k 0.5k 256 504 25573603 4168448 29742051 155
[128, 128, 1] [128, 2, 1] 5 5 16.5k 0.5k 0.5k 256 504 25425507 4169088 29594595 181
[128, 2, 1] [128, 2, 1] 6 2 0.5k 0.5k 0.75k 256 520 24913891 4259840 29173731 78
[128, 4, 1] [128, 2, 1] 6 2 1.0k 0.5k 0.75k 256 520 26462179 4280320 30742499 79
[128, 8, 1] [128, 2, 1] 6 2 1.5k 0.5k 0.75k 256 520 26462179 4290560 30752739 81
[128, 16, 1] [128, 2, 1] 6 2 2.5k 0.5k 0.75k 256 520 26462179 4295680 30757859 84
[128, 32, 1] [128, 2, 1] 6 2 4.5k 0.5k 0.75k 256 520 25921507 4298240 30219747 90
[128, 64, 1] [128, 2, 1] 6 2 8.5k 0.5k 0.75k 256 520 25573603 4299520 29873123 102
[128, 128, 1] [128, 2, 1] 6 2 16.5k 0.5k 0.75k 256 520 25425507 4300160 29725667 128
[128, 2, 1] [128, 2, 1] 6 3 0.5k 0.5k 0.5k 256 507 24913891 4153344 29067235 96
[128, 4, 1] [128, 2, 1] 6 3 1.0k 0.5k 0.5k 256 507 26462179 4173824 30636003 97
[128, 8, 1] [128, 2, 1] 6 3 1.5k 0.5k 0.5k 256 507 26462179 4184064 30646243 99
[128, 16, 1] [128, 2, 1] 6 3 2.5k 0.5k 0.5k 256 507 26462179 4189184 30651363 102
[128, 32, 1] [128, 2, 1] 6 3 4.5k 0.5k 0.5k 256 507 25921507 4191744 30113251 108
[128, 64, 1] [128, 2, 1] 6 3 8.5k 0.5k 0.5k 256 507 25573603 4193024 29766627 120
[128, 128, 1] [128, 2, 1] 6 3 16.5k 0.5k 0.5k 256 507 25425507 4193664 29619171 146
[128, 2, 1] [128, 2, 1] 6 4 0.5k 0.5k 0.75k 256 518 24913891 4243456 29157347 150
[128, 4, 1] [128, 2, 1] 6 4 1.0k 0.5k 0.75k 256 518 26462179 4263936 30726115 151
[128, 8, 1] [128, 2, 1] 6 4 1.5k 0.5k 0.75k 256 518 26462179 4274176 30736355 153
[128, 16, 1] [128, 2, 1] 6 4 2.5k 0.5k 0.75k 256 518 26462179 4279296 30741475 156
[128, 32, 1] [128, 2, 1] 6 4 4.5k 0.5k 0.75k 256 518 25921507 4281856 30203363 162
[128, 64, 1] [128, 2, 1] 6 4 8.5k 0.5k 0.75k 256 518 25573603 4283136 29856739 174
[128, 128, 1] [128, 2, 1] 6 4 16.5k 0.5k 0.75k 256 518 25425507 4283776 29709283 200
[128, 2, 1] [128, 2, 1] 6 5 0.5k 0.5k 0.75k 256 518 24913891 4243456 29157347 186
[128, 4, 1] [128, 2, 1] 6 5 1.0k 0.5k 0.75k 256 518 26462179 4263936 30726115 187
[128, 8, 1] [128, 2, 1] 6 5 1.5k 0.5k 0.75k 256 518 26462179 4274176 30736355 189
[128, 16, 1] [128, 2, 1] 6 5 2.5k 0.5k 0.75k 256 518 26462179 4279296 30741475 192
[128, 32, 1] [128, 2, 1] 6 5 4.5k 0.5k 0.75k 256 518 25921507 4281856 30203363 198
[128, 64, 1] [128, 2, 1] 6 5 8.5k 0.5k 0.75k 256 518 25573603 4283136 29856739 210
[128, 128, 1] [128, 2, 1] 6 5 16.5k 0.5k 0.75k 256 518 25425507 4283776 29709283 236
[128, 2, 1] [128, 2, 1] 6 6 0.5k 0.5k 0.5k 256 511 24913891 4186112 29100003 186
[128, 4, 1] [128, 2, 1] 6 6 1.0k 0.5k 0.5k 256 511 26462179 4206592 30668771 187
[128, 8, 1] [128, 2, 1] 6 6 1.5k 0.5k 0.5k 256 511 26462179 4216832 30679011 189
[128, 16, 1] [128, 2, 1] 6 6 2.5k 0.5k 0.5k 256 511 26462179 4221952 30684131 192
[128, 32, 1] [128, 2, 1] 6 6 4.5k 0.5k 0.5k 256 511 25921507 4224512 30146019 198
[128, 64, 1] [128, 2, 1] 6 6 8.5k 0.5k 0.5k 256 511 25573603 4225792 29799395 210
[128, 128, 1] [128, 2, 1] 6 6 16.5k 0.5k 0.5k 256 511 25425507 4226432 29651939 236
[128, 2, 1] [128, 2, 1] 7 2 0.5k 0.5k 0.75k 256 529 24913891 4333568 29247459 90
[128, 4, 1] [128, 2, 1] 7 2 1.0k 0.5k 0.75k 256 529 26462179 4354048 30816227 91
[128, 8, 1] [128, 2, 1] 7 2 1.5k 0.5k 0.75k 256 529 26462179 4364288 30826467 93
[128, 16, 1] [128, 2, 1] 7 2 2.5k 0.5k 0.75k 256 529 26462179 4369408 30831587 96
[128, 32, 1] [128, 2, 1] 7 2 4.5k 0.5k 0.75k 256 529 25921507 4371968 30293475 102
[128, 64, 1] [128, 2, 1] 7 2 8.5k 0.5k 0.75k 256 529 25573603 4373248 29946851 114
[128, 128, 1] [128, 2, 1] 7 2 16.5k 0.5k 0.75k 256 529 25425507 4373888 29799395 140
[128, 2, 1] [128, 2, 1] 7 3 0.5k 0.5k 0.5k 256 498 24913891 4079616 28993507 111
[128, 4, 1] [128, 2, 1] 7 3 1.0k 0.5k 0.5k 256 498 26462179 4100096 30562275 112
[128, 8, 1] [128, 2, 1] 7 3 1.5k 0.5k 0.5k 256 498 26462179 4110336 30572515 114
[128, 16, 1] [128, 2, 1] 7 3 2.5k 0.5k 0.5k 256 498 26462179 4115456 30577635 117
[128, 32, 1] [128, 2, 1] 7 3 4.5k 0.5k 0.5k 256 498 25921507 4118016 30039523 123
[128, 64, 1] [128, 2, 1] 7 3 8.5k 0.5k 0.5k 256 498 25573603 4119296 29692899 135
[128, 128, 1] [128, 2, 1] 7 3 16.5k 0.5k 0.5k 256 498 25425507 4119936 29545443 161
[128, 2, 1] [128, 2, 1] 7 4 0.5k 0.5k 0.5k 256 509 24913891 4169728 29083619 146
[128, 4, 1] [128, 2, 1] 7 4 1.0k 0.5k 0.5k 256 509 26462179 4190208 30652387 147
[128, 8, 1] [128, 2, 1] 7 4 1.5k 0.5k 0.5k 256 509 26462179 4200448 30662627 149
[128, 16, 1] [128, 2, 1] 7 4 2.5k 0.5k 0.5k 256 509 26462179 4205568 30667747 152
[128, 32, 1] [128, 2, 1] 7 4 4.5k 0.5k 0.5k 256 509 25921507 4208128 30129635 158
[128, 64, 1] [128, 2, 1] 7 4 8.5k 0.5k 0.5k 256 509 25573603 4209408 29783011 170
[128, 128, 1] [128, 2, 1] 7 4 16.5k 0.5k 0.5k 256 509 25425507 4210048 29635555 196
[128, 2, 1] [128, 2, 1] 7 5 0.5k 0.5k 0.5k 256 504 24913891 4128768 29042659 181
[128, 4, 1] [128, 2, 1] 7 5 1.0k 0.5k 0.5k 256 504 26462179 4149248 30611427 182
[128, 8, 1] [128, 2, 1] 7 5 1.5k 0.5k 0.5k 256 504 26462179 4159488 30621667 184
[128, 16, 1] [128, 2, 1] 7 5 2.5k 0.5k 0.5k 256 504 26462179 4164608 30626787 187
[128, 32, 1] [128, 2, 1] 7 5 4.5k 0.5k 0.5k 256 504 25921507 4167168 30088675 193
[128, 64, 1] [128, 2, 1] 7 5 8.5k 0.5k 0.5k 256 504 25573603 4168448 29742051 205
[128, 128, 1] [128, 2, 1] 7 5 16.5k 0.5k 0.5k 256 504 25425507 4169088 29594595 231
[128, 2, 1] [128, 2, 1] 7 6 0.5k 0.5k 0.75k 256 525 24913891 4300800 29214691 258
[128, 4, 1] [128, 2, 1] 7 6 1.0k 0.5k 0.75k 256 525 26462179 4321280 30783459 259
[128, 8, 1] [128, 2, 1] 7 6 1.5k 0.5k 0.75k 256 525 26462179 4331520 30793699 261
[128, 16, 1] [128, 2, 1] 7 6 2.5k 0.5k 0.75k 256 525 26462179 4336640 30798819 264
[128, 32, 1] [128, 2, 1] 7 6 4.5k 0.5k 0.75k 256 525 25921507 4339200 30260707 270
[128, 64, 1] [128, 2, 1] 7 6 8.5k 0.5k 0.75k 256 525 25573603 4340480 29914083 282
[128, 2, 1] [128, 2, 1] 8 2 0.5k 0.5k 0.75k 256 521 24913891 4268032 29181923 102
[128, 4, 1] [128, 2, 1] 8 2 1.0k 0.5k 0.75k 256 521 26462179 4288512 30750691 103
[128, 8, 1] [128, 2, 1] 8 2 1.5k 0.5k 0.75k 256 521 26462179 4298752 30760931 105
[128, 16, 1] [128, 2, 1] 8 2 2.5k 0.5k 0.75k 256 521 26462179 4303872 30766051 108
[128, 32, 1] [128, 2, 1] 8 2 4.5k 0.5k 0.75k 256 521 25921507 4306432 30227939 114
[128, 64, 1] [128, 2, 1] 8 2 8.5k 0.5k 0.75k 256 521 25573603 4307712 29881315 126
[128, 128, 1] [128, 2, 1] 8 2 16.5k 0.5k 0.75k 256 521 25425507 4308352 29733859 152
[128, 2, 1] [128, 2, 1] 8 3 0.5k 0.5k 0.75k 256 513 24913891 4202496 29116387 150
[128, 4, 1] [128, 2, 1] 8 3 1.0k 0.5k 0.75k 256 513 26462179 4222976 30685155 151
[128, 8, 1] [128, 2, 1] 8 3 1.5k 0.5k 0.75k 256 513 26462179 4233216 30695395 153
[128, 16, 1] [128, 2, 1] 8 3 2.5k 0.5k 0.75k 256 513 26462179 4238336 30700515 156
[128, 32, 1] [128, 2, 1] 8 3 4.5k 0.5k 0.75k 256 513 25921507 4240896 30162403 162
[128, 64, 1] [128, 2, 1] 8 3 8.5k 0.5k 0.75k 256 513 25573603 4242176 29815779 174
[128, 128, 1] [128, 2, 1] 8 3 16.5k 0.5k 0.75k 256 513 25425507 4242816 29668323 200
[128, 2, 1] [128, 2, 1] 8 4 0.5k 0.5k 0.75k 256 514 24913891 4210688 29124579 198
[128, 4, 1] [128, 2, 1] 8 4 1.0k 0.5k 0.75k 256 514 26462179 4231168 30693347 199
[128, 8, 1] [128, 2, 1] 8 4 1.5k 0.5k 0.75k 256 514 26462179 4241408 30703587 201
[128, 16, 1] [128, 2, 1] 8 4 2.5k 0.5k 0.75k 256 514 26462179 4246528 30708707 204
[128, 32, 1] [128, 2, 1] 8 4 4.5k 0.5k 0.75k 256 514 25921507 4249088 30170595 210
[128, 64, 1] [128, 2, 1] 8 4 8.5k 0.5k 0.75k 256 514 25573603 4250368 29823971 222
[128, 128, 1] [128, 2, 1] 8 4 16.5k 0.5k 0.75k 256 514 25425507 4251008 29676515 248
[128, 2, 1] [128, 2, 1] 8 5 0.5k 0.5k 0.75k 256 530 24913891 4341760 29255651 246
[128, 4, 1] [128, 2, 1] 8 5 1.0k 0.5k 0.75k 256 530 26462179 4362240 30824419 247
[128, 8, 1] [128, 2, 1] 8 5 1.5k 0.5k 0.75k 256 530 26462179 4372480 30834659 249
[128, 16, 1] [128, 2, 1] 8 5 2.5k 0.5k 0.75k 256 530 26462179 4377600 30839779 252
[128, 32, 1] [128, 2, 1] 8 5 4.5k 0.5k 0.75k 256 530 25921507 4380160 30301667 258
[128, 64, 1] [128, 2, 1] 8 5 8.5k 0.5k 0.75k 256 530 25573603 4381440 29955043 270
[128, 2, 1] [128, 2, 1] 8 6 0.5k 0.5k 0.5k 256 510 24913891 4177920 29091811 246
[128, 4, 1] [128, 2, 1] 8 6 1.0k 0.5k 0.5k 256 510 26462179 4198400 30660579 247
[128, 8, 1] [128, 2, 1] 8 6 1.5k 0.5k 0.5k 256 510 26462179 4208640 30670819 249
[128, 16, 1] [128, 2, 1] 8 6 2.5k 0.5k 0.5k 256 510 26462179 4213760 30675939 252
[128, 32, 1] [128, 2, 1] 8 6 4.5k 0.5k 0.5k 256 510 25921507 4216320 30137827 258
[128, 64, 1] [128, 2, 1] 8 6 8.5k 0.5k 0.5k 256 510 25573603 4217600 29791203 270
[128, 2, 1] [128, 2, 1] 9 2 0.5k 0.5k 0.75k 256 519 24913891 4251648 29165539 114
[128, 4, 1] [128, 2, 1] 9 2 1.0k 0.5k 0.75k 256 519 26462179 4272128 30734307 115
[128, 8, 1] [128, 2, 1] 9 2 1.5k 0.5k 0.75k 256 519 26462179 4282368 30744547 117
[128, 16, 1] [128, 2, 1] 9 2 2.5k 0.5k 0.75k 256 519 26462179 4287488 30749667 120
[128, 32, 1] [128, 2, 1] 9 2 4.5k 0.5k 0.75k 256 519 25921507 4290048 30211555 126
[128, 64, 1] [128, 2, 1] 9 2 8.5k 0.5k 0.75k 256 519 25573603 4291328 29864931 138
[128, 128, 1] [128, 2, 1] 9 2 16.5k 0.5k 0.75k 256 519 25425507 4291968 29717475 164
[128, 2, 1] [128, 2, 1] 9 3 0.5k 0.5k 0.5k 256 512 24913891 4194304 29108195 141
[128, 4, 1] [128, 2, 1] 9 3 1.0k 0.5k 0.5k 256 512 26462179 4214784 30676963 142
[128, 8, 1] [128, 2, 1] 9 3 1.5k 0.5k 0.5k 256 512 26462179 4225024 30687203 144
[128, 16, 1] [128, 2, 1] 9 3 2.5k 0.5k 0.5k 256 512 26462179 4230144 30692323 147
[128, 32, 1] [128, 2, 1] 9 3 4.5k 0.5k 0.5k 256 512 25921507 4232704 30154211 153
[128, 64, 1] [128, 2, 1] 9 3 8.5k 0.5k 0.5k 256 512 25573603 4233984 29807587 165
[128, 128, 1] [128, 2, 1] 9 3 16.5k 0.5k 0.5k 256 512 25425507 4234624 29660131 191
[128, 2, 1] [128, 2, 1] 9 4 0.5k 0.5k 0.5k 256 507 24913891 4153344 29067235 186
[128, 4, 1] [128, 2, 1] 9 4 1.0k 0.5k 0.5k 256 507 26462179 4173824 30636003 187
[128, 8, 1] [128, 2, 1] 9 4 1.5k 0.5k 0.5k 256 507 26462179 4184064 30646243 189
[128, 16, 1] [128, 2, 1] 9 4 2.5k 0.5k 0.5k 256 507 26462179 4189184 30651363 192
[128, 32, 1] [128, 2, 1] 9 4 4.5k 0.5k 0.5k 256 507 25921507 4191744 30113251 198
[128, 64, 1] [128, 2, 1] 9 4 8.5k 0.5k 0.5k 256 507 25573603 4193024 29766627 210
[128, 128, 1] [128, 2, 1] 9 4 16.5k 0.5k 0.5k 256 507 25425507 4193664 29619171 236
[128, 2, 1] [128, 2, 1] 9 5 0.5k 0.5k 0.75k 256 524 24913891 4292608 29206499 276
[128, 4, 1] [128, 2, 1] 9 5 1.0k 0.5k 0.75k 256 524 26462179 4313088 30775267 277
[128, 8, 1] [128, 2, 1] 9 5 1.5k 0.5k 0.75k 256 524 26462179 4323328 30785507 279
[128, 16, 1] [128, 2, 1] 9 5 2.5k 0.5k 0.75k 256 524 26462179 4328448 30790627 282
[128, 32, 1] [128, 2, 1] 9 5 4.5k 0.5k 0.75k 256 524 25921507 4331008 30252515 288
[128, 2, 1] [128, 2, 1] 10 2 0.5k 0.5k 0.75k 256 538 24913891 4407296 29321187 126
[128, 4, 1] [128, 2, 1] 10 2 1.0k 0.5k 0.75k 256 538 26462179 4427776 30889955 127
[128, 8, 1] [128, 2, 1] 10 2 1.5k 0.5k 0.75k 256 538 26462179 4438016 30900195 129
[128, 16, 1] [128, 2, 1] 10 2 2.5k 0.5k 0.75k 256 538 26462179 4443136 30905315 132
[128, 32, 1] [128, 2, 1] 10 2 4.5k 0.5k 0.75k 256 538 25921507 4445696 30367203 138
[128, 64, 1] [128, 2, 1] 10 2 8.5k 0.5k 0.75k 256 538 25573603 4446976 30020579 150
[128, 128, 1] [128, 2, 1] 10 2 16.5k 0.5k 0.75k 256 538 25425507 4447616 29873123 176
[128, 2, 1] [128, 2, 1] 10 3 0.5k 0.5k 0.75k 256 523 24913891 4284416 29198307 186
[128, 4, 1] [128, 2, 1] 10 3 1.0k 0.5k 0.75k 256 523 26462179 4304896 30767075 187
[128, 8, 1] [128, 2, 1] 10 3 1.5k 0.5k 0.75k 256 523 26462179 4315136 30777315 189
[128, 16, 1] [128, 2, 1] 10 3 2.5k 0.5k 0.75k 256 523 26462179 4320256 30782435 192
[128, 32, 1] [128, 2, 1] 10 3 4.5k 0.5k 0.75k 256 523 25921507 4322816 30244323 198
[128, 64, 1] [128, 2, 1] 10 3 8.5k 0.5k 0.75k 256 523 25573603 4324096 29897699 210
[128, 128, 1] [128, 2, 1] 10 3 16.5k 0.5k 0.75k 256 523 25425507 4324736 29750243 236
[128, 2, 1] [128, 2, 1] 10 4 0.5k 0.5k 0.75k 256 527 24913891 4317184 29231075 246
[128, 4, 1] [128, 2, 1] 10 4 1.0k 0.5k 0.75k 256 527 26462179 4337664 30799843 247
[128, 8, 1] [128, 2, 1] 10 4 1.5k 0.5k 0.75k 256 527 26462179 4347904 30810083 249
[128, 16, 1] [128, 2, 1] 10 4 2.5k 0.5k 0.75k 256 527 26462179 4353024 30815203 252
[128, 32, 1] [128, 2, 1] 10 4 4.5k 0.5k 0.75k 256 527 25921507 4355584 30277091 258
[128, 64, 1] [128, 2, 1] 10 4 8.5k 0.5k 0.75k 256 527 25573603 4356864 29930467 270
[128, 2, 1] [128, 2, 1] 11 2 0.5k 0.5k 0.75k 256 518 24913891 4243456 29157347 138
[128, 4, 1] [128, 2, 1] 11 2 1.0k 0.5k 0.75k 256 518 26462179 4263936 30726115 139
[128, 8, 1] [128, 2, 1] 11 2 1.5k 0.5k 0.75k 256 518 26462179 4274176 30736355 141
[128, 16, 1] [128, 2, 1] 11 2 2.5k 0.5k 0.75k 256 518 26462179 4279296 30741475 144
[128, 32, 1] [128, 2, 1] 11 2 4.5k 0.5k 0.75k 256 518 25921507 4281856 30203363 150
[128, 64, 1] [128, 2, 1] 11 2 8.5k 0.5k 0.75k 256 518 25573603 4283136 29856739 162
[128, 128, 1] [128, 2, 1] 11 2 16.5k 0.5k 0.75k 256 518 25425507 4283776 29709283 188
[128, 2, 1] [128, 2, 1] 11 3 0.5k 0.5k 0.75k 256 546 24913891 4472832 29386723 204
[128, 4, 1] [128, 2, 1] 11 3 1.0k 0.5k 0.75k 256 546 26462179 4493312 30955491 205
[128, 8, 1] [128, 2, 1] 11 3 1.5k 0.5k 0.75k 256 546 26462179 4503552 30965731 207
[128, 16, 1] [128, 2, 1] 11 3 2.5k 0.5k 0.75k 256 546 26462179 4508672 30970851 210
[128, 32, 1] [128, 2, 1] 11 3 4.5k 0.5k 0.75k 256 546 25921507 4511232 30432739 216
[128, 64, 1] [128, 2, 1] 11 3 8.5k 0.5k 0.75k 256 546 25573603 4512512 30086115 228
[128, 128, 1] [128, 2, 1] 11 3 16.5k 0.5k 0.75k 256 546 25425507 4513152 29938659 254
[128, 2, 1] [128, 2, 1] 11 4 0.5k 0.5k 0.75k 256 522 24913891 4276224 29190115 270
[128, 4, 1] [128, 2, 1] 11 4 1.0k 0.5k 0.75k 256 522 26462179 4296704 30758883 271
[128, 8, 1] [128, 2, 1] 11 4 1.5k 0.5k 0.75k 256 522 26462179 4306944 30769123 273
[128, 16, 1] [128, 2, 1] 11 4 2.5k 0.5k 0.75k 256 522 26462179 4312064 30774243 276
[128, 32, 1] [128, 2, 1] 11 4 4.5k 0.5k 0.75k 256 522 25921507 4314624 30236131 282
[128, 4, 1] [128, 4, 1] 2 2 1.0k 0.5k 1.0k 256 903 26462179 3698688 30160867 35
[128, 8, 1] [128, 4, 1] 2 2 1.5k 0.5k 1.0k 256 903 26462179 3708928 30171107 37
[128, 16, 1] [128, 4, 1] 2 2 2.5k 0.5k 1.0k 256 903 26462179 3714048 30176227 40
[128, 32, 1] [128, 4, 1] 2 2 4.5k 0.5k 1.0k 256 903 25921507 3716608 29638115 46
[128, 64, 1] [128, 4, 1] 2 2 8.5k 0.5k 1.0k 256 903 25573603 3717888 29291491 58
[128, 128, 1] [128, 4, 1] 2 2 16.5k 0.5k 1.0k 256 903 25425507 3718528 29144035 84
[128, 4, 1] [128, 4, 1] 3 2 1.0k 0.5k 1.0k 256 838 26462179 3432448 29894627 49
[128, 8, 1] [128, 4, 1] 3 2 1.5k 0.5k 1.0k 256 838 26462179 3442688 29904867 51
[128, 16, 1] [128, 4, 1] 3 2 2.5k 0.5k 1.0k 256 838 26462179 3447808 29909987 54
[128, 32, 1] [128, 4, 1] 3 2 4.5k 0.5k 1.0k 256 838 25921507 3450368 29371875 60
[128, 64, 1] [128, 4, 1] 3 2 8.5k 0.5k 1.0k 256 838 25573603 3451648 29025251 72
[128, 128, 1] [128, 4, 1] 3 2 16.5k 0.5k 1.0k 256 838 25425507 3452288 28877795 96
[128, 4, 1] [128, 4, 1] 3 3 1.0k 0.5k 1.0k 256 818 26462179 3350528 29812707 70
[128, 8, 1] [128, 4, 1] 3 3 1.5k 0.5k 1.0k 256 818 26462179 3360768 29822947 72
[128, 16, 1] [128, 4, 1] 3 3 2.5k 0.5k 1.0k 256 818 26462179 3365888 29828067 75
[128, 32, 1] [128, 4, 1] 3 3 4.5k 0.5k 1.0k 256 818 25921507 3368448 29289955 81
[128, 64, 1] [128, 4, 1] 3 3 8.5k 0.5k 1.0k 256 818 25573603 3369728 28943331 93
[128, 128, 1] [128, 4, 1] 3 3 16.5k 0.5k 1.0k 256 818 25425507 3370368 28795875 117
[128, 4, 1] [128, 4, 1] 4 2 1.0k 0.5k 1.0k 256 841 26462179 3444736 29906915 63
[128, 8, 1] [128, 4, 1] 4 2 1.5k 0.5k 1.0k 256 841 26462179 3454976 29917155 65
[128, 16, 1] [128, 4, 1] 4 2 2.5k 0.5k 1.0k 256 841 26462179 3460096 29922275 68
[128, 32, 1] [128, 4, 1] 4 2 4.5k 0.5k 1.0k 256 841 25921507 3462656 29384163 74
[128, 64, 1] [128, 4, 1] 4 2 8.5k 0.5k 1.0k 256 841 25573603 3463936 29037539 86
[128, 128, 1] [128, 4, 1] 4 2 16.5k 0.5k 1.0k 256 841 25425507 3464576 28890083 110
[128, 4, 1] [128, 4, 1] 4 3 1.0k 0.5k 1.0k 256 791 26462179 3239936 29702115 91
[128, 8, 1] [128, 4, 1] 4 3 1.5k 0.5k 1.0k 256 791 26462179 3250176 29712355 93
[128, 16, 1] [128, 4, 1] 4 3 2.5k 0.5k 1.0k 256 791 26462179 3255296 29717475 96
[128, 32, 1] [128, 4, 1] 4 3 4.5k 0.5k 1.0k 256 791 25921507 3257856 29179363 102
[128, 64, 1] [128, 4, 1] 4 3 8.5k 0.5k 1.0k 256 791 25573603 3259136 28832739 114
[128, 128, 1] [128, 4, 1] 4 3 16.5k 0.5k 1.0k 256 791 25425507 3259776 28685283 138
[128, 4, 1] [128, 4, 1] 4 4 1.0k 0.5k 1.0k 256 791 26462179 3239936 29702115 119
[128, 8, 1] [128, 4, 1] 4 4 1.5k 0.5k 1.0k 256 791 26462179 3250176 29712355 121
[128, 16, 1] [128, 4, 1] 4 4 2.5k 0.5k 1.0k 256 791 26462179 3255296 29717475 124
[128, 32, 1] [128, 4, 1] 4 4 4.5k 0.5k 1.0k 256 791 25921507 3257856 29179363 130
[128, 64, 1] [128, 4, 1] 4 4 8.5k 0.5k 1.0k 256 791 25573603 3259136 28832739 142
[128, 128, 1] [128, 4, 1] 4 4 16.5k 0.5k 1.0k 256 791 25425507 3259776 28685283 166
[128, 4, 1] [128, 4, 1] 5 2 1.0k 0.5k 1.0k 256 810 26462179 3317760 29779939 77
[128, 8, 1] [128, 4, 1] 5 2 1.5k 0.5k 1.0k 256 810 26462179 3328000 29790179 79
[128, 16, 1] [128, 4, 1] 5 2 2.5k 0.5k 1.0k 256 810 26462179 3333120 29795299 82
[128, 32, 1] [128, 4, 1] 5 2 4.5k 0.5k 1.0k 256 810 25921507 3335680 29257187 88
[128, 64, 1] [128, 4, 1] 5 2 8.5k 0.5k 1.0k 256 810 25573603 3336960 28910563 100
[128, 128, 1] [128, 4, 1] 5 2 16.5k 0.5k 1.0k 256 810 25425507 3337600 28763107 124
[128, 4, 1] [128, 4, 1] 5 3 1.0k 0.5k 1.0k 256 803 26462179 3289088 29751267 112
[128, 8, 1] [128, 4, 1] 5 3 1.5k 0.5k 1.0k 256 803 26462179 3299328 29761507 114
[128, 16, 1] [128, 4, 1] 5 3 2.5k 0.5k 1.0k 256 803 26462179 3304448 29766627 117
[128, 32, 1] [128, 4, 1] 5 3 4.5k 0.5k 1.0k 256 803 25921507 3307008 29228515 123
[128, 64, 1] [128, 4, 1] 5 3 8.5k 0.5k 1.0k 256 803 25573603 3308288 28881891 135
[128, 128, 1] [128, 4, 1] 5 3 16.5k 0.5k 1.0k 256 803 25425507 3308928 28734435 159
[128, 4, 1] [128, 4, 1] 5 4 1.0k 0.5k 1.0k 256 785 26462179 3215360 29677539 147
[128, 8, 1] [128, 4, 1] 5 4 1.5k 0.5k 1.0k 256 785 26462179 3225600 29687779 149
[128, 16, 1] [128, 4, 1] 5 4 2.5k 0.5k 1.0k 256 785 26462179 3230720 29692899 152
[128, 32, 1] [128, 4, 1] 5 4 4.5k 0.5k 1.0k 256 785 25921507 3233280 29154787 158
[128, 64, 1] [128, 4, 1] 5 4 8.5k 0.5k 1.0k 256 785 25573603 3234560 28808163 170
[128, 128, 1] [128, 4, 1] 5 4 16.5k 0.5k 1.0k 256 785 25425507 3235200 28660707 194
[128, 4, 1] [128, 4, 1] 5 5 1.0k 0.5k 1.0k 256 787 26462179 3223552 29685731 182
[128, 8, 1] [128, 4, 1] 5 5 1.5k 0.5k 1.0k 256 787 26462179 3233792 29695971 184
[128, 16, 1] [128, 4, 1] 5 5 2.5k 0.5k 1.0k 256 787 26462179 3238912 29701091 187
[128, 32, 1] [128, 4, 1] 5 5 4.5k 0.5k 1.0k 256 787 25921507 3241472 29162979 193
[128, 64, 1] [128, 4, 1] 5 5 8.5k 0.5k 1.0k 256 787 25573603 3242752 28816355 205
[128, 128, 1] [128, 4, 1] 5 5 16.5k 0.5k 1.0k 256 787 25425507 3243392 28668899 229
[128, 4, 1] [128, 4, 1] 6 2 1.0k 0.5k 1.0k 256 823 26462179 3371008 29833187 91
[128, 8, 1] [128, 4, 1] 6 2 1.5k 0.5k 1.0k 256 823 26462179 3381248 29843427 93
[128, 16, 1] [128, 4, 1] 6 2 2.5k 0.5k 1.0k 256 823 26462179 3386368 29848547 96
[128, 32, 1] [128, 4, 1] 6 2 4.5k 0.5k 1.0k 256 823 25921507 3388928 29310435 102
[128, 64, 1] [128, 4, 1] 6 2 8.5k 0.5k 1.0k 256 823 25573603 3390208 28963811 114
[128, 128, 1] [128, 4, 1] 6 2 16.5k 0.5k 1.0k 256 823 25425507 3390848 28816355 138
[128, 4, 1] [128, 4, 1] 6 3 1.0k 0.5k 1.0k 256 794 26462179 3252224 29714403 133
[128, 8, 1] [128, 4, 1] 6 3 1.5k 0.5k 1.0k 256 794 26462179 3262464 29724643 135
[128, 16, 1] [128, 4, 1] 6 3 2.5k 0.5k 1.0k 256 794 26462179 3267584 29729763 138
[128, 32, 1] [128, 4, 1] 6 3 4.5k 0.5k 1.0k 256 794 25921507 3270144 29191651 144
[128, 64, 1] [128, 4, 1] 6 3 8.5k 0.5k 1.0k 256 794 25573603 3271424 28845027 156
[128, 128, 1] [128, 4, 1] 6 3 16.5k 0.5k 1.0k 256 794 25425507 3272064 28697571 180
[128, 4, 1] [128, 4, 1] 6 4 1.0k 0.5k 1.0k 256 775 26462179 3174400 29636579 175
[128, 8, 1] [128, 4, 1] 6 4 1.5k 0.5k 1.0k 256 775 26462179 3184640 29646819 177
[128, 16, 1] [128, 4, 1] 6 4 2.5k 0.5k 1.0k 256 775 26462179 3189760 29651939 180
[128, 32, 1] [128, 4, 1] 6 4 4.5k 0.5k 1.0k 256 775 25921507 3192320 29113827 186
[128, 64, 1] [128, 4, 1] 6 4 8.5k 0.5k 1.0k 256 775 25573603 3193600 28767203 198
[128, 128, 1] [128, 4, 1] 6 4 16.5k 0.5k 1.0k 256 775 25425507 3194240 28619747 222
[128, 4, 1] [128, 4, 1] 6 5 1.0k 0.5k 1.0k 256 774 26462179 3170304 29632483 217
[128, 8, 1] [128, 4, 1] 6 5 1.5k 0.5k 1.0k 256 774 26462179 3180544 29642723 219
[128, 16, 1] [128, 4, 1] 6 5 2.5k 0.5k 1.0k 256 774 26462179 3185664 29647843 222
[128, 32, 1] [128, 4, 1] 6 5 4.5k 0.5k 1.0k 256 774 25921507 3188224 29109731 228
[128, 64, 1] [128, 4, 1] 6 5 8.5k 0.5k 1.0k 256 774 25573603 3189504 28763107 240
[128, 128, 1] [128, 4, 1] 6 5 16.5k 0.5k 1.0k 256 774 25425507 3190144 28615651 264
[128, 4, 1] [128, 4, 1] 6 6 1.0k 0.5k 1.0k 256 771 26462179 3158016 29620195 259
[128, 8, 1] [128, 4, 1] 6 6 1.5k 0.5k 1.0k 256 771 26462179 3168256 29630435 261
[128, 16, 1] [128, 4, 1] 6 6 2.5k 0.5k 1.0k 256 771 26462179 3173376 29635555 264
[128, 32, 1] [128, 4, 1] 6 6 4.5k 0.5k 1.0k 256 771 25921507 3175936 29097443 270
[128, 64, 1] [128, 4, 1] 6 6 8.5k 0.5k 1.0k 256 771 25573603 3177216 28750819 282
[128, 4, 1] [128, 4, 1] 7 2 1.0k 0.5k 1.0k 256 802 26462179 3284992 29747171 105
[128, 8, 1] [128, 4, 1] 7 2 1.5k 0.5k 1.0k 256 802 26462179 3295232 29757411 107
[128, 16, 1] [128, 4, 1] 7 2 2.5k 0.5k 1.0k 256 802 26462179 3300352 29762531 110
[128, 32, 1] [128, 4, 1] 7 2 4.5k 0.5k 1.0k 256 802 25921507 3302912 29224419 116
[128, 64, 1] [128, 4, 1] 7 2 8.5k 0.5k 1.0k 256 802 25573603 3304192 28877795 128
[128, 128, 1] [128, 4, 1] 7 2 16.5k 0.5k 1.0k 256 802 25425507 3304832 28730339 152
[128, 4, 1] [128, 4, 1] 7 3 1.0k 0.5k 1.0k 256 795 26462179 3256320 29718499 154
[128, 8, 1] [128, 4, 1] 7 3 1.5k 0.5k 1.0k 256 795 26462179 3266560 29728739 156
[128, 16, 1] [128, 4, 1] 7 3 2.5k 0.5k 1.0k 256 795 26462179 3271680 29733859 159
[128, 32, 1] [128, 4, 1] 7 3 4.5k 0.5k 1.0k 256 795 25921507 3274240 29195747 165
[128, 64, 1] [128, 4, 1] 7 3 8.5k 0.5k 1.0k 256 795 25573603 3275520 28849123 177
[128, 128, 1] [128, 4, 1] 7 3 16.5k 0.5k 1.0k 256 795 25425507 3276160 28701667 201
[128, 4, 1] [128, 4, 1] 7 4 1.0k 0.5k 1.0k 256 775 26462179 3174400 29636579 203
[128, 8, 1] [128, 4, 1] 7 4 1.5k 0.5k 1.0k 256 775 26462179 3184640 29646819 205
[128, 16, 1] [128, 4, 1] 7 4 2.5k 0.5k 1.0k 256 775 26462179 3189760 29651939 208
[128, 32, 1] [128, 4, 1] 7 4 4.5k 0.5k 1.0k 256 775 25921507 3192320 29113827 214
[128, 64, 1] [128, 4, 1] 7 4 8.5k 0.5k 1.0k 256 775 25573603 3193600 28767203 226
[128, 128, 1] [128, 4, 1] 7 4 16.5k 0.5k 1.0k 256 775 25425507 3194240 28619747 250
[128, 4, 1] [128, 4, 1] 7 5 1.0k 0.5k 1.0k 256 787 26462179 3223552 29685731 252
[128, 8, 1] [128, 4, 1] 7 5 1.5k 0.5k 1.0k 256 787 26462179 3233792 29695971 254
[128, 16, 1] [128, 4, 1] 7 5 2.5k 0.5k 1.0k 256 787 26462179 3238912 29701091 257
[128, 32, 1] [128, 4, 1] 7 5 4.5k 0.5k 1.0k 256 787 25921507 3241472 29162979 263
[128, 64, 1] [128, 4, 1] 7 5 8.5k 0.5k 1.0k 256 787 25573603 3242752 28816355 275
[128, 4, 1] [128, 4, 1] 8 2 1.0k 0.5k 1.0k 256 810 26462179 3317760 29779939 119
[128, 8, 1] [128, 4, 1] 8 2 1.5k 0.5k 1.0k 256 810 26462179 3328000 29790179 121
[128, 16, 1] [128, 4, 1] 8 2 2.5k 0.5k 1.0k 256 810 26462179 3333120 29795299 124
[128, 32, 1] [128, 4, 1] 8 2 4.5k 0.5k 1.0k 256 810 25921507 3335680 29257187 130
[128, 64, 1] [128, 4, 1] 8 2 8.5k 0.5k 1.0k 256 810 25573603 3336960 28910563 142
[128, 128, 1] [128, 4, 1] 8 2 16.5k 0.5k 1.0k 256 810 25425507 3337600 28763107 166
[128, 4, 1] [128, 4, 1] 8 3 1.0k 0.5k 1.0k 256 804 26462179 3293184 29755363 175
[128, 8, 1] [128, 4, 1] 8 3 1.5k 0.5k 1.0k 256 804 26462179 3303424 29765603 177
[128, 16, 1] [128, 4, 1] 8 3 2.5k 0.5k 1.0k 256 804 26462179 3308544 29770723 180
[128, 32, 1] [128, 4, 1] 8 3 4.5k 0.5k 1.0k 256 804 25921507 3311104 29232611 186
[128, 64, 1] [128, 4, 1] 8 3 8.5k 0.5k 1.0k 256 804 25573603 3312384 28885987 198
[128, 128, 1] [128, 4, 1] 8 3 16.5k 0.5k 1.0k 256 804 25425507 3313024 28738531 222
[128, 4, 1] [128, 4, 1] 8 4 1.0k 0.5k 1.0k 256 785 26462179 3215360 29677539 231
[128, 8, 1] [128, 4, 1] 8 4 1.5k 0.5k 1.0k 256 785 26462179 3225600 29687779 233
[128, 16, 1] [128, 4, 1] 8 4 2.5k 0.5k 1.0k 256 785 26462179 3230720 29692899 236
[128, 32, 1] [128, 4, 1] 8 4 4.5k 0.5k 1.0k 256 785 25921507 3233280 29154787 242
[128, 64, 1] [128, 4, 1] 8 4 8.5k 0.5k 1.0k 256 785 25573603 3234560 28808163 254
[128, 128, 1] [128, 4, 1] 8 4 16.5k 0.5k 1.0k 256 785 25425507 3235200 28660707 278
[128, 4, 1] [128, 4, 1] 8 5 1.0k 0.5k 1.0k 256 786 26462179 3219456 29681635 287
[128, 4, 1] [128, 4, 1] 9 2 1.0k 0.5k 1.0k 256 791 26462179 3239936 29702115 133
[128, 8, 1] [128, 4, 1] 9 2 1.5k 0.5k 1.0k 256 791 26462179 3250176 29712355 135
[128, 16, 1] [128, 4, 1] 9 2 2.5k 0.5k 1.0k 256 791 26462179 3255296 29717475 138
[128, 32, 1] [128, 4, 1] 9 2 4.5k 0.5k 1.0k 256 791 25921507 3257856 29179363 144
[128, 64, 1] [128, 4, 1] 9 2 8.5k 0.5k 1.0k 256 791 25573603 3259136 28832739 156
[128, 128, 1] [128, 4, 1] 9 2 16.5k 0.5k 1.0k 256 791 25425507 3259776 28685283 180
[128, 4, 1] [128, 4, 1] 9 3 1.0k 0.5k 1.0k 256 782 26462179 3203072 29665251 196
[128, 8, 1] [128, 4, 1] 9 3 1.5k 0.5k 1.0k 256 782 26462179 3213312 29675491 198
[128, 16, 1] [128, 4, 1] 9 3 2.5k 0.5k 1.0k 256 782 26462179 3218432 29680611 201
[128, 32, 1] [128, 4, 1] 9 3 4.5k 0.5k 1.0k 256 782 25921507 3220992 29142499 207
[128, 64, 1] [128, 4, 1] 9 3 8.5k 0.5k 1.0k 256 782 25573603 3222272 28795875 219
[128, 128, 1] [128, 4, 1] 9 3 16.5k 0.5k 1.0k 256 782 25425507 3222912 28648419 243
[128, 4, 1] [128, 4, 1] 9 4 1.0k 0.5k 1.0k 256 794 26462179 3252224 29714403 259
[128, 8, 1] [128, 4, 1] 9 4 1.5k 0.5k 1.0k 256 794 26462179 3262464 29724643 261
[128, 16, 1] [128, 4, 1] 9 4 2.5k 0.5k 1.0k 256 794 26462179 3267584 29729763 264
[128, 32, 1] [128, 4, 1] 9 4 4.5k 0.5k 1.0k 256 794 25921507 3270144 29191651 270
[128, 64, 1] [128, 4, 1] 9 4 8.5k 0.5k 1.0k 256 794 25573603 3271424 28845027 282
[128, 4, 1] [128, 4, 1] 10 2 1.0k 0.5k 1.0k 256 798 26462179 3268608 29730787 147
[128, 8, 1] [128, 4, 1] 10 2 1.5k 0.5k 1.0k 256 798 26462179 3278848 29741027 149
[128, 16, 1] [128, 4, 1] 10 2 2.5k 0.5k 1.0k 256 798 26462179 3283968 29746147 152
[128, 32, 1] [128, 4, 1] 10 2 4.5k 0.5k 1.0k 256 798 25921507 3286528 29208035 158
[128, 64, 1] [128, 4, 1] 10 2 8.5k 0.5k 1.0k 256 798 25573603 3287808 28861411 170
[128, 128, 1] [128, 4, 1] 10 2 16.5k 0.5k 1.0k 256 798 25425507 3288448 28713955 194
[128, 4, 1] [128, 4, 1] 10 3 1.0k 0.5k 1.0k 256 787 26462179 3223552 29685731 217
[128, 8, 1] [128, 4, 1] 10 3 1.5k 0.5k 1.0k 256 787 26462179 3233792 29695971 219
[128, 16, 1] [128, 4, 1] 10 3 2.5k 0.5k 1.0k 256 787 26462179 3238912 29701091 222
[128, 32, 1] [128, 4, 1] 10 3 4.5k 0.5k 1.0k 256 787 25921507 3241472 29162979 228
[128, 64, 1] [128, 4, 1] 10 3 8.5k 0.5k 1.0k 256 787 25573603 3242752 28816355 240
[128, 128, 1] [128, 4, 1] 10 3 16.5k 0.5k 1.0k 256 787 25425507 3243392 28668899 264
[128, 4, 1] [128, 4, 1] 10 4 1.0k 0.5k 1.0k 256 807 26462179 3305472 29767651 287
[128, 8, 1] [128, 8, 1] 2 2 1.5k 0.5k 1.75k 256 1641 26462179 3360768 29822947 49
[128, 16, 1] [128, 8, 1] 2 2 2.5k 0.5k 1.75k 256 1641 26462179 3365888 29828067 52
[128, 32, 1] [128, 8, 1] 2 2 4.5k 0.5k 1.75k 256 1641 25921507 3368448 29289955 58
[128, 64, 1] [128, 8, 1] 2 2 8.5k 0.5k 1.75k 256 1641 25573603 3369728 28943331 70
[128, 128, 1] [128, 8, 1] 2 2 16.5k 0.5k 1.75k 256 1641 25425507 3370368 28795875 94
[128, 8, 1] [128, 8, 1] 3 2 1.5k 0.5k 1.5k 256 1527 26462179 3127296 29589475 63
[128, 16, 1] [128, 8, 1] 3 2 2.5k 0.5k 1.5k 256 1527 26462179 3132416 29594595 66
[128, 32, 1] [128, 8, 1] 3 2 4.5k 0.5k 1.5k 256 1527 25921507 3134976 29056483 72
[128, 64, 1] [128, 8, 1] 3 2 8.5k 0.5k 1.5k 256 1527 25573603 3136256 28709859 84
[128, 128, 1] [128, 8, 1] 3 2 16.5k 0.5k 1.5k 256 1527 25425507 3136896 28562403 108
[128, 8, 1] [128, 8, 1] 3 3 1.5k 0.5k 1.5k 256 1423 26462179 2914304 29376483 90
[128, 16, 1] [128, 8, 1] 3 3 2.5k 0.5k 1.5k 256 1423 26462179 2919424 29381603 93
[128, 32, 1] [128, 8, 1] 3 3 4.5k 0.5k 1.5k 256 1423 25921507 2921984 28843491 99
[128, 64, 1] [128, 8, 1] 3 3 8.5k 0.5k 1.5k 256 1423 25573603 2923264 28496867 111
[128, 128, 1] [128, 8, 1] 3 3 16.5k 0.5k 1.5k 256 1423 25425507 2923904 28349411 135
[128, 8, 1] [128, 8, 1] 4 2 1.5k 0.5k 1.5k 256 1425 26462179 2918400 29380579 81
[128, 16, 1] [128, 8, 1] 4 2 2.5k 0.5k 1.5k 256 1425 26462179 2923520 29385699 84
[128, 32, 1] [128, 8, 1] 4 2 4.5k 0.5k 1.5k 256 1425 25921507 2926080 28847587 90
[128, 64, 1] [128, 8, 1] 4 2 8.5k 0.5k 1.5k 256 1425 25573603 2927360 28500963 102
[128, 128, 1] [128, 8, 1] 4 2 16.5k 0.5k 1.5k 256 1425 25425507 2928000 28353507 126
[128, 8, 1] [128, 8, 1] 4 3 1.5k 0.5k 1.5k 256 1359 26462179 2783232 29245411 117
[128, 16, 1] [128, 8, 1] 4 3 2.5k 0.5k 1.5k 256 1359 26462179 2788352 29250531 120
[128, 32, 1] [128, 8, 1] 4 3 4.5k 0.5k 1.5k 256 1359 25921507 2790912 28712419 126
[128, 64, 1] [128, 8, 1] 4 3 8.5k 0.5k 1.5k 256 1359 25573603 2792192 28365795 138
[128, 128, 1] [128, 8, 1] 4 3 16.5k 0.5k 1.5k 256 1359 25425507 2792832 28218339 162
[128, 8, 1] [128, 8, 1] 4 4 1.5k 0.5k 1.5k 256 1345 26462179 2754560 29216739 153
[128, 16, 1] [128, 8, 1] 4 4 2.5k 0.5k 1.5k 256 1345 26462179 2759680 29221859 156
[128, 32, 1] [128, 8, 1] 4 4 4.5k 0.5k 1.5k 256 1345 25921507 2762240 28683747 162
[128, 64, 1] [128, 8, 1] 4 4 8.5k 0.5k 1.5k 256 1345 25573603 2763520 28337123 174
[128, 128, 1] [128, 8, 1] 4 4 16.5k 0.5k 1.5k 256 1345 25425507 2764160 28189667 198
[128, 8, 1] [128, 8, 1] 5 2 1.5k 0.5k 1.5k 256 1400 26462179 2867200 29329379 99
[128, 16, 1] [128, 8, 1] 5 2 2.5k 0.5k 1.5k 256 1400 26462179 2872320 29334499 102
[128, 32, 1] [128, 8, 1] 5 2 4.5k 0.5k 1.5k 256 1400 25921507 2874880 28796387 108
[128, 64, 1] [128, 8, 1] 5 2 8.5k 0.5k 1.5k 256 1400 25573603 2876160 28449763 120
[128, 128, 1] [128, 8, 1] 5 2 16.5k 0.5k 1.5k 256 1400 25425507 2876800 28302307 144
[128, 8, 1] [128, 8, 1] 5 3 1.5k 0.5k 1.5k 256 1336 26462179 2736128 29198307 144
[128, 16, 1] [128, 8, 1] 5 3 2.5k 0.5k 1.5k 256 1336 26462179 2741248 29203427 147
[128, 32, 1] [128, 8, 1] 5 3 4.5k 0.5k 1.5k 256 1336 25921507 2743808 28665315 153
[128, 64, 1] [128, 8, 1] 5 3 8.5k 0.5k 1.5k 256 1336 25573603 2745088 28318691 165
[128, 128, 1] [128, 8, 1] 5 3 16.5k 0.5k 1.5k 256 1336 25425507 2745728 28171235 189
[128, 8, 1] [128, 8, 1] 5 4 1.5k 0.5k 1.5k 256 1332 26462179 2727936 29190115 189
[128, 16, 1] [128, 8, 1] 5 4 2.5k 0.5k 1.5k 256 1332 26462179 2733056 29195235 192
[128, 32, 1] [128, 8, 1] 5 4 4.5k 0.5k 1.5k 256 1332 25921507 2735616 28657123 198
[128, 64, 1] [128, 8, 1] 5 4 8.5k 0.5k 1.5k 256 1332 25573603 2736896 28310499 210
[128, 128, 1] [128, 8, 1] 5 4 16.5k 0.5k 1.5k 256 1332 25425507 2737536 28163043 234
[128, 8, 1] [128, 8, 1] 5 5 1.5k 0.5k 1.5k 256 1317 26462179 2697216 29159395 234
[128, 16, 1] [128, 8, 1] 5 5 2.5k 0.5k 1.5k 256 1317 26462179 2702336 29164515 237
[128, 32, 1] [128, 8, 1] 5 5 4.5k 0.5k 1.5k 256 1317 25921507 2704896 28626403 243
[128, 64, 1] [128, 8, 1] 5 5 8.5k 0.5k 1.5k 256 1317 25573603 2706176 28279779 255
[128, 128, 1] [128, 8, 1] 5 5 16.5k 0.5k 1.5k 256 1317 25425507 2706816 28132323 279
[128, 8, 1] [128, 8, 1] 6 2 1.5k 0.5k 1.5k 256 1357 26462179 2779136 29241315 117
[128, 16, 1] [128, 8, 1] 6 2 2.5k 0.5k 1.5k 256 1357 26462179 2784256 29246435 120
[128, 32, 1] [128, 8, 1] 6 2 4.5k 0.5k 1.5k 256 1357 25921507 2786816 28708323 126
[128, 64, 1] [128, 8, 1] 6 2 8.5k 0.5k 1.5k 256 1357 25573603 2788096 28361699 138
[128, 128, 1] [128, 8, 1] 6 2 16.5k 0.5k 1.5k 256 1357 25425507 2788736 28214243 162
[128, 8, 1] [128, 8, 1] 6 3 1.5k 0.5k 1.5k 256 1323 26462179 2709504 29171683 171
[128, 16, 1] [128, 8, 1] 6 3 2.5k 0.5k 1.5k 256 1323 26462179 2714624 29176803 174
[128, 32, 1] [128, 8, 1] 6 3 4.5k 0.5k 1.5k 256 1323 25921507 2717184 28638691 180
[128, 64, 1] [128, 8, 1] 6 3 8.5k 0.5k 1.5k 256 1323 25573603 2718464 28292067 192
[128, 128, 1] [128, 8, 1] 6 3 16.5k 0.5k 1.5k 256 1323 25425507 2719104 28144611 216
[128, 8, 1] [128, 8, 1] 6 4 1.5k 0.5k 1.5k 256 1336 26462179 2736128 29198307 225
[128, 16, 1] [128, 8, 1] 6 4 2.5k 0.5k 1.5k 256 1336 26462179 2741248 29203427 228
[128, 32, 1] [128, 8, 1] 6 4 4.5k 0.5k 1.5k 256 1336 25921507 2743808 28665315 234
[128, 64, 1] [128, 8, 1] 6 4 8.5k 0.5k 1.5k 256 1336 25573603 2745088 28318691 246
[128, 128, 1] [128, 8, 1] 6 4 16.5k 0.5k 1.5k 256 1336 25425507 2745728 28171235 270
[128, 8, 1] [128, 8, 1] 6 5 1.5k 0.5k 1.5k 256 1308 26462179 2678784 29140963 279
[128, 16, 1] [128, 8, 1] 6 5 2.5k 0.5k 1.5k 256 1308 26462179 2683904 29146083 282
[128, 32, 1] [128, 8, 1] 6 5 4.5k 0.5k 1.5k 256 1308 25921507 2686464 28607971 288
[128, 8, 1] [128, 8, 1] 7 2 1.5k 0.5k 1.5k 256 1362 26462179 2789376 29251555 135
[128, 16, 1] [128, 8, 1] 7 2 2.5k 0.5k 1.5k 256 1362 26462179 2794496 29256675 138
[128, 32, 1] [128, 8, 1] 7 2 4.5k 0.5k 1.5k 256 1362 25921507 2797056 28718563 144
[128, 64, 1] [128, 8, 1] 7 2 8.5k 0.5k 1.5k 256 1362 25573603 2798336 28371939 156
[128, 128, 1] [128, 8, 1] 7 2 16.5k 0.5k 1.5k 256 1362 25425507 2798976 28224483 180
[128, 8, 1] [128, 8, 1] 7 3 1.5k 0.5k 1.5k 256 1357 26462179 2779136 29241315 198
[128, 16, 1] [128, 8, 1] 7 3 2.5k 0.5k 1.5k 256 1357 26462179 2784256 29246435 201
[128, 32, 1] [128, 8, 1] 7 3 4.5k 0.5k 1.5k 256 1357 25921507 2786816 28708323 207
[128, 64, 1] [128, 8, 1] 7 3 8.5k 0.5k 1.5k 256 1357 25573603 2788096 28361699 219
[128, 128, 1] [128, 8, 1] 7 3 16.5k 0.5k 1.5k 256 1357 25425507 2788736 28214243 243
[128, 8, 1] [128, 8, 1] 7 4 1.5k 0.5k 1.5k 256 1311 26462179 2684928 29147107 261
[128, 16, 1] [128, 8, 1] 7 4 2.5k 0.5k 1.5k 256 1311 26462179 2690048 29152227 264
[128, 32, 1] [128, 8, 1] 7 4 4.5k 0.5k 1.5k 256 1311 25921507 2692608 28614115 270
[128, 64, 1] [128, 8, 1] 7 4 8.5k 0.5k 1.5k 256 1311 25573603 2693888 28267491 282
[128, 8, 1] [128, 8, 1] 8 2 1.5k 0.5k 1.5k 256 1342 26462179 2748416 29210595 153
[128, 16, 1] [128, 8, 1] 8 2 2.5k 0.5k 1.5k 256 1342 26462179 2753536 29215715 156
[128, 32, 1] [128, 8, 1] 8 2 4.5k 0.5k 1.5k 256 1342 25921507 2756096 28677603 162
[128, 64, 1] [128, 8, 1] 8 2 8.5k 0.5k 1.5k 256 1342 25573603 2757376 28330979 174
[128, 128, 1] [128, 8, 1] 8 2 16.5k 0.5k 1.5k 256 1342 25425507 2758016 28183523 198
[128, 8, 1] [128, 8, 1] 8 3 1.5k 0.5k 1.5k 256 1343 26462179 2750464 29212643 225
[128, 16, 1] [128, 8, 1] 8 3 2.5k 0.5k 1.5k 256 1343 26462179 2755584 29217763 228
[128, 32, 1] [128, 8, 1] 8 3 4.5k 0.5k 1.5k 256 1343 25921507 2758144 28679651 234
[128, 64, 1] [128, 8, 1] 8 3 8.5k 0.5k 1.5k 256 1343 25573603 2759424 28333027 246
[128, 128, 1] [128, 8, 1] 8 3 16.5k 0.5k 1.5k 256 1343 25425507 2760064 28185571 270
[128, 8, 1] [128, 8, 1] 9 2 1.5k 0.5k 1.5k 256 1335 26462179 2734080 29196259 171
[128, 16, 1] [128, 8, 1] 9 2 2.5k 0.5k 1.5k 256 1335 26462179 2739200 29201379 174
[128, 32, 1] [128, 8, 1] 9 2 4.5k 0.5k 1.5k 256 1335 25921507 2741760 28663267 180
[128, 64, 1] [128, 8, 1] 9 2 8.5k 0.5k 1.5k 256 1335 25573603 2743040 28316643 192
[128, 128, 1] [128, 8, 1] 9 2 16.5k 0.5k 1.5k 256 1335 25425507 2743680 28169187 216
[128, 8, 1] [128, 8, 1] 9 3 1.5k 0.5k 1.5k 256 1337 26462179 2738176 29200355 252
[128, 16, 1] [128, 8, 1] 9 3 2.5k 0.5k 1.5k 256 1337 26462179 2743296 29205475 255
[128, 32, 1] [128, 8, 1] 9 3 4.5k 0.5k 1.5k 256 1337 25921507 2745856 28667363 261
[128, 64, 1] [128, 8, 1] 9 3 8.5k 0.5k 1.5k 256 1337 25573603 2747136 28320739 273
[128, 8, 1] [128, 8, 1] 10 2 1.5k 0.5k 1.5k 256 1374 26462179 2813952 29276131 189
[128, 16, 1] [128, 8, 1] 10 2 2.5k 0.5k 1.5k 256 1374 26462179 2819072 29281251 192
[128, 32, 1] [128, 8, 1] 10 2 4.5k 0.5k 1.5k 256 1374 25921507 2821632 28743139 198
[128, 64, 1] [128, 8, 1] 10 2 8.5k 0.5k 1.5k 256 1374 25573603 2822912 28396515 210
[128, 128, 1] [128, 8, 1] 10 2 16.5k 0.5k 1.5k 256 1374 25425507 2823552 28249059 234
[128, 8, 1] [128, 8, 1] 10 3 1.5k 0.5k 1.5k 256 1326 26462179 2715648 29177827 279
[128, 16, 1] [128, 8, 1] 10 3 2.5k 0.5k 1.5k 256 1326 26462179 2720768 29182947 282
[128, 32, 1] [128, 8, 1] 10 3 4.5k 0.5k 1.5k 256 1326 25921507 2723328 28644835 288
[128, 16, 1] [128, 16, 1] 2 2 2.5k 0.5k 3.0k 256 3037 26462179 3109888 29572067 72
[128, 32, 1] [128, 16, 1] 2 2 4.5k 0.5k 3.0k 256 3037 25921507 3112448 29033955 78
[128, 64, 1] [128, 16, 1] 2 2 8.5k 0.5k 3.0k 256 3037 25573603 3113728 28687331 90
[128, 128, 1] [128, 16, 1] 2 2 16.5k 0.5k 3.0k 256 3037 25425507 3114368 28539875 114
[128, 16, 1] [128, 16, 1] 3 2 2.5k 0.5k 2.75k 256 2720 26462179 2785280 29247459 96
[128, 32, 1] [128, 16, 1] 3 2 4.5k 0.5k 2.75k 256 2720 25921507 2787840 28709347 102
[128, 64, 1] [128, 16, 1] 3 2 8.5k 0.5k 2.75k 256 2720 25573603 2789120 28362723 114
[128, 128, 1] [128, 16, 1] 3 2 16.5k 0.5k 2.75k 256 2720 25425507 2789760 28215267 138
[128, 16, 1] [128, 16, 1] 3 3 2.5k 0.5k 2.75k 256 2590 26462179 2652160 29114339 138
[128, 32, 1] [128, 16, 1] 3 3 4.5k 0.5k 2.75k 256 2590 25921507 2654720 28576227 144
[128, 64, 1] [128, 16, 1] 3 3 8.5k 0.5k 2.75k 256 2590 25573603 2656000 28229603 156
[128, 128, 1] [128, 16, 1] 3 3 16.5k 0.5k 2.75k 256 2590 25425507 2656640 28082147 180
[128, 16, 1] [128, 16, 1] 4 2 2.5k 0.5k 2.75k 256 2657 26462179 2720768 29182947 124
[128, 32, 1] [128, 16, 1] 4 2 4.5k 0.5k 2.75k 256 2657 25921507 2723328 28644835 130
[128, 64, 1] [128, 16, 1] 4 2 8.5k 0.5k 2.75k 256 2657 25573603 2724608 28298211 142
[128, 128, 1] [128, 16, 1] 4 2 16.5k 0.5k 2.75k 256 2657 25425507 2725248 28150755 166
[128, 16, 1] [128, 16, 1] 4 3 2.5k 0.5k 2.5k 256 2474 26462179 2533376 28995555 168
[128, 32, 1] [128, 16, 1] 4 3 4.5k 0.5k 2.5k 256 2474 25921507 2535936 28457443 174
[128, 64, 1] [128, 16, 1] 4 3 8.5k 0.5k 2.5k 256 2474 25573603 2537216 28110819 186
[128, 128, 1] [128, 16, 1] 4 3 16.5k 0.5k 2.5k 256 2474 25425507 2537856 27963363 210
[128, 16, 1] [128, 16, 1] 4 4 2.5k 0.5k 2.5k 256 2467 26462179 2526208 28988387 220
[128, 32, 1] [128, 16, 1] 4 4 4.5k 0.5k 2.5k 256 2467 25921507 2528768 28450275 226
[128, 64, 1] [128, 16, 1] 4 4 8.5k 0.5k 2.5k 256 2467 25573603 2530048 28103651 238
[128, 128, 1] [128, 16, 1] 4 4 16.5k 0.5k 2.5k 256 2467 25425507 2530688 27956195 262
[128, 16, 1] [128, 16, 1] 5 2 2.5k 0.5k 2.75k 256 2624 26462179 2686976 29149155 152
[128, 32, 1] [128, 16, 1] 5 2 4.5k 0.5k 2.75k 256 2624 25921507 2689536 28611043 158
[128, 64, 1] [128, 16, 1] 5 2 8.5k 0.5k 2.75k 256 2624 25573603 2690816 28264419 170
[128, 128, 1] [128, 16, 1] 5 2 16.5k 0.5k 2.75k 256 2624 25425507 2691456 28116963 194
[128, 16, 1] [128, 16, 1] 5 3 2.5k 0.5k 2.5k 256 2472 26462179 2531328 28993507 207
[128, 32, 1] [128, 16, 1] 5 3 4.5k 0.5k 2.5k 256 2472 25921507 2533888 28455395 213
[128, 64, 1] [128, 16, 1] 5 3 8.5k 0.5k 2.5k 256 2472 25573603 2535168 28108771 225
[128, 128, 1] [128, 16, 1] 5 3 16.5k 0.5k 2.5k 256 2472 25425507 2535808 27961315 249
[128, 16, 1] [128, 16, 1] 5 4 2.5k 0.5k 2.5k 256 2432 26462179 2490368 28952547 272
[128, 32, 1] [128, 16, 1] 5 4 4.5k 0.5k 2.5k 256 2432 25921507 2492928 28414435 278
[128, 16, 1] [128, 16, 1] 6 2 2.5k 0.5k 2.5k 256 2536 26462179 2596864 29059043 168
[128, 32, 1] [128, 16, 1] 6 2 4.5k 0.5k 2.5k 256 2536 25921507 2599424 28520931 174
[128, 64, 1] [128, 16, 1] 6 2 8.5k 0.5k 2.5k 256 2536 25573603 2600704 28174307 186
[128, 128, 1] [128, 16, 1] 6 2 16.5k 0.5k 2.5k 256 2536 25425507 2601344 28026851 210
[128, 16, 1] [128, 16, 1] 6 3 2.5k 0.5k 2.5k 256 2414 26462179 2471936 28934115 246
[128, 32, 1] [128, 16, 1] 6 3 4.5k 0.5k 2.5k 256 2414 25921507 2474496 28396003 252
[128, 64, 1] [128, 16, 1] 6 3 8.5k 0.5k 2.5k 256 2414 25573603 2475776 28049379 264
[128, 128, 1] [128, 16, 1] 6 3 16.5k 0.5k 2.5k 256 2414 25425507 2476416 27901923 288
[128, 16, 1] [128, 16, 1] 7 2 2.5k 0.5k 2.5k 256 2477 26462179 2536448 28998627 194
[128, 32, 1] [128, 16, 1] 7 2 4.5k 0.5k 2.5k 256 2477 25921507 2539008 28460515 200
[128, 64, 1] [128, 16, 1] 7 2 8.5k 0.5k 2.5k 256 2477 25573603 2540288 28113891 212
[128, 128, 1] [128, 16, 1] 7 2 16.5k 0.5k 2.5k 256 2477 25425507 2540928 27966435 236
[128, 16, 1] [128, 16, 1] 7 3 2.5k 0.5k 2.5k 256 2433 26462179 2491392 28953571 285
[128, 16, 1] [128, 16, 1] 8 2 2.5k 0.5k 2.5k 256 2489 26462179 2548736 29010915 220
[128, 32, 1] [128, 16, 1] 8 2 4.5k 0.5k 2.5k 256 2489 25921507 2551296 28472803 226
[128, 64, 1] [128, 16, 1] 8 2 8.5k 0.5k 2.5k 256 2489 25573603 2552576 28126179 238
[128, 128, 1] [128, 16, 1] 8 2 16.5k 0.5k 2.5k 256 2489 25425507 2553216 27978723 262
[128, 16, 1] [128, 16, 1] 9 2 2.5k 0.5k 2.5k 256 2449 26462179 2507776 28969955 246
[128, 32, 1] [128, 16, 1] 9 2 4.5k 0.5k 2.5k 256 2449 25921507 2510336 28431843 252
[128, 64, 1] [128, 16, 1] 9 2 8.5k 0.5k 2.5k 256 2449 25573603 2511616 28085219 264
[128, 128, 1] [128, 16, 1] 9 2 16.5k 0.5k 2.5k 256 2449 25425507 2512256 27937763 288
[128, 16, 1] [128, 16, 1] 10 2 2.5k 0.5k 2.5k 256 2415 26462179 2472960 28935139 272
[128, 32, 1] [128, 16, 1] 10 2 4.5k 0.5k 2.5k 256 2415 25921507 2475520 28397027 278
