543162447  444160805.688
465567823  326322240.407
426770511  274201335.469
407371855  249840477.425
259260495  101193694.425
165347407  41160016.2099
125009999  23527201.0241
105070671  16620488.0091
543162447  540929151.264
465567823  397417354.89
426770511  333940982.12
407371855  304272677.089
259260495  123240543.825
165347407  50127459.1305
125009999  28653020.9749
105070671  20241557.4657
543162447  686081669.629
465567823  504060026.614
426770511  423550452.097
407371855  385920976.586
259260495  156310817.924
165347407  63578623.5113
125009999  36341750.9011
105070671  25673161.6507
543162447  637697496.841
465567823  468512469.373
426770511  393680628.771
407371855  358704876.754
259260495  145287393.225
165347407  59094902.051
125009999  33778840.9257
105070671  23862626.9223
543162447  831234187.994
465567823  610702698.338
426770511  513159922.074
407371855  467569276.084
259260495  189381092.024
165347407  77029787.8921
125009999  44030480.8273
105070671  31104765.8356
543162447  1024770879.15
465567823  752892927.303
426770511  632639215.377
407371855  576433675.413
259260495  233474790.824
165347407  94964673.7331
125009999  54282120.7289
105070671  38346904.7489
543162447  734465842.417
465567823  539607583.855
426770511  453420275.423
407371855  413137076.419
259260495  167334242.624
165347407  68062344.9715
125009999  38904660.8765
105070671  27483696.379
543162447  976386706.359
465567823  717345370.062
426770511  602769392.051
407371855  549217575.581
259260495  222451366.124
165347407  90480952.2729
125009999  51719210.7535
105070671  36536370.0206
543162447  1218307570.3
465567823  895083156.269
426770511  752118508.68
407371855  685298074.742
259260495  277568489.623
165347407  112899559.574
125009999  64533760.6305
105070671  45589043.6622
543162447  1460228434.24
465567823  1072820942.48
426770511  901467625.309
407371855  821378573.904
259260495  332685613.123
165347407  135318166.876
125009999  77348310.5075
105070671  54641717.3038
543162447  831234187.994
465567823  610702698.338
426770511  513159922.074
407371855  467569276.084
259260495  189381092.024
165347407  77029787.8921
125009999  44030480.8273
105070671  31104765.8356
543162447  1121539224.72
465567823  823988041.786
426770511  692378862.029
407371855  630865875.078
259260495  255521640.223
165347407  103932116.654
125009999  59407940.6797
105070671  41967974.2055
543162447  1411844261.45
465567823  1037273385.23
426770511  871597801.983
407371855  794162474.072
259260495  321662188.423
165347407  130834445.415
125009999  74785400.5321
105070671  52831182.5755
543162447  928002533.57
465567823  681797812.821
426770511  572899568.726
407371855  522001475.748
259260495  211427941.424
165347407  85997230.8126
125009999  49156300.7781
105070671  34725835.2923
543162447  1266691743.09
465567823  930630713.51
426770511  781988332.006
407371855  712514174.575
259260495  288591914.323
165347407  117383281.034
125009999  67096670.6059
105070671  47399578.3905
543162447  1024770879.15
465567823  752892927.303
426770511  632639215.377
407371855  576433675.413
259260495  233474790.824
165347407  94964673.7331
125009999  54282120.7289
105070671  38346904.7489
543162447  1411844261.45
465567823  1037273385.23
426770511  871597801.983
407371855  794162474.072
259260495  321662188.423
165347407  130834445.415
125009999  74785400.5321
105070671  52831182.5755
543162447  1556996779.82
465567823  1143916056.96
426770511  961207271.96
407371855  875810773.569
259260495  354732462.522
165347407  144285609.796
125009999  82474130.4583
105070671  58262786.7604
467664975  329268701.171
428867663  276902809.649
409469007  252419458.313
261357647  102837422.476
167444559  42210727.7499
127107151  24323201.0061
107167823  17290580.6124
467664975  401005754.631
428867663  337231020.585
409469007  307413534.916
261357647  125242387.32
167444559  51407086.901
127107151  29622443.7361
107167823  21057641.6824
461373519  495018776.142
422576207  415266048.255
403177551  378014996.059
255066191  151294150.546
161153103  60393985.2215
120815695  33944002.9842
100876367  23664384.3202
467664975  472742808.091
428867663  397559231.521
409469007  362407611.52
261357647  147647352.163
167444559  60603446.0521
127107151  34921686.4661
107167823  24824702.7524
461373519  599748613.967
422576207  503122808.411
403177551  457990647.774
255066191  183303061.347
161153103  73171383.9439
120815695  41125447.6061
100876367  28670996.6984
461373519  739388397.734
422576207  620265155.285
403177551  564624850.059
255066191  225981609.082
161153103  90207915.5738
120815695  50700707.102
100876367  35346479.8693
467664975  544479861.552
428867663  457887442.458
409469007  417401688.123
261357647  170052317.007
167444559  69799805.2032
127107151  40220929.1961
107167823  28591763.8224
461373519  704478451.792
422576207  590979568.566
403177551  537966299.488
255066191  215311972.148
161153103  85948782.6663
120815695  48306892.228
100876367  33677609.0766
461373519  879028181.5
422576207  737407502.159
403177551  671259052.345
255066191  268660156.817
161153103  107244447.204
120815695  60275966.5978
100876367  42021963.0403
461373519  1053577911.21
422576207  883835435.751
403177551  804551805.201
255066191  322008341.486
161153103  128540111.741
120815695  72245040.9677
100876367  50366317.0039
467664975  616216915.012
428867663  518215653.394
409469007  472395764.727
261357647  192457281.851
167444559  78996164.3543
127107151  45520171.9261
107167823  32358824.8924
461373519  809208289.617
422576207  678836328.722
403177551  617941951.202
255066191  247320882.949
161153103  98726181.3887
120815695  55488336.8499
100876367  38684221.4548
461373519  1018667965.27
422576207  854549849.033
403177551  777893254.63
255066191  311338704.552
161153103  124280978.834
120815695  69851226.0937
100876367  48697446.2112
467664975  687953968.472
428867663  578543864.331
409469007  527389841.33
261357647  214862246.695
167444559  88192523.5054
127107151  50819414.6561
107167823  36125885.9624
461373519  913938127.442
422576207  766693088.877
403177551  697917602.916
255066191  279329793.751
161153103  111503580.111
120815695  62669781.4718
100876367  43690833.833
467664975  759691021.932
428867663  638872075.267
409469007  582383917.934
261357647  237267211.538
167444559  97388882.6565
127107151  56118657.386
107167823  39892947.0324
461373519  1018667965.27
422576207  854549849.033
403177551  777893254.63
255066191  311338704.552
161153103  124280978.834
120815695  69851226.0937
100876367  48697446.2112
461373519  1123397803.09
422576207  942406609.188
403177551  857868906.344
255066191  343347615.353
161153103  137058377.556
120815695  77032670.7156
100876367  53704058.5894
401080399  242182989.869
381681743  219322674.65
233570383  82132738.9031
139657295  29363512.9503
99319887  14850914.3503
79380559  9486566.72304
404750415  300369284.295
385351759  272267375.964
237240399  103194893.184
143327311  37665073.5969
102989903  19447788.0399
83050575  12646379.2474
406847567  384928254.421
387448911  349096289.656
239337551  133210368.448
145424463  49180312.2075
105087055  25681168.8685
85147727  16860189.9036
407896143  359628778.0
388497487  326235837.842
240386127  124903336.752
146473039  46373580.0191
106135631  24348805.0406
86196303  16059518.4299
406847567  466366526.265
387448911  422953685.704
239337551  161393340.4
145424463  59585263.2314
105087055  31114467.1198
85147727  20427256.5269
408420431  579404977.52
389021775  525672339.537
240910415  201594395.751
146997327  75056131.8332
106659919  39515711.1583
86720591  26122320.9479
407896143  414201176.419
388497487  375740975.391
240386127  143856977.49
146473039  53410607.1976
106135631  28043650.3117
86196303  18496493.6993
406847567  547804798.11
387448911  496811081.753
239337551  189576312.353
145424463  69990214.2553
105087055  36547765.371
85147727  23994323.1502
408420431  688830532.508
389021775  624950029.111
240910415  239667210.955
146997327  89231120.3124
106659919  46978589.0969
86720591  31055743.3005
411041871  836244849.88
391643215  759176126.681
243531855  293543779.897
149618767  110798395.533
109281359  59108985.1455
89342031  39506901.5916
407896143  468773574.839
388497487  425246112.939
240386127  162810618.227
146473039  60447634.3761
106135631  31738495.5827
86196303  20933468.9688
406847567  629243069.955
387448911  570668477.801
239337551  217759284.306
145424463  80395165.2792
105087055  41981063.6223
85147727  27561389.7735
408420431  798256087.497
389021775  724227718.685
240910415  277740026.159
146997327  103406108.792
106659919  54441467.0356
86720591  35989165.6532
407896143  523345973.258
388497487  474751250.488
240386127  181764258.965
146473039  67484661.5546
106135631  35433340.8537
86196303  23370444.2383
406847567  710681341.799
387448911  644525873.85
239337551  245942256.259
145424463  90800116.3032
105087055  47414361.8735
85147727  31128456.3969
407896143  577918371.678
388497487  524256388.037
240386127  200717899.703
146473039  74521688.7331
106135631  39128186.1247
86196303  25807419.5078
406847567  792119613.644
387448911  718383269.898
239337551  274125228.212
145424463  101205067.327
105087055  52847660.1248
85147727  34695523.0202
406847567  873557885.489
387448911  792240665.947
239337551  302308200.164
145424463  111610018.351
105087055  58280958.376
85147727  38262589.6435
371982415  208317415.648
223871055  75453024.2712
129957967  25426499.6827
89620559  12091942.0385
69681231  7309916.03726
372244559  254060782.461
224133199  92107139.2541
130220111  31091167.9458
89882703  14812663.6975
69943375  8969620.80767
370147407  318614668.814
222036047  114647164.342
128122959  38174228.0946
87785551  17921007.5437
67846223  10704532.2477
372506703  299932428.43
224395343  108838593.019
130482255  36800875.1873
90144847  17564550.972
70205519  10653633.4022
372506703  390959804.35
224395343  141870338.113
130482255  47969681.1659
90144847  22895268.269
70205519  13886935.9753
375128143  488794823.07
227016783  179012448.749
133103695  61538587.9483
92766287  29891496.0371
72826959  18422631.0523
372244559  344960086.14
224133199  125061752.481
130220111  42215141.8604
89882703  20112422.2933
69943375  12178822.4711
373293135  461171427.07
225181775  167814259.816
131268687  57027543.9639
90931279  27364592.4782
70991951  16679407.0949
375128143  581107880.198
227016783  212820471.314
133103695  73160673.3647
92766287  35536759.1436
72826959  21901901.5202
374079567  692610868.351
225968207  252729540.53
132055119  86312125.2706
91717711  41635879.5606
71778383  25500498.449
372506703  390959804.35
224395343  141870338.113
130482255  47969681.1659
90144847  22895268.269
70205519  13886935.9753
374079567  531964888.582
225968207  194110788.63
132055119  66292664.7573
91717711  31978744.5499
71778383  19585846.0156
375128143  673420937.326
227016783  246628493.879
133103695  84782758.7812
92766287  41182022.25
72826959  25381171.9881
373293135  438318393.669
225181775  159498339.402
131268687  54201583.1813
90931279  26008558.8881
70991951  15852870.5294
374079567  600813165.626
225968207  219233110.873
132055119  74872433.5487
91717711  36117516.6973
71778383  22120697.0585
374603855  487429475.356
226492495  178186556.487
132579407  61054748.6339
92241999  29554574.7892
72302671  18158333.3979
374079567  669661442.67
225968207  244355433.116
132055119  83452202.3401
91717711  40256288.8448
71778383  24655548.1014
374079567  738509719.714
225968207  269477755.358
132055119  92031971.1315
91717711  44395060.9922
71778383  27190399.1443
217317455  71100062.1909
123404367  22926714.1999
83066959  10388130.1745
63127631  5999564.73138
216793167  86173174.8523
122880079  27684958.5799
82542671  12492171.8644
62603343  7185813.88018
217186383  109693660.496
123273295  35339007.8825
82935887  15995629.3252
62996559  9228901.2698
216793167  101588937.793
122880079  32637599.1112
82542671  14726931.8162
62603343  8471304.44615
216793167  132420463.674
122880079  42542880.1739
82542671  19196451.7197
62603343  11042285.5781
217579599  164438553.283
123666511  53121645.5427
83329103  24119078.8295
63389775  13957438.5262
218234959  118566165.102
124321871  38477531.7825
83984463  17559414.4682
64045135  10211379.6101
218234959  157619892.913
124321871  51151392.4218
83984463  23343194.2891
64045135  13574838.6502
218497103  197146393.508
124584015  64094699.5688
84246607  29309088.2215
64307279  17077242.2137
218628175  236577581.435
124715087  76983795.0544
84377679  35238424.1351
64438351  20551814.1935
219545679  135804359.81
125632591  44470146.2685
85295183  20498068.2747
65355855  12034635.078
217448527  179749600.992
123535439  58014709.3249
83198031  26313649.8452
63258703  15212323.8152
218234959  227916602.971
124321871  73964341.5726
83984463  33753997.9665
64045135  19629064.9223
218497103  150169265.233
124584015  48821861.604
84246607  22325157.2831
64307279  13007982.8994
217186383  202524072.818
123273295  65245336.6345
82935887  29532244.4669
62996559  17039040.0352
219021391  166625079.207
125108303  54367525.8602
84770895  24960934.4639
64831567  14599579.2788
218497103  228464479.025
124584015  74276591.5454
84246607  33965042.1804
64307279  19790081.7565
219283535  253770005.681
125370447  82950420.2471
85033039  38159585.0256
65093711  22361776.62
118685775  21206944.5036
78348367  9241461.48371
58409039  5136187.64246
117964879  25514459.1942
77627471  11048715.4694
57688143  6101744.69875
118358095  32577089.1853
78020687  14155847.7837
58081359  7844944.63427
118751311  30481200.3575
78413903  13290501.9071
58474575  7390764.90417
118554703  39600575.5976
78217295  17237310.7056
58277967  9569135.65059
119668815  49742691.9223
79331407  21860375.4665
59392079  12252490.063
118751311  35106614.985
78413903  15307288.6873
58474575  8512287.4064
118882383  46773232.959
78544975  20417341.697
58605647  11366881.0466
119734351  59201812.0054
79396943  26031849.9862
59457615  14598641.3596
119341135  70492296.037
79003727  30892744.161
59064399  17266841.6831
118685775  39688187.4054
78348367  17295129.6781
58409039  9612227.62048
118816847  53667460.0626
78479439  23413523.4474
58540111  13027529.8813
119668815  68531352.2942
79331407  30117410.9097
59392079  16880463.8539
119341135  44799175.1055
79003727  19632917.8217
59064399  10973401.4575
119668815  61485604.6547
79331407  27021022.6185
59392079  15144973.6823
119865423  49906274.1382
79528015  21968863.4074
59588687  12333744.1565
119275599  68081722.1872
78938191  29819589.4411
58998863  16657683.4548
119996495  75991560.6318
79659087  33488746.4227
59719759  18821937.8433
76251215  8753350.0463
56311887  4773983.58365
75726927  10514329.4615
55787599  5706321.74671
75759695  13347280.2393
55820367  7246056.54662
75726927  12395267.5926
55787599  6727141.78102
75792463  16185121.5586
55853135  8789396.05218
75923535  20022584.9302
55984207  10886752.884
75759695  14288563.3867
55820367  7757066.33963
75890767  19060762.4832
55951439  10360599.9899
76251215  24009936.2446
56311887  13094762.676
76218447  28752891.1065
56279119  15676745.5457
76054607  16297274.3954
56115279  8872094.8837
75989071  21951149.3719
56049743  11942692.3839
76611663  28087759.6264
56672335  15369846.6344
76251215  18288716.4202
56311887  9974470.51635
76283983  24984932.9687
56344655  13630660.9514
76644431  20404620.0383
56705103  11168930.5511
76218447  27800173.8337
56279119  15157301.9111
76415055  30816697.9783
56475727  16832627.0988
55132239  4576063.2665
55001167  5546572.86889
54640719  6943031.80593
54673487  6461134.57567
54673487  8422043.33423
54542415  10333228.4307
54870095  7495205.67636
54526031  9839434.92336
54820943  12410534.1506
54558799  14732991.2829
54558799  8386746.7299
54542415  11308987.4419
54640719  14287627.9111
54771791  9436339.86054
54820943  12903409.2204
54542415  10333228.4307
54673487  14304769.6099
54919247  15917592.7795
29427683  1303745.72702
30996451  1446454.25175
31006691  1459427.79812
31011811  1483953.12637
30473699  1456117.4466
30127075  1355107.48755
29979619  1379174.15874
29362147  1580725.76277
30930915  1754148.87527
30941155  1767277.46427
30946275  1791804.19296
30408163  1753148.49086
30061539  1645630.64736
29914083  1666662.52372
29149155  1975915.11314
30717923  2194320.39013
30728163  2207586.36317
30733283  2231935.45819
30195171  2177255.06391
29848547  2060734.40828
29701091  2077033.49212
29140963  1835536.55865
30709731  2038483.80005
30719971  2051639.92806
30725091  2075924.64609
30186979  2026628.23135
29840355  1913570.14424
29692899  1931294.30387
29042659  2376493.74774
30611427  2640165.03694
30621667  2653652.7663
30626787  2677990.23395
30088675  2607345.68618
29742051  2481273.82151
29594595  2456731.34927
29124579  2946365.46754
30693347  3272320.26414
30703587  3286287.94777
30708707  3310959.67118
30170595  3218696.34218
29823971  3078453.06113
29676515  3084636.13776
29149155  2115261.52404
30717923  2349069.28025
30728163  2362438.44339
30733283  2386839.14636
30195171  2326781.79359
29848547  2206847.87259
29701091  2221706.8804
29059043  2794634.40006
30627811  3104518.85861
30638051  3118328.74168
30643171  3142846.15015
30105059  3056092.75497
29758435  2919706.00368
29610979  2890842.82498
29140963  3506753.7446
30709731  3894480.15373
30719971  3908874.23275
30725091  3933778.08107
30186979  3819975.51521
29840355  3665969.42013
29692899  3666417.42188
29042659  4174784.66884
30611427  4637975.812
30621667  4652800.36268
30626787  4677806.40865
30088675  4537505.75664
29742051  4367218.84378
29594595  4324022.34272
29173731  2397992.79045
30742499  2662822.75713
30752739  2676418.60549
30757859  2700961.0167
30219747  2630111.35318
29873123  2503191.75515
29725667  2515210.89052
29067235  3211903.1283
30636003  3567953.63032
30646243  3582079.089
30651363  3606763.74038
30113251  3503905.67069
29766627  3357251.34232
29619171  3324071.85657
29157347  4068397.05576
30726115  4517962.52129
30736355  4532783.44266
30741475  4557919.6494
30203363  4422554.7258
29856739  4254770.87451
29709283  4249477.48429
29247459  2690704.2902
30816227  2987092.13721
30826467  3000956.0318
30831587  3025717.64734
30293475  2943964.36526
29946851  2809717.90113
29799395  2818968.51504
28993507  3609216.77467
30562275  4010355.06641
30572515  4024726.36777
30577635  4049449.32206
30039523  3930736.53565
29692899  3774421.78263
29545443  3737027.03805
29181923  2957979.21223
30750691  3284558.957
30760931  3298574.77769
30766051  3323336.67831
30227939  3230943.25532
29881315  3090302.62499
29733859  3096568.55454
29116387  4056974.5834
30685155  4505925.0477
30695395  4520710.50164
30700515  4545781.77936
30162403  4410567.64935
29815779  4243104.77312
29668323  4237768.10638
29108195  4471557.22777
30676963  4966528.90086
29807587  4677911.65814
30160867  1369520.07573
30171107  1381828.86897
30176227  1405063.015
29638115  1377359.20566
29291491  1280981.22739
29144035  1268116.54069
29894627  1638578.27448
29904867  1650879.77575
29909987  1673810.3001
29371875  1635692.54977
29025251  1534129.12121
28877795  1518581.14724
29812707  2066898.58315
29822947  2079436.29623
29828067  2102393.1918
29289955  2048668.6958
28943331  1937638.05489
28795875  1917945.19056
29906915  1933296.53535
29917155  1945808.619
29922275  1968858.24805
29384163  1920266.17431
29037539  1811990.96436
28890083  1793634.68896
29702115  2485642.55295
29712355  2498392.0322
29717475  2521331.35467
29179363  2452133.44825
28832739  2331871.78127
28685283  2308081.51752
29702115  3064376.00982
29712355  3077524.60221
29717475  3100663.53284
29179363  3010674.9559
28832739  2877222.18716
28685283  2847868.13979
29779939  2207800.04706
29790179  2220411.82166
29795299  2243369.122
29257187  2184468.59342
28910563  2070327.75742
28763107  2049262.53527
29751267  2929363.84068
29761507  2942452.52698
29766627  2965616.32166
29228515  2880720.13246
28881891  2750237.48065
28734435  2722226.58747
29677539  3637083.22797
29687779  3650610.60733
29692899  3673911.60202
29154787  3563206.72822
28808163  3416740.52162
28660707  3381852.52967
29685731  4361710.37246
29695971  4375743.14181
29701091  4399306.02047
29162979  4262602.4729
28816355  4099597.49155
28668899  4057748.78586
29833187  2507628.66373
29843427  2520483.28235
29848547  2543621.58912
29310435  2474212.60768
28963811  2353121.08514
28816355  2329222.39494
29714403  3356518.25207
29724643  3369876.48723
29729763  3393133.96405
29191651  3292717.21404
28845027  3152582.82259
28697571  3120433.15255
29636579  4203232.97234
29646819  4217124.74098
29651939  4240562.3972
29113827  4109237.1447
28767203  3949905.54538
28619747  3909516.18026
29747171  2783434.65106
29757411  2796420.08276
29762531  2819527.66461
29224419  2739845.86417
28877795  2612693.42905
28730339  2586079.64358
29718499  3791972.75641
29728739  3805633.85441
29733859  3829047.36894
29195747  3713017.99642
28849123  3562955.99478
28701667  3526626.53281
29779939  3080455.29763
29790179  3093667.31027
29795299  3116924.80702
29257187  3026755.85672
28910563  2892775.27995
28763107  2863341.79838
29755363  4236993.77726
29765603  4250985.40313
29770723  4274605.35693
29232611  4142836.80641
28885987  3982592.36921
28738531  3942035.80195
29665251  4644343.1094
28795875  4365750.72559
28648419  4321153.51247
29822947  1501320.98719
29828067  1524079.36418
29289955  1491032.74426
28943331  1393122.38879
28795875  1378963.6195
29589475  1839503.30166
29594595  1862035.95313
29056483  1816044.56851
28709859  1711155.46389
28562403  1693623.35602
29376483  2347730.97826
29381603  2370131.38216
28843491  2304909.08888
28496867  2188938.53637
28349411  2166343.97996
29380579  2170131.11385
29385699  2192475.51722
28847587  2133717.91895
28500963  2021826.87601
28353507  2000960.26305
29245411  2856682.17563
29250531  2879072.34213
28712419  2794726.18638
28365795  2667309.75063
28218339  2639650.48437
29216739  3556171.91225
29221859  3578766.32896
28683747  3468744.9537
28337123  3325192.1078
28189667  3290675.98519
29329379  2517841.90708
29334499  2540233.87883
28796387  2468623.37896
28449763  2348846.92082
28302307  2324561.72758
29198307  3375636.61083
29203427  3398141.57187
28665315  3294607.2889
28318691  3155265.42879
28171235  3122491.91517
29241315  2855882.03978
29246435  2878266.0761
28708323  2793928.87411
28361699  2666539.4911
28214243  2638884.22923
29171683  3896669.88077
29176803  3919319.97652
28638691  3796588.32613
28292067  3645208.56507
28144611  3607310.51047
29251555  3211267.4726
29256675  3233790.55511
28718563  3136546.53857
28371939  3000916.68753
28224483  2969804.73062
29210595  3554676.41182
29215715  3577261.59041
28677603  3467259.11669
28330979  3323750.34072
28183523  3289241.72135
29572067  1795363.17208
29033955  1751692.78823
28687331  1648394.80869
28539875  1631492.50343
29247459  2254870.92957
28709347  2193266.99635
28362723  2080292.32875
28215267  2058717.94081
29114339  2975656.84365
28576227  2887091.95005
28229603  2757708.7352
28082147  2728974.45474
29182947  2741443.30945
28644835  2661788.20014
28298211  2537699.53544
28150755  2511321.6074
28110819  3425595.65793
27963363  3389751.82062
29149155  3230457.64789
28611043  3132750.74798
28264419  2997387.93504
28116963  2966194.6585
28174307  3441086.47732
28026851  3405161.47419
