[3, 3, 8, 2] [3, 3, 8, 2] 2 2 1k 1k 1k 256 576 576 62142 36864 99006 25.0
[3, 3, 8, 4] [3, 3, 8, 2] 2 2 1k 1k 1k 256 576 1157 52030 37024 89054 25.0
[3, 3, 8, 8] [3, 3, 8, 2] 2 2 1k 1k 1k 256 576 2319 45198 37104 82302 25.0
[3, 3, 8, 16] [3, 3, 8, 2] 2 2 1k 1k 1k 256 576 4643 25134 37144 62278 25.0
[3, 3, 8, 32] [3, 3, 8, 2] 2 2 1k 1k 1k 256 576 9291 14254 37164 51418 25.0
[3, 3, 8, 64] [3, 3, 8, 2] 2 2 1k 1k 1k 256 576 18587 9576 37174 46750 25.0
[3, 3, 8, 128] [3, 3, 8, 2] 2 2 1k 1k 1k 256 576 37179 7473 37179 44652 27.0
[3, 3, 8, 2] [3, 3, 8, 2] 3 2 1k 1k 1k 256 469 469 62142 30016 92158 35.0
[3, 3, 8, 4] [3, 3, 8, 2] 3 2 1k 1k 1k 256 469 943 52030 30176 82206 35.0
[3, 3, 8, 8] [3, 3, 8, 2] 3 2 1k 1k 1k 256 469 1891 45198 30256 75454 35.0
[3, 3, 8, 16] [3, 3, 8, 2] 3 2 1k 1k 1k 256 469 3787 25134 30296 55430 35.0
[3, 3, 8, 32] [3, 3, 8, 2] 3 2 1k 1k 1k 256 469 7579 14254 30316 44570 35.0
[3, 3, 8, 64] [3, 3, 8, 2] 3 2 1k 1k 1k 256 469 15163 9576 30326 39902 35.0
[3, 3, 8, 128] [3, 3, 8, 2] 3 2 1k 1k 1k 256 469 30331 7473 30331 37804 35.0
[3, 3, 8, 2] [3, 3, 8, 2] 3 3 1k 1k 1k 256 366 366 62142 23424 85566 50.0
[3, 3, 8, 4] [3, 3, 8, 2] 3 3 1k 1k 1k 256 366 737 52030 23584 75614 50.0
[3, 3, 8, 8] [3, 3, 8, 2] 3 3 1k 1k 1k 256 366 1479 45198 23664 68862 50.0
[3, 3, 8, 16] [3, 3, 8, 2] 3 3 1k 1k 1k 256 366 2963 25134 23704 48838 50.0
[3, 3, 8, 32] [3, 3, 8, 2] 3 3 1k 1k 1k 256 366 5931 14254 23724 37978 50.0
[3, 3, 8, 64] [3, 3, 8, 2] 3 3 1k 1k 1k 256 366 11867 9576 23734 33310 50.0
[3, 3, 8, 128] [3, 3, 8, 2] 3 3 1k 1k 1k 256 366 23739 7473 23739 31212 50.0
[3, 3, 8, 2] [3, 3, 8, 2] 4 2 1k 1k 1k 256 465 465 62142 29760 91902 45.0
[3, 3, 8, 4] [3, 3, 8, 2] 4 2 1k 1k 1k 256 465 935 52030 29920 81950 45.0
[3, 3, 8, 8] [3, 3, 8, 2] 4 2 1k 1k 1k 256 465 1875 45198 30000 75198 45.0
[3, 3, 8, 16] [3, 3, 8, 2] 4 2 1k 1k 1k 256 465 3755 25134 30040 55174 45.0
[3, 3, 8, 32] [3, 3, 8, 2] 4 2 1k 1k 1k 256 465 7515 14254 30060 44314 45.0
[3, 3, 8, 64] [3, 3, 8, 2] 4 2 1k 1k 1k 256 465 15035 9576 30070 39646 45.0
[3, 3, 8, 128] [3, 3, 8, 2] 4 2 1k 1k 1k 256 465 30075 7473 30075 37548 45.0
[3, 3, 8, 2] [3, 3, 8, 2] 4 3 1k 1k 1k 256 366 366 62142 23424 85566 65.0
[3, 3, 8, 4] [3, 3, 8, 2] 4 3 1k 1k 1k 256 366 737 52030 23584 75614 65.0
[3, 3, 8, 8] [3, 3, 8, 2] 4 3 1k 1k 1k 256 366 1479 45198 23664 68862 65.0
[3, 3, 8, 16] [3, 3, 8, 2] 4 3 1k 1k 1k 256 366 2963 25134 23704 48838 65.0
[3, 3, 8, 32] [3, 3, 8, 2] 4 3 1k 1k 1k 256 366 5931 14254 23724 37978 65.0
[3, 3, 8, 64] [3, 3, 8, 2] 4 3 1k 1k 1k 256 366 11867 9576 23734 33310 65.0
[3, 3, 8, 128] [3, 3, 8, 2] 4 3 1k 1k 1k 256 366 23739 7473 23739 31212 65.0
[3, 3, 8, 2] [3, 3, 8, 2] 4 4 1k 1k 1k 256 335 335 62142 21440 83582 85.0
[3, 3, 8, 4] [3, 3, 8, 2] 4 4 1k 1k 1k 256 335 675 52030 21600 73630 85.0
[3, 3, 8, 8] [3, 3, 8, 2] 4 4 1k 1k 1k 256 335 1355 45198 21680 66878 85.0
[3, 3, 8, 16] [3, 3, 8, 2] 4 4 1k 1k 1k 256 335 2715 25134 21720 46854 85.0
[3, 3, 8, 32] [3, 3, 8, 2] 4 4 1k 1k 1k 256 335 5435 14254 21740 35994 85.0
[3, 3, 8, 64] [3, 3, 8, 2] 4 4 1k 1k 1k 256 335 10875 9576 21750 31326 85.0
[3, 3, 8, 128] [3, 3, 8, 2] 4 4 1k 1k 1k 256 335 21755 7473 21755 29228 85.0
[3, 3, 8, 4] [3, 3, 8, 4] 2 2 1k 1k 1k 256 815 815 52030 26080 78110 25.0
[3, 3, 8, 8] [3, 3, 8, 4] 2 2 1k 1k 1k 256 815 1635 45198 26160 71358 25.0
[3, 3, 8, 16] [3, 3, 8, 4] 2 2 1k 1k 1k 256 815 3275 25134 26200 51334 25.0
[3, 3, 8, 32] [3, 3, 8, 4] 2 2 1k 1k 1k 256 815 6555 14254 26220 40474 25.0
[3, 3, 8, 64] [3, 3, 8, 4] 2 2 1k 1k 1k 256 815 13115 9576 26230 35806 25.0
[3, 3, 8, 128] [3, 3, 8, 4] 2 2 1k 1k 1k 256 815 26235 7473 26235 33708 25.0
[3, 3, 8, 4] [3, 3, 8, 4] 3 2 1k 1k 1k 256 611 611 52030 19552 71582 35.0
[3, 3, 8, 8] [3, 3, 8, 4] 3 2 1k 1k 1k 256 611 1227 45198 19632 64830 35.0
[3, 3, 8, 16] [3, 3, 8, 4] 3 2 1k 1k 1k 256 611 2459 25134 19672 44806 35.0
[3, 3, 8, 32] [3, 3, 8, 4] 3 2 1k 1k 1k 256 611 4923 14254 19692 33946 35.0
[3, 3, 8, 64] [3, 3, 8, 4] 3 2 1k 1k 1k 256 611 9851 9576 19702 29278 35.0
[3, 3, 8, 128] [3, 3, 8, 4] 3 2 1k 1k 1k 256 611 19707 7473 19707 27180 35.0
[3, 3, 8, 4] [3, 3, 8, 4] 3 3 1k 1k 1k 256 488 488 52030 15616 67646 50.0
[3, 3, 8, 8] [3, 3, 8, 4] 3 3 1k 1k 1k 256 488 981 45198 15696 60894 50.0
[3, 3, 8, 16] [3, 3, 8, 4] 3 3 1k 1k 1k 256 488 1967 25134 15736 40870 50.0
[3, 3, 8, 32] [3, 3, 8, 4] 3 3 1k 1k 1k 256 488 3939 14254 15756 30010 50.0
[3, 3, 8, 64] [3, 3, 8, 4] 3 3 1k 1k 1k 256 488 7883 9576 15766 25342 50.0
[3, 3, 8, 128] [3, 3, 8, 4] 3 3 1k 1k 1k 256 488 15771 7473 15771 23244 50.0
[3, 3, 8, 4] [3, 3, 8, 4] 4 2 1k 1k 1k 256 574 574 52030 18368 70398 45.0
[3, 3, 8, 8] [3, 3, 8, 4] 4 2 1k 1k 1k 256 574 1153 45198 18448 63646 45.0
[3, 3, 8, 16] [3, 3, 8, 4] 4 2 1k 1k 1k 256 574 2311 25134 18488 43622 45.0
[3, 3, 8, 32] [3, 3, 8, 4] 4 2 1k 1k 1k 256 574 4627 14254 18508 32762 45.0
[3, 3, 8, 64] [3, 3, 8, 4] 4 2 1k 1k 1k 256 574 9259 9576 18518 28094 45.0
[3, 3, 8, 128] [3, 3, 8, 4] 4 2 1k 1k 1k 256 574 18523 7473 18523 25996 45.0
[3, 3, 8, 4] [3, 3, 8, 4] 4 3 1k 1k 1k 256 488 488 52030 15616 67646 65.0
[3, 3, 8, 8] [3, 3, 8, 4] 4 3 1k 1k 1k 256 488 981 45198 15696 60894 65.0
[3, 3, 8, 16] [3, 3, 8, 4] 4 3 1k 1k 1k 256 488 1967 25134 15736 40870 65.0
[3, 3, 8, 32] [3, 3, 8, 4] 4 3 1k 1k 1k 256 488 3939 14254 15756 30010 65.0
[3, 3, 8, 64] [3, 3, 8, 4] 4 3 1k 1k 1k 256 488 7883 9576 15766 25342 65.0
[3, 3, 8, 128] [3, 3, 8, 4] 4 3 1k 1k 1k 256 488 15771 7473 15771 23244 65.0
[3, 3, 8, 4] [3, 3, 8, 4] 4 4 1k 1k 1k 256 453 453 52030 14496 66526 85.0
[3, 3, 8, 8] [3, 3, 8, 4] 4 4 1k 1k 1k 256 453 911 45198 14576 59774 85.0
[3, 3, 8, 16] [3, 3, 8, 4] 4 4 1k 1k 1k 256 453 1827 25134 14616 39750 85.0
[3, 3, 8, 32] [3, 3, 8, 4] 4 4 1k 1k 1k 256 453 3659 14254 14636 28890 85.0
[3, 3, 8, 64] [3, 3, 8, 4] 4 4 1k 1k 1k 256 453 7323 9576 14646 24222 85.0
[3, 3, 8, 128] [3, 3, 8, 4] 4 4 1k 1k 1k 256 453 14651 7473 14651 22124 85.0
[3, 3, 8, 8] [3, 3, 8, 8] 2 2 1k 1k 2k 256 1236 1236 45198 19776 64974 33.0
[3, 3, 8, 16] [3, 3, 8, 8] 2 2 1k 1k 2k 256 1236 2477 25134 19816 44950 33.0
[3, 3, 8, 32] [3, 3, 8, 8] 2 2 1k 1k 2k 256 1236 4959 14254 19836 34090 33.0
[3, 3, 8, 64] [3, 3, 8, 8] 2 2 1k 1k 2k 256 1236 9923 9576 19846 29422 33.0
[3, 3, 8, 128] [3, 3, 8, 8] 2 2 1k 1k 2k 256 1236 19851 7473 19851 27324 33.0
[3, 3, 8, 8] [3, 3, 8, 8] 3 2 1k 1k 1k 256 899 899 45198 14384 59582 35.0
[3, 3, 8, 16] [3, 3, 8, 8] 3 2 1k 1k 1k 256 899 1803 25134 14424 39558 35.0
[3, 3, 8, 32] [3, 3, 8, 8] 3 2 1k 1k 1k 256 899 3611 14254 14444 28698 35.0
[3, 3, 8, 64] [3, 3, 8, 8] 3 2 1k 1k 1k 256 899 7227 9576 14454 24030 35.0
[3, 3, 8, 128] [3, 3, 8, 8] 3 2 1k 1k 1k 256 899 14459 7473 14459 21932 35.0
[3, 3, 8, 8] [3, 3, 8, 8] 3 3 1k 1k 1k 256 674 674 45198 10784 55982 50.0
[3, 3, 8, 16] [3, 3, 8, 8] 3 3 1k 1k 1k 256 674 1353 25134 10824 35958 50.0
[3, 3, 8, 32] [3, 3, 8, 8] 3 3 1k 1k 1k 256 674 2711 14254 10844 25098 50.0
[3, 3, 8, 64] [3, 3, 8, 8] 3 3 1k 1k 1k 256 674 5427 9576 10854 20430 50.0
[3, 3, 8, 128] [3, 3, 8, 8] 3 3 1k 1k 1k 256 674 10859 7473 10859 18332 50.0
[3, 3, 8, 8] [3, 3, 8, 8] 4 2 1k 1k 1k 256 827 827 45198 13232 58430 45.0
[3, 3, 8, 16] [3, 3, 8, 8] 4 2 1k 1k 1k 256 827 1659 25134 13272 38406 45.0
[3, 3, 8, 32] [3, 3, 8, 8] 4 2 1k 1k 1k 256 827 3323 14254 13292 27546 45.0
[3, 3, 8, 64] [3, 3, 8, 8] 4 2 1k 1k 1k 256 827 6651 9576 13302 22878 45.0
[3, 3, 8, 128] [3, 3, 8, 8] 4 2 1k 1k 1k 256 827 13307 7473 13307 20780 45.0
[3, 3, 8, 8] [3, 3, 8, 8] 4 3 1k 1k 1k 256 653 653 45198 10448 55646 65.0
[3, 3, 8, 16] [3, 3, 8, 8] 4 3 1k 1k 1k 256 653 1311 25134 10488 35622 65.0
[3, 3, 8, 32] [3, 3, 8, 8] 4 3 1k 1k 1k 256 653 2627 14254 10508 24762 65.0
[3, 3, 8, 64] [3, 3, 8, 8] 4 3 1k 1k 1k 256 653 5259 9576 10518 20094 65.0
[3, 3, 8, 128] [3, 3, 8, 8] 4 3 1k 1k 1k 256 653 10523 7473 10523 17996 65.0
[3, 3, 8, 8] [3, 3, 8, 8] 4 4 1k 1k 1k 256 612 612 45198 9792 54990 85.0
[3, 3, 8, 16] [3, 3, 8, 8] 4 4 1k 1k 1k 256 612 1229 25134 9832 34966 85.0
[3, 3, 8, 32] [3, 3, 8, 8] 4 4 1k 1k 1k 256 612 2463 14254 9852 24106 85.0
[3, 3, 8, 64] [3, 3, 8, 8] 4 4 1k 1k 1k 256 612 4931 9576 9862 19438 85.0
[3, 3, 8, 128] [3, 3, 8, 8] 4 4 1k 1k 1k 256 612 9867 7473 9867 17340 85.0
[3, 3, 8, 16] [3, 3, 8, 16] 2 2 1k 1k 2k 256 2018 2018 25134 16144 41278 33.0
[3, 3, 8, 32] [3, 3, 8, 16] 2 2 1k 1k 2k 256 2018 4041 14254 16164 30418 33.0
[3, 3, 8, 64] [3, 3, 8, 16] 2 2 1k 1k 2k 256 2018 8087 9576 16174 25750 33.0
[3, 3, 8, 128] [3, 3, 8, 16] 2 2 1k 1k 2k 256 2018 16179 7473 16179 23652 33.0
[3, 3, 8, 16] [3, 3, 8, 16] 3 2 1k 1k 2k 256 1499 1499 25134 11992 37126 47.0
[3, 3, 8, 32] [3, 3, 8, 16] 3 2 1k 1k 2k 256 1499 3003 14254 12012 26266 47.0
[3, 3, 8, 64] [3, 3, 8, 16] 3 2 1k 1k 2k 256 1499 6011 9576 12022 21598 47.0
[3, 3, 8, 128] [3, 3, 8, 16] 3 2 1k 1k 2k 256 1499 12027 7473 12027 19500 47.0
[3, 3, 8, 16] [3, 3, 8, 16] 3 3 1k 1k 2k 256 1142 1142 25134 9136 34270 68.0
[3, 3, 8, 32] [3, 3, 8, 16] 3 3 1k 1k 2k 256 1142 2289 14254 9156 23410 68.0
[3, 3, 8, 64] [3, 3, 8, 16] 3 3 1k 1k 2k 256 1142 4583 9576 9166 18742 68.0
[3, 3, 8, 128] [3, 3, 8, 16] 3 3 1k 1k 2k 256 1142 9171 7473 9171 16644 68.0
[3, 3, 8, 16] [3, 3, 8, 16] 4 2 1k 1k 2k 256 1360 1360 25134 10880 36014 61.0
[3, 3, 8, 32] [3, 3, 8, 16] 4 2 1k 1k 2k 256 1360 2725 14254 10900 25154 61.0
[3, 3, 8, 64] [3, 3, 8, 16] 4 2 1k 1k 2k 256 1360 5455 9576 10910 20486 61.0
[3, 3, 8, 128] [3, 3, 8, 16] 4 2 1k 1k 2k 256 1360 10915 7473 10915 18388 61.0
[3, 3, 8, 16] [3, 3, 8, 16] 4 3 1k 1k 1k 256 1017 1017 25134 8136 33270 65.0
[3, 3, 8, 32] [3, 3, 8, 16] 4 3 1k 1k 1k 256 1017 2039 14254 8156 22410 65.0
[3, 3, 8, 64] [3, 3, 8, 16] 4 3 1k 1k 1k 256 1017 4083 9576 8166 17742 65.0
[3, 3, 8, 128] [3, 3, 8, 16] 4 3 1k 1k 1k 256 1017 8171 7473 8171 15644 65.0
[3, 3, 8, 16] [3, 3, 8, 16] 4 4 1k 1k 1k 256 918 918 25134 7344 32478 85.0
[3, 3, 8, 32] [3, 3, 8, 16] 4 4 1k 1k 1k 256 918 1841 14254 7364 21618 85.0
[3, 3, 8, 64] [3, 3, 8, 16] 4 4 1k 1k 1k 256 918 3687 9576 7374 16950 85.0
[3, 3, 8, 128] [3, 3, 8, 16] 4 4 1k 1k 1k 256 918 7379 7473 7379 14852 85.0
[3, 3, 8, 32] [3, 3, 8, 32] 2 2 1k 1k 4k 256 3836 3836 14254 15344 29598 49.0
[3, 3, 8, 64] [3, 3, 8, 32] 2 2 1k 1k 4k 256 3836 7677 9576 15354 24930 49.0
[3, 3, 8, 128] [3, 3, 8, 32] 2 2 1k 1k 4k 256 3836 15359 7473 15359 22832 49.0
[3, 3, 8, 32] [3, 3, 8, 32] 3 2 1k 1k 4k 256 2791 2791 14254 11164 25418 71.0
[3, 3, 8, 64] [3, 3, 8, 32] 3 2 1k 1k 4k 256 2791 5587 9576 11174 20750 71.0
[3, 3, 8, 128] [3, 3, 8, 32] 3 2 1k 1k 4k 256 2791 11179 7473 11179 18652 71.0
[3, 3, 8, 32] [3, 3, 8, 32] 3 3 1k 1k 2k 256 2019 2019 14254 8076 22330 68.0
[3, 3, 8, 64] [3, 3, 8, 32] 3 3 1k 1k 2k 256 2019 4043 9576 8086 17662 68.0
[3, 3, 8, 128] [3, 3, 8, 32] 3 3 1k 1k 2k 256 2019 8091 7473 8091 15564 68.0
[3, 3, 8, 32] [3, 3, 8, 32] 4 2 1k 1k 4k 256 2420 2420 14254 9680 23934 93.0
[3, 3, 8, 64] [3, 3, 8, 32] 4 2 1k 1k 4k 256 2420 4845 9576 9690 19266 93.0
[3, 3, 8, 128] [3, 3, 8, 32] 4 2 1k 1k 4k 256 2420 9695 7473 9695 17168 93.0
[3, 3, 8, 32] [3, 3, 8, 32] 4 3 1k 1k 2k 256 1767 1767 14254 7068 21322 89.0
[3, 3, 8, 64] [3, 3, 8, 32] 4 3 1k 1k 2k 256 1767 3539 9576 7078 16654 89.0
[3, 3, 8, 128] [3, 3, 8, 32] 4 3 1k 1k 2k 256 1767 7083 7473 7083 14556 89.0
[3, 3, 8, 32] [3, 3, 8, 32] 4 4 1k 1k 2k 256 1511 1511 14254 6044 20298 117.0
[3, 3, 8, 64] [3, 3, 8, 32] 4 4 1k 1k 2k 256 1511 3027 9576 6054 15630 117.0
[3, 3, 8, 128] [3, 3, 8, 32] 4 4 1k 1k 2k 256 1511 6059 7473 6059 13532 117.0
