25.0  99006
25.0  89054
25.0  82302
25.0  62278
25.0  51418
25.0  46750
27.0  44652
35.0  92158
35.0  82206
35.0  75454
35.0  55430
35.0  44570
35.0  39902
35.0  37804
50.0  85566
50.0  75614
50.0  68862
50.0  48838
50.0  37978
50.0  33310
50.0  31212
45.0  91902
45.0  81950
45.0  75198
45.0  55174
45.0  44314
45.0  39646
45.0  37548
65.0  85566
65.0  75614
65.0  68862
65.0  48838
65.0  37978
65.0  33310
65.0  31212
85.0  83582
85.0  73630
85.0  66878
85.0  46854
85.0  35994
85.0  31326
85.0  29228
55.0  90878
55.0  80926
55.0  74174
55.0  54150
55.0  43290
55.0  38622
55.0  36524
80.0  84670
80.0  74718
80.0  67966
80.0  47942
80.0  37082
80.0  32414
80.0  30316
105.0  86462
105.0  76510
105.0  69758
105.0  49734
105.0  38874
105.0  34206
105.0  32108
130.0  84222
130.0  74270
130.0  67518
130.0  47494
130.0  36634
130.0  31966
130.0  29868
65.0  89726
65.0  79774
65.0  73022
65.0  52998
65.0  42138
65.0  37470
65.0  35372
95.0  86334
95.0  76382
95.0  69630
95.0  49606
95.0  38746
95.0  34078
95.0  31980
125.0  84030
125.0  74078
125.0  67326
125.0  47302
125.0  36442
125.0  31774
125.0  29676
75.0  89470
75.0  79518
75.0  72766
75.0  52742
75.0  41882
75.0  37214
75.0  35116
110.0  85438
110.0  75486
110.0  68734
110.0  48710
110.0  37850
110.0  33182
110.0  31084
85.0  89726
85.0  79774
85.0  73022
85.0  52998
85.0  42138
85.0  37470
85.0  35372
125.0  86974
125.0  77022
125.0  70270
125.0  50246
125.0  39386
125.0  34718
125.0  32620
140.0  85758
140.0  75806
140.0  69054
140.0  49030
140.0  38170
140.0  33502
140.0  31404
25.0  78110
25.0  71358
25.0  51334
25.0  40474
25.0  35806
25.0  33708
35.0  71582
35.0  64830
35.0  44806
35.0  33946
35.0  29278
35.0  27180
50.0  67646
50.0  60894
50.0  40870
50.0  30010
50.0  25342
50.0  23244
45.0  70398
45.0  63646
45.0  43622
45.0  32762
45.0  28094
45.0  25996
65.0  67646
65.0  60894
65.0  40870
65.0  30010
65.0  25342
65.0  23244
85.0  66526
85.0  59774
85.0  39750
85.0  28890
85.0  24222
85.0  22124
55.0  69726
55.0  62974
55.0  42950
55.0  32090
55.0  27422
55.0  25324
80.0  66654
80.0  59902
80.0  39878
80.0  29018
80.0  24350
80.0  22252
105.0  65534
105.0  58782
105.0  38758
105.0  27898
105.0  23230
105.0  21132
130.0  64958
130.0  58206
130.0  38182
130.0  27322
130.0  22654
130.0  20556
65.0  68350
65.0  61598
65.0  41574
65.0  30714
65.0  26046
65.0  23948
95.0  67134
95.0  60382
95.0  40358
95.0  29498
95.0  24830
95.0  22732
125.0  64350
125.0  57598
125.0  37574
125.0  26714
125.0  22046
125.0  19948
75.0  68062
75.0  61310
75.0  41286
75.0  30426
75.0  25758
75.0  23660
110.0  65502
110.0  58750
110.0  38726
110.0  27866
110.0  23198
110.0  21100
85.0  67966
85.0  61214
85.0  41190
85.0  30330
85.0  25662
85.0  23564
125.0  66814
125.0  60062
125.0  40038
125.0  29178
125.0  24510
125.0  22412
140.0  66750
140.0  59998
140.0  39974
140.0  29114
140.0  24446
140.0  22348
33.0  64974
33.0  44950
33.0  34090
33.0  29422
33.0  27324
35.0  59582
35.0  39558
35.0  28698
35.0  24030
35.0  21932
50.0  55982
50.0  35958
50.0  25098
50.0  20430
50.0  18332
45.0  58430
45.0  38406
45.0  27546
45.0  22878
45.0  20780
65.0  55646
65.0  35622
65.0  24762
65.0  20094
65.0  17996
85.0  54990
85.0  34966
85.0  24106
85.0  19438
85.0  17340
55.0  57198
55.0  37174
55.0  26314
55.0  21646
55.0  19548
80.0  54942
80.0  34918
80.0  24058
80.0  19390
80.0  17292
105.0  55694
105.0  35670
105.0  24810
105.0  20142
105.0  18044
130.0  53630
130.0  33606
130.0  22746
130.0  18078
130.0  15980
65.0  57534
65.0  37510
65.0  26650
65.0  21982
65.0  19884
95.0  55134
95.0  35110
95.0  24250
95.0  19582
95.0  17484
125.0  53470
125.0  33446
125.0  22586
125.0  17918
125.0  15820
75.0  57118
75.0  37094
75.0  26234
75.0  21566
75.0  19468
110.0  53886
110.0  33862
110.0  23002
110.0  18334
110.0  16236
85.0  56510
85.0  36486
85.0  25626
85.0  20958
85.0  18860
125.0  54158
125.0  34134
125.0  23274
125.0  18606
125.0  16508
140.0  53982
140.0  33958
140.0  23098
140.0  18430
140.0  16332
33.0  41278
33.0  30418
33.0  25750
33.0  23652
47.0  37126
47.0  26266
47.0  21598
47.0  19500
68.0  34270
68.0  23410
68.0  18742
68.0  16644
61.0  36014
61.0  25154
61.0  20486
61.0  18388
65.0  33270
65.0  22410
65.0  17742
65.0  15644
85.0  32478
85.0  21618
85.0  16950
85.0  14852
75.0  34326
75.0  23466
75.0  18798
75.0  16700
80.0  32566
80.0  21706
80.0  17038
80.0  14940
105.0  31838
105.0  20978
105.0  16310
105.0  14212
130.0  31046
130.0  20186
130.0  15518
130.0  13420
89.0  34014
89.0  23154
89.0  18486
89.0  16388
95.0  32286
95.0  21426
95.0  16758
95.0  14660
125.0  31398
125.0  20538
125.0  15870
125.0  13772
75.0  33294
75.0  22434
75.0  17766
75.0  15668
110.0  31702
110.0  20842
110.0  16174
110.0  14076
85.0  33310
85.0  22450
85.0  17782
85.0  15684
125.0  31774
125.0  20914
125.0  16246
125.0  14148
140.0  31398
140.0  20538
140.0  15870
140.0  13772
49.0  29598
49.0  24930
49.0  22832
71.0  25418
71.0  20750
71.0  18652
68.0  22330
68.0  17662
68.0  15564
93.0  23934
93.0  19266
93.0  17168
89.0  21322
89.0  16654
89.0  14556
117.0  20298
117.0  15630
117.0  13532
115.0  22546
115.0  17878
115.0  15780
110.0  20326
110.0  15658
110.0  13560
89.0  21914
89.0  17246
89.0  15148
131.0  19958
131.0  15290
131.0  13192
103.0  21006
103.0  16338
103.0  14240
117.0  20686
117.0  16018
117.0  13920
104.0  16868
104.0  14770
137.0  16158
137.0  14060
115.0  16922
115.0  14824
137.0  16918
137.0  14820
