99006  14.7571940882
89054  11.939540756
82302  10.1976837116
62278  5.83915594706
51418  3.98025704498
46750  3.29036434375
44652  3.08441030789
92158  15.5720932835
82206  12.3904747704
75454  10.4386767637
55430  5.63340106415
44570  3.64222006415
39902  2.91924296893
37804  2.62033261974
85566  17.0262420979
75614  13.2959927542
68862  11.0274629648
48838  5.54666689242
37978  3.35413488954
33310  2.58027271055
31212  2.26547638927
91902  18.255980591
81950  14.5162071037
75198  12.2227187894
55174  6.57997405157
44314  4.24460368325
39646  3.39745719053
37548  3.0473957551
85566  20.628439953
75614  16.1089914362
68862  13.3605146865
48838  6.72016081247
37978  4.06376050367
33310  3.12617431175
31212  2.74477734972
83582  24.2656998398
73630  18.8311526622
66878  15.5358084216
46854  7.62536522713
35994  4.50015557305
31326  3.40860903169
29228  2.96732763042
90878  20.5603096957
80926  16.3037790065
74174  13.6966869761
54150  7.29976791375
43290  4.66538299695
38622  3.71348479172
36524  3.32099941295
84670  23.7258349545
74718  18.4762088347
67966  15.2878286978
47942  7.60667183716
37082  4.55080979908
32414  3.47718374706
30316  3.04162859343
86462  30.870810005
76510  24.1731849229
69758  20.09488438
49734  10.2141974869
38874  6.24045033394
34206  4.83172327546
32108  4.25719927049
84222  35.1085124832
74270  27.3016048385
67518  22.5631882636
47494  11.1644883382
36634  6.64247625722
31966  5.05752360962
29868  4.41543620009
89726  22.6830024266
79774  17.9302631066
73022  15.0235086737
52998  7.91376020127
42138  5.00278411647
37470  3.95577253575
35372  3.52519509692
86334  28.3347066521
76382  22.1787490261
69630  18.4309527253
49606  9.35456102965
38746  5.70701143957
34078  4.41472028433
31980  3.8878716006
84030  33.7906112269
74078  26.260670927
67326  21.6916678658
47302  10.7074567307
36442  6.35523666642
31774  4.8313789522
29676  4.21442224265
89470  25.1793528709
79518  19.8893498151
72766  16.655078873
52742  8.74989574306
41882  5.51752760194
37214  4.35614568932
35116  3.87882128585
85438  31.3410551922
75486  24.4649477575
68734  20.2840514929
48710  10.1870333134
37850  6.15096470375
33182  4.72733723989
31084  4.14844434294
89726  27.9642977565
79774  22.1049756525
73022  18.5214400632
52998  9.75632513189
42138  6.16758496133
37470  4.87679712615
35372  4.34596811682
86974  36.199803133
77022  28.3894450902
70270  23.630190763
50246  12.0817628993
39386  7.42354035436
34718  5.7681522921
32620  5.0920801862
85758  38.8130284115
75806  30.327415704
69054  25.1655208192
49030  12.6867980998
38170  7.68904781975
33502  5.92338158111
31404  5.20472969244
78110  9.18531459655
71358  7.6659520489
51334  3.96726282156
40474  2.46622680972
35806  1.930155837
33708  1.71059315695
71582  9.39482232445
64830  7.70607013815
44806  3.68089359561
33946  2.11279873449
29278  1.57167855421
27180  1.3545025254
67646  10.6414445504
60894  8.62313826332
40870  3.88441497095
30010  2.09434553255
25342  1.49347554978
23244  1.25642936297
70398  10.7121311702
63646  8.75583298253
43622  4.11307270777
32762  2.32004309401
28094  1.70601323501
25996  1.46072444258
67646  12.8928273578
60894  10.4475132474
40870  4.70623056575
30010  2.53744078175
25342  1.80944629607
23244  1.52224886268
66526  15.3726990861
59774  12.4105760925
39750  5.48834709375
28890  2.89909459935
24222  2.03792080397
22124  1.70017882454
69726  12.1032396817
62974  9.8726715809
42950  4.59238687375
32090  2.56360768495
27422  1.87201956612
25324  1.59652873775
66654  14.7033000421
59902  11.8753120644
39878  5.2629485386
29018  2.78674569028
24350  1.96227701375
22252  1.63870390249
65534  17.7349849417
58782  14.2687584924
38758  6.20326289804
27898  3.21398325932
23230  2.22841406055
21132  1.84407540041
64958  20.8846219609
58206  16.768601289
38182  7.21570343124
27322  3.69476058996
22654  2.54010179234
20556  2.09140694863
68350  13.1625781437
61598  10.6904785793
41574  4.86975988863
30714  2.65788805023
26046  1.91137542183
23948  1.61585513852
67134  17.1332614937
60382  13.8602154901
40358  6.19176217545
29498  3.30780681321
24830  2.34373461335
22732  1.96440164694
64350  19.8163846238
57598  15.8760379199
37574  6.7561951054
26714  3.41511367276
22046  2.32587797812
19948  1.90425909999
68062  14.5713269473
61310  11.8236705926
41286  5.36161105532
30426  2.91191981276
25758  2.08695924106
23660  1.7608370598
65502  18.4213132892
58750  14.8192835938
38726  6.43897515681
27866  3.33396267009
23198  2.31053502037
21100  1.911509135
67966  16.0454065514
61214  13.0157387104
41190  5.89319602335
30330  3.19530356415
25662  2.28743259053
23564  1.92870289046
66814  21.3630012572
60062  17.2634225155
40038  7.67135483026
29178  4.07416262578
24510  2.87484174855
22412  2.40374585391
66750  23.5142310938
59998  18.9977334211
39974  8.43302636759
29114  4.47334091639
24446  3.15387049919
22348  2.63575820636
64974  7.07332544264
44950  3.38535193875
34090  1.94714563155
29422  1.45040341774
27324  1.25092993529
59582  6.50895199645
39558  2.86912563989
28698  1.51002513653
24030  1.05873789015
21932  0.881936646104
55982  7.28808054546
35958  3.00681979018
25098  1.4648547841
20430  0.97062858495
18332  0.781512701912
58430  7.37950128135
38406  3.18825753701
27546  1.64010754373
22878  1.13133533377
20780  0.9333538566
55646  8.72432483783
35622  3.57520149567
24762  1.72756884447
20094  1.13761869543
17996  0.91246432508
54990  10.5035169973
34966  4.24677458537
24106  2.01844819625
19438  1.31241280413
17340  1.0443966966
57198  8.14467609236
37174  3.4402556741
26314  1.72379601074
21646  1.16645352218
19548  0.951298454808
54942  9.99013402316
34918  4.03516322308
24058  1.91549678116
19390  1.24427966495
17292  0.989584397208
55694  12.8089724459
35670  5.25416478255
24810  2.54185632495
20142  1.67533882724
18044  1.34450712271
53630  14.2356375665
33606  5.58978333658
22746  2.56077486394
18078  1.61756630876
15980  1.2639062998
57534  9.32637905703
37510  3.96422278175
26650  2.00105189375
21982  1.36143945287
19884  1.11396471228
55134  11.5556398697
35110  4.68615504815
24250  2.23551959375
19582  1.45770313329
17484  1.16208150818
53470  13.681940227
33446  5.35322739052
22586  2.44121465356
17918  1.5364073817
15820  1.1976785702
57118  10.2620865639
37094  4.32809739164
26234  2.164804679
21566  1.4629480058
19468  1.19215401199
53886  12.4670402263
33862  4.92307756141
23002  2.27165651917
18334  1.44319800969
16236  1.13179964278
56510  11.0922057773
36486  4.62402113881
25626  2.28101923129
20958  1.52569237325
18860  1.2355225606
54158  14.0362972372
34134  5.57572940444
23274  2.5922052182
18606  1.65665987588
16508  1.30411605327
53982  15.3789322499
33958  6.08572676951
23098  2.81563915511
18430  1.79258150975
16332  1.40768986716
41278  2.85483968734
30418  1.55026429006
25750  1.11096121875
23652  0.937303357752
37126  2.87866283103
26266  1.44086190591
21598  0.974230121954
19500  0.794152125
34270  3.1803642932
23410  1.4840600948
18742  0.951219023312
16644  0.750177569088
36014  3.24446600229
25154  1.58275837557
20486  1.04982000429
18388  0.845803537816
33270  3.11867074575
22410  1.41497132175
17742  0.88688860407
15644  0.68954011868
32478  3.66391895117
21618  1.62329827901
16950  0.99794523375
14852  0.766191243544
34326  3.4340803774
23466  1.60487862316
18798  1.02988172126
16700  0.812824905
32566  3.50987154618
21706  1.55927236794
17038  0.960726152918
14940  0.7386923142
31838  4.1859017186
20978  1.81729584068
16310  1.09851348495
14212  0.834080308248
31046  4.77059594714
20186  2.0167955129
15518  1.19188079964
13420  0.8913871318
34014  3.84975843219
23154  1.78389842499
18486  1.13711388219
16388  0.89365517516
32286  3.96262960349
21426  1.74516781901
16758  1.06757738905
14660  0.8170016534
31398  4.71771054034
20538  2.01856909426
15870  1.20526119495
13772  0.907656137432
33294  3.48675666644
22434  1.5830809418
17766  0.992816542998
15668  0.772176917592
31702  4.31503964797
20842  1.86504901693
16174  1.12317219801
14076  0.850687367256
33310  3.85404311335
22450  1.75065268375
17782  1.09831904661
15684  0.854438817816
31774  4.8313789522
20914  2.09315566756
16246  1.26304905532
14148  0.957893933592
31398  5.20274106711
20538  2.22609934071
15870  1.32917478975
13772  1.00097278556
29598  1.76566185286
24930  1.25264312595
22832  1.05068060147
25418  1.67882517031
20750  1.11881665625
18652  0.904010624744
22330  1.3502870612
17662  0.844750428752
15564  0.655980763968
23934  1.82247886661
19266  1.18090521221
17168  0.937716022656
21322  1.51277361851
16654  0.92290114499
14556  0.70502117004
20298  1.71127856741
15630  1.01468717415
13532  0.760568252184
22546  1.91357860568
17878  1.20322034682
15780  0.9373921218
20326  1.63068835137
15658  0.967697688908
13560  0.7257490992
21914  1.59794335019
17246  0.98968007699
15148  0.76353448556
19958  1.81893633531
15290  1.06757509265
13192  0.794702807456
21006  1.65050324066
16338  0.998452577682
14240  0.7584896128
20686  1.77732666049
16018  1.06568976173
13920  0.8048087424
16868  0.988170689552
14770  0.7576450217
16158  1.13504949099
14060  0.859429451
16922  1.07797994922
14824  0.827252549152
16918  1.24433590259
14820  0.954851859
