99006  149.053533
89054  134.070797
82302  123.905661
62278  93.759529
51418  77.409799
46750  70.382125
44652  69.076644
92158  168.971693
82206  150.724701
75454  138.344909
55430  101.630905
44570  81.719095
39902  73.160317
37804  69.313634
85566  198.983733
75614  175.840357
68862  160.138581
48838  113.572769
37978  88.317839
33310  77.462405
31212  72.583506
91902  198.646173
81950  177.134925
75198  162.540477
55174  119.258601
44314  95.784711
39646  85.694829
37548  81.160002
85566  241.082205
75614  213.042445
68862  194.018685
48838  137.601065
37978  107.003015
33310  93.850925
31212  87.93981
83582  290.322077
73630  255.753805
66878  232.300733
46854  162.747369
35994  125.025159
31326  108.810861
29228  101.523458
90878  226.240781
80926  201.465277
74174  184.656173
54150  134.806425
43290  107.770455
38622  96.149469
36524  90.926498
84670  280.215365
74718  247.279221
67966  224.933477
47942  158.664049
37082  122.722879
32414  107.274133
30316  100.330802
86462  357.044829
76510  315.948045
69758  288.065661
49734  205.376553
38874  160.530183
34206  141.253677
32108  132.589986
84222  416.856789
74270  367.599365
67518  334.180341
47494  235.071553
36634  181.319983
31966  158.215717
29868  147.831666
89726  252.803005
79774  224.763245
73022  205.739485
52998  149.321865
42138  118.723815
37470  105.571725
35372  99.66061
86334  328.198701
76382  290.366173
69630  264.698445
49606  188.577209
38746  147.292919
34078  129.547517
31980  121.57197
84030  402.125565
74078  354.500269
67326  322.188573
47302  226.363721
36442  174.393191
31774  152.054477
29676  142.014498
89470  281.427885
79518  250.123869
72766  228.885453
52742  165.899961
41882  131.739831
37214  117.056637
35116  110.457378
85438  366.828053
75486  324.099141
68734  295.109429
48710  209.136385
37850  162.508975
33182  142.466917
31084  133.459154
89726  311.663261
79774  277.094989
73022  253.641917
52998  184.088553
42138  146.366343
37470  130.152045
35372  122.864642
86974  416.214077
77022  368.588781
70270  336.277085
50246  240.452233
39386  188.481703
34718  166.142989
32620  156.10301
85758  452.587845
75806  400.066165
69054  364.432485
49030  258.755825
38170  201.442175
33502  176.806805
31404  165.73461
78110  117.594605
71358  107.429469
51334  77.283337
40474  60.933607
35806  53.905933
33708  50.747394
71582  131.245597
64830  118.865805
44806  82.151801
33946  62.239991
29278  53.681213
27180  49.83453
67646  157.310773
60894  141.608997
40870  95.043185
30010  69.788255
25342  58.932821
23244  54.053922
70398  152.165277
63646  137.570829
43622  94.288953
32762  70.815063
28094  60.725181
25996  56.190354
67646  190.592605
60894  171.568845
40870  115.151225
30010  84.553175
25342  71.401085
23244  65.48997
66526  231.078061
59774  207.624989
39750  138.071625
28890  100.349415
24222  84.135117
22124  76.847714
69726  173.582877
62974  156.773773
42950  106.924025
32090  79.888055
27422  68.267069
25324  63.044098
66654  220.591413
59902  198.245669
39878  131.976241
29018  96.035071
24350  80.586325
22252  73.642994
65534  270.622653
58782  242.740269
38758  160.051161
27898  115.204791
23230  95.928285
21132  87.264594
64958  321.509621
58206  288.090597
38182  188.981809
27322  135.230239
22654  112.125973
20556  101.741922
68350  192.576125
61598  173.552365
41574  117.134745
30714  86.536695
26046  73.384605
23948  67.47349
67134  255.209901
60382  229.542173
40358  153.420937
29498  112.136647
24830  94.391245
22732  86.415698
64350  307.946925
57598  275.635229
37574  179.810377
26714  127.839847
22046  105.501133
19948  95.461154
68062  214.089021
61310  192.850605
41286  129.865113
30426  95.704983
25758  81.021789
23660  74.42253
65502  281.232837
58750  252.243125
38726  166.270081
27866  119.642671
23198  99.600613
21100  90.59285
67966  236.079901
61214  212.626829
41190  143.073465
30330  105.351255
25662  89.136957
23564  81.849554
66814  319.738397
60062  287.426701
40038  191.601849
29178  139.631319
24510  117.292605
22412  107.252626
66750  352.273125
59998  316.639445
39974  210.962785
29114  153.649135
24446  129.013765
22348  117.94157
64974  108.863937
44950  75.313725
34090  57.117795
29422  49.296561
27324  45.781362
59582  109.243597
39558  72.529593
28698  52.617783
24030  44.059005
21932  40.212322
55982  130.186141
35958  83.620329
25098  58.365399
20430  47.509965
18332  42.631066
58430  126.296445
38406  83.014569
27546  59.540679
22878  49.450797
20780  44.91597
55646  156.782605
35622  100.364985
24762  69.766935
20094  56.614845
17996  50.70373
54990  191.007765
34966  121.454401
24106  83.732191
19438  67.517893
17340  60.23049
57198  142.394421
37174  92.544673
26314  65.508703
21646  53.887717
19548  48.664746
54942  181.830549
34918  115.561121
24058  79.619951
19390  64.171205
17292  57.227874
55694  229.988373
35670  147.299265
24810  102.452895
20142  83.176389
18044  74.512698
53630  265.441685
33606  166.332897
22746  112.581327
18078  89.477061
15980  79.09301
57534  162.102045
37510  105.684425
26650  75.086375
21982  61.934285
19884  56.02317
55134  209.591901
35110  133.470665
24250  92.186375
19582  74.440973
17484  66.465426
53470  255.880685
33446  160.055833
22586  108.085303
17918  85.746589
15820  75.70661
57118  179.664669
37094  116.679177
26234  82.519047
21566  67.835853
19468  61.236594
53886  231.359541
33862  145.386497
23002  98.759087
18334  78.717029
16236  69.709266
56510  196.287485
36486  126.734121
25626  89.011911
20958  72.797613
18860  65.51021
54158  259.173109
34134  163.348257
23274  111.377727
18606  89.039013
16508  78.999034
53982  284.890005
33958  179.213345
23098  121.899695
18430  97.264325
16332  86.19213
41278  69.161289
30418  50.965359
25750  43.144125
23652  39.628926
37126  77.537651
26266  54.856541
21598  45.107423
19500  40.72575
34270  92.80316
23410  63.39428
18742  50.753336
16644  45.071952
36014  90.089021
25154  62.922731
20486  51.245729
18388  45.997582
33270  93.738225
22410  63.140175
17742  49.988085
15644  44.07697
32478  112.812333
21618  75.090123
16950  58.875825
14852  51.588422
34326  100.043127
23466  68.391657
18798  54.786771
16700  48.67215
32566  107.777177
21706  71.836007
17038  56.387261
14940  49.44393
31838  131.475021
20978  86.628651
16310  67.352145
14212  58.688454
31046  153.662177
20186  99.910607
15518  76.806341
13420  66.42229
34014  113.181585
23154  77.044935
18486  61.512165
16388  54.53107
32286  122.735229
21426  81.450939
16758  63.705537
14660  55.72999
31398  150.255129
20538  98.284599
15870  75.945885
13772  65.905906
33294  104.726277
22434  70.566147
17766  55.882953
15668  49.283694
31702  136.112537
20842  89.485127
16174  69.443069
14076  60.435306
33310  115.702285
22450  77.980075
17782  61.765777
15684  54.478374
31774  152.054477
20914  100.083947
16246  77.745233
14148  67.705254
31398  165.702945
20538  108.389295
15870  83.753925
13772  72.68173
29598  59.654769
24930  50.246415
22832  46.017896
25418  66.048673
20750  53.918875
18652  48.467222
22330  60.46964
17662  47.828696
15564  42.147312
23934  76.146021
19266  61.294779
17168  54.619992
21322  70.948955
16654  55.416185
14556  48.43509
20298  84.307743
15630  64.919205
13532  56.205162
22546  84.874417
17878  67.301731
15780  59.40381
20326  80.226722
15658  61.802126
13560  53.52132
21914  72.918835
17246  57.386065
15148  50.40497
19958  91.138207
15290  69.821785
13192  60.241268
21006  78.572943
16338  61.112289
14240  53.26472
20686  85.919301
16018  66.530763
13920  57.81672
16868  58.582564
14770  51.29621
16158  70.246905
14060  61.12585
16922  63.702869
14824  55.804948
16918  73.551005
14820  64.42995
