0 0 -1 
1 3 0 
2 6 0 
3 7 0 
4 5 0 
5 3 0 
6 5 0 
7 6 0 
8 2 0 
9 9 0 
10 1 0 
11 2 0 
12 7 0 
13 0 0 
14 9 0 
15 3 0 
16 6 0 
17 0 0 
18 6 0 
19 2 0 
20 6 0 
21 1 0 
22 8 0 
23 7 0 
24 9 0 
25 2 0 
26 0 0 
27 2 0 
28 3 0 
29 7 0 
30 5 0 
31 9 0 
32 2 0 
33 2 0 
34 8 0 
35 9 0 
36 7 0 
37 3 0 
38 6 0 
39 1 0 
40 2 0 
41 9 0 
42 3 0 
43 1 0 
44 9 0 
45 4 0 
46 7 0 
47 8 0 
48 4 0 
49 5 0 
50 0 0 
51 3 0 
52 6 0 
53 1 0 
54 0 0 
55 6 0 
56 3 0 
57 2 0 
58 0 0 
59 6 0 
60 1 0 
61 5 0 
62 5 0 
63 4 0 
64 7 0 
65 6 0 
66 5 0 
67 6 0 
68 9 0 
69 3 0 
70 7 0 
71 4 0 
72 5 0 
73 2 0 
74 5 0 
75 4 0 
76 7 0 
77 4 0 
78 4 0 
79 3 0 
80 0 0 
81 7 0 
82 8 0 
83 6 0 
84 8 0 
85 8 0 
86 4 0 
87 3 0 
88 1 0 
89 4 0 
90 9 0 
91 2 0 
92 0 0 
93 6 0 
94 8 0 
95 9 0 
96 2 0 
97 6 0 
98 6 0 
99 4 0 
100 9 0 
101 5 0 
102 0 0 
103 4 0 
104 8 0 
105 7 0 
106 1 0 
107 7 0 
108 2 0 
109 7 0 
110 2 0 
111 2 0 
112 6 0 
113 1 0 
114 0 0 
115 6 0 
116 1 0 
117 5 0 
118 9 0 
119 4 0 
120 9 0 
121 0 0 
122 9 0 
123 1 0 
124 7 0 
125 7 0 
126 1 0 
127 1 0 
128 5 0 
129 9 0 
130 7 0 
131 7 0 
132 6 0 
133 7 0 
134 3 0 
135 6 0 
136 5 0 
137 6 0 
138 3 0 
139 9 0 
140 4 0 
141 8 0 
142 1 0 
143 2 0 
144 9 0 
145 3 0 
146 9 0 
147 0 0 
148 8 0 
149 8 0 
150 5 0 
151 0 0 
152 9 0 
153 6 0 
154 3 0 
155 8 0 
156 5 0 
157 6 0 
158 1 0 
159 1 0 
160 5 0 
161 9 0 
162 8 0 
163 4 0 
164 8 0 
165 1 0 
166 0 0 
167 3 0 
168 0 0 
169 4 0 
170 4 0 
171 4 0 
172 4 0 
173 7 0 
174 6 0 
175 3 0 
176 1 0 
177 7 0 
178 5 0 
179 9 0 
180 6 0 
181 2 0 
182 1 0 
183 7 0 
184 8 0 
185 5 0 
186 7 0 
187 4 0 
188 1 0 
189 8 0 
190 5 0 
191 9 0 
192 7 0 
193 5 0 
194 3 0 
195 8 0 
196 8 0 
197 3 0 
198 1 0 
199 8 0 
200 9 0 
201 6 0 
202 181 3 
203 255 3 
204 208 7 
205 271 16 
206 256 5 
207 172 19 
208 195 8 
209 165 4 
210 310 3 
211 265 3 
212 199 22 
213 227 10 
214 212 4 
215 164 24 
216 249 14 
217 185 7 
218 213 14 
219 168 10 
220 277 19 
221 254 23 
222 195 5 
223 243 0 
224 195 8 
225 213 22 
226 256 7 
227 177 15 
228 184 18 
229 185 11 
230 336 8 
231 281 15 
232 254 14 
233 219 2 
234 233 6 
235 292 6 
236 268 2 
237 204 12 
238 232 19 
239 188 5 
240 336 18 
241 239 6 
242 250 2 
243 239 5 
244 254 0 
245 297 3 
246 261 23 
247 174 12 
248 253 5 
249 147 1 
250 318 19 
251 230 19 
252 120 2 
253 113 22 
254 110 20 
255 167 5 
256 152 22 
257 135 13 
258 109 16 
259 129 10 
260 175 4 
261 165 4 
262 297 20 
263 301 13 
264 269 4 
265 311 3 
266 303 22 
267 220 8 
268 256 21 
269 210 5 
270 398 13 
271 328 22 
272 161 13 
273 202 5 
274 179 8 
275 204 15 
276 207 24 
277 138 15 
278 185 7 
279 146 0 
280 232 2 
281 203 6 
282 297 0 
283 295 24 
284 236 0 
285 301 3 
286 347 2 
287 260 20 
288 232 2 
289 232 8 
290 406 16 
291 345 8 
292 311 0 
293 274 14 
294 245 7 
295 318 24 
296 269 11 
297 251 7 
298 189 5 
299 181 20 
300 402 8 
301 300 13 
302 15 0 
303 21 20 
304 12 1 
305 33 21 
306 0 4 
307 33 22 
308 35 5 
309 68 2 
310 24 0 
311 92 2 
312 0 0 
313 92 2 
314 54 0 
315 146 2 
316 8 0 
317 154 2 
318 18 0 
319 172 2 
320 9 0 
321 0 0 
322 6 3 
323 36 2 
324 42 2 
325 63 9 
326 105 2 
327 30 6 
328 135 7 
329 3 0 
330 138 2 
331 45 0 
332 183 2 
333 48 0 
334 231 2 
335 8 0 
336 239 2 
337 9 0 
338 248 2 
339 7 0 
340 12 5 
341 18 5 
342 6 3 
343 24 8 
344 7 14 
345 31 13 
346 35 7 
347 66 13 
348 6 1 
349 72 12 
350 30 4 
351 102 12 
352 24 0 
353 126 7 
354 14 0 
355 140 7 
356 63 0 
357 203 7 
358 5 0 
359 24 10 
360 30 10 
361 0 8 
362 30 10 
363 49 19 
364 79 15 
365 15 10 
366 94 15 
367 27 6 
368 121 16 
369 15 24 
370 136 16 
371 48 0 
372 184 16 
373 12 0 
374 196 16 
375 72 1 
376 268 16 
377 3 0 
378 21 5 
379 27 5 
380 36 13 
381 63 10 
382 49 24 
383 112 14 
384 30 11 
385 142 13 
386 9 1 
387 151 12 
388 40 4 
389 191 7 
390 6 0 
391 197 6 
392 6 0 
393 203 1 
394 45 2 
395 248 6 
396 8 0 
397 3 5 
398 9 5 
399 6 18 
400 15 10 
401 7 9 
402 22 10 
403 25 12 
404 47 10 
405 27 6 
406 74 10 
407 25 4 
408 99 10 
409 0 0 
410 99 10 
411 2 0 
412 101 10 
413 63 3 
414 164 14 
415 8 0 
416 21 9 
417 27 9 
418 30 21 
419 57 4 
420 7 4 
421 64 9 
422 30 15 
423 94 9 
424 0 2 
425 94 9 
426 30 24 
427 124 9 
428 18 0 
429 142 9 
430 14 0 
431 156 9 
432 36 21 
433 192 8 
434 3 0 
435 6 11 
436 12 11 
437 54 22 
438 66 12 
439 35 4 
440 101 13 
441 15 16 
442 116 18 
443 24 7 
444 140 13 
445 5 4 
446 145 14 
447 0 20 
448 145 19 
449 10 5 
450 155 14 
451 9 1 
452 164 9 
453 1 0 
454 21 15 
455 27 15 
456 24 23 
457 51 18 
458 63 24 
459 114 18 
460 45 17 
461 159 18 
462 24 8 
463 183 13 
464 5 4 
465 188 8 
466 24 20 
467 212 3 
468 18 5 
469 230 3 
470 72 2 
471 302 3 
472 8 0 
473 6 16 
474 12 16 
475 54 1 
476 66 21 
477 49 4 
478 115 22 
479 20 5 
480 135 2 
481 15 12 
482 150 2 
483 25 4 
484 175 2 
485 24 20 
486 199 3 
487 12 0 
488 211 3 
489 45 21 
490 256 3 
491 9 0 
492 10 24 
493 16 24 
494 14 7 
495 30 2 
496 0 20 
497 30 2 
498 63 14 
499 93 7 
500 24 18 
501 117 12 
502 0 8 
503 117 12 
504 0 20 
505 117 17 
506 24 5 
507 141 22 
508 4 1 
509 145 21 
510 54 0 
511 0 20 
512 6 21 
513 42 2 
514 48 22 
515 0 14 
516 48 17 
517 54 6 
518 102 17 
519 3 17 
520 105 16 
521 54 7 
522 159 16 
523 0 20 
524 159 16 
525 24 5 
526 183 10 
527 2 2 
528 185 10 
529 42 0 
530 8 6 
531 14 6 
532 7 3 
533 21 6 
534 0 19 
535 21 11 
536 63 7 
537 84 12 
538 6 21 
539 90 17 
540 36 4 
541 126 18 
542 0 20 
543 126 18 
544 42 5 
545 168 19 
546 14 1 
547 182 24 
548 30 0 
549 16 10 
550 22 11 
551 0 8 
552 22 11 
553 0 20 
554 22 11 
555 27 10 
556 49 11 
557 27 7 
558 76 12 
559 18 24 
560 94 13 
561 0 20 
562 94 18 
563 36 5 
564 130 19 
565 16 1 
566 146 24 
567 18 0 
568 14 10 
569 20 11 
570 42 13 
571 62 12 
572 0 24 
573 62 13 
574 54 11 
575 116 13 
576 9 22 
577 125 13 
578 48 3 
579 173 13 
580 0 20 
581 173 14 
582 18 10 
583 191 14 
584 10 7 
585 201 14 
586 48 0 
587 2 5 
588 8 5 
589 7 18 
590 15 10 
591 0 9 
592 15 10 
593 45 12 
594 60 11 
595 27 16 
596 87 11 
597 30 9 
598 117 6 
599 0 20 
600 117 6 
601 6 5 
602 123 6 
603 14 8 
604 137 6 
605 48 0 
606 14 9 
607 20 9 
608 35 21 
609 55 4 
610 0 24 
611 55 9 
612 54 15 
613 109 9 
614 0 17 
615 109 14 
616 36 4 
617 145 14 
618 0 20 
619 145 14 
620 42 5 
621 187 14 
622 8 21 
623 195 14 
624 18 0 
625 4 11 
626 10 11 
627 63 22 
628 73 11 
629 0 20 
630 73 10 
631 27 16 
632 100 11 
633 24 2 
634 124 11 
635 6 4 
636 130 10 
637 0 20 
638 130 10 
639 30 5 
640 160 10 
641 2 6 
642 162 10 
643 6 0 
644 14 15 
645 20 15 
646 28 23 
647 48 15 
648 0 20 
649 48 16 
650 81 17 
651 129 17 
652 24 13 
653 153 18 
654 6 9 
655 159 19 
656 0 15 
657 159 19 
658 54 10 
659 213 19 
660 16 7 
661 229 18 
662 48 0 
663 4 20 
664 10 20 
665 63 2 
666 73 22 
667 0 9 
668 73 22 
669 36 6 
670 109 22 
671 15 14 
672 124 23 
673 30 3 
674 154 23 
675 0 15 
676 154 18 
677 36 5 
678 190 18 
679 10 21 
680 200 18 
681 54 4 
682 5 24 
683 11 24 
684 16 1 
685 27 24 
686 0 4 
687 27 24 
688 63 5 
689 90 24 
690 16 19 
691 106 19 
692 0 4 
693 106 19 
694 18 20 
695 124 15 
696 12 5 
697 136 10 
698 14 1 
699 150 10 
700 45 1 
701 0 20 
702 6 20 
703 48 18 
704 54 23 
705 63 3 
706 117 23 
707 54 11 
708 171 22 
709 2 23 
710 173 17 
711 0 2 
712 173 22 
713 16 24 
714 189 23 
715 12 5 
716 201 24 
717 7 1 
718 208 24 
719 35 1 
720 4 10 
721 10 10 
722 8 3 
723 18 14 
724 7 15 
725 25 14 
726 63 15 
727 88 14 
728 4 23 
729 92 14 
730 0 4 
731 92 14 
732 8 20 
733 100 19 
734 21 6 
735 121 14 
736 49 21 
737 170 13 
738 25 0 
739 8 10 
740 14 11 
741 0 8 
742 14 12 
743 49 20 
744 63 17 
745 27 10 
746 90 17 
747 18 13 
748 108 12 
749 0 23 
750 108 13 
751 16 21 
752 124 13 
753 18 6 
754 142 12 
755 56 1 
756 198 17 
757 15 0 
758 7 15 
759 13 16 
760 48 13 
761 61 11 
762 49 23 
763 110 12 
764 54 11 
765 164 12 
766 6 23 
767 170 12 
768 0 3 
769 170 7 
770 2 15 
771 172 2 
772 9 10 
773 181 2 
774 35 1 
775 216 2 
776 40 1 
777 1 20 
778 7 20 
779 8 19 
780 15 15 
781 7 14 
782 22 10 
783 45 12 
784 67 10 
785 18 19 
786 85 15 
787 0 3 
788 85 19 
789 0 15 
790 85 19 
791 3 11 
792 88 15 
793 49 2 
794 137 16 
795 40 0 
796 7 15 
797 13 16 
798 40 21 
799 53 16 
800 7 4 
801 60 21 
802 54 15 
803 114 21 
804 0 3 
805 114 21 
806 0 3 
807 114 22 
808 6 15 
809 120 17 
810 21 10 
811 141 16 
812 28 21 
813 169 17 
814 15 4 
815 2 10 
816 8 10 
817 72 22 
818 80 11 
819 35 20 
820 115 11 
821 27 16 
822 142 11 
823 16 8 
824 158 11 
825 0 4 
826 158 11 
827 0 15 
828 158 11 
829 15 10 
830 173 11 
831 7 21 
832 180 11 
833 5 1 
834 7 15 
835 13 15 
836 32 23 
837 45 18 
838 63 23 
839 108 23 
840 81 17 
841 189 22 
842 16 8 
843 205 23 
844 0 4 
845 205 23 
846 8 15 
847 213 18 
848 27 11 
849 240 13 
850 56 2 
851 296 13 
852 40 0 
853 2 20 
854 8 20 
855 72 8 
856 80 8 
857 49 3 
858 129 8 
859 36 10 
860 165 8 
861 10 12 
862 175 8 
863 0 3 
864 175 8 
865 8 15 
866 183 13 
867 18 5 
868 201 14 
869 35 21 
870 236 10 
871 45 4 
872 45 5 
873 51 5 
874 4 1 
875 55 6 
876 0 20 
877 55 11 
878 56 5 
879 111 10 
880 72 18 
881 183 10 
882 0 4 
883 183 14 
884 27 20 
885 210 19 
886 24 5 
887 234 14 
888 2 1 
889 236 14 
890 18 4 
891 0 5 
892 6 6 
893 12 7 
894 18 7 
895 18 3 
896 36 8 
897 48 6 
898 84 7 
899 9 18 
900 93 7 
901 63 8 
902 156 7 
903 24 20 
904 180 2 
905 24 5 
906 204 2 
907 1 6 
908 205 2 
909 14 4 
910 36 5 
911 42 5 
912 2 3 
913 44 6 
914 2 19 
915 46 11 
916 56 19 
917 102 12 
918 18 1 
919 120 12 
920 42 4 
921 162 12 
922 12 24 
923 174 17 
924 42 6 
925 216 12 
926 7 21 
927 223 7 
928 10 24 
929 72 10 
930 78 10 
931 0 13 
932 78 14 
933 14 16 
934 92 14 
935 24 14 
936 116 10 
937 81 14 
938 197 14 
939 21 24 
940 218 19 
941 24 21 
942 242 15 
943 36 7 
944 278 6 
945 8 2 
946 286 5 
947 6 4 
948 63 15 
949 69 15 
950 12 12 
951 81 16 
952 14 24 
953 95 16 
954 48 16 
955 143 21 
956 27 21 
957 170 21 
958 56 8 
959 226 3 
960 3 15 
961 229 2 
962 18 10 
963 247 2 
964 5 7 
965 252 2 
966 16 4 
967 9 5 
968 15 9 
969 2 18 
970 17 14 
971 2 9 
972 19 14 
973 40 11 
974 59 10 
975 81 11 
976 140 11 
977 35 9 
978 175 10 
979 0 20 
980 175 10 
981 6 11 
982 181 10 
983 7 7 
984 188 12 
985 16 1 
986 63 13 
987 69 13 
988 10 21 
989 79 18 
990 2 4 
991 81 18 
992 48 10 
993 129 18 
994 0 3 
995 129 18 
996 42 9 
997 171 13 
998 9 21 
999 180 18 
1000 42 14 
1001 222 18 
1002 4 21 
1003 226 18 
1004 6 4 
1005 18 12 
1006 24 12 
1007 18 22 
1008 42 17 
1009 10 15 
1010 52 16 
1011 24 16 
1012 76 15 
1013 72 3 
1014 148 19 
1015 7 24 
1016 155 19 
1017 0 24 
1018 155 19 
1019 30 6 
1020 185 5 
1021 1 6 
1022 186 5 
1023 2 1 
1024 63 16 
1025 69 16 
1026 8 23 
1027 77 16 
1028 18 23 
1029 95 17 
1030 72 17 
1031 167 22 
1032 72 9 
1033 239 22 
1034 7 14 
1035 246 17 
1036 12 15 
1037 258 17 
1038 54 11 
1039 312 17 
1040 8 7 
1041 320 17 
1042 16 4 
1043 18 16 
1044 24 16 
1045 18 2 
1046 42 16 
1047 14 20 
1048 56 16 
1049 32 9 
1050 88 15 
1051 45 12 
1052 133 15 
1053 35 8 
1054 168 19 
1055 12 20 
1056 180 15 
1057 36 10 
1058 216 10 
1059 5 1 
1060 221 11 
1061 18 24 
1062 45 9 
1063 51 9 
1064 6 1 
1065 57 6 
1066 0 4 
1067 57 6 
1068 63 5 
1069 120 6 
1070 32 18 
1071 152 7 
1072 0 4 
1073 152 7 
1074 72 21 
1075 224 22 
1076 16 5 
1077 240 2 
1078 10 1 
1079 250 2 
1080 0 1 
1081 0 9 
1082 6 9 
1083 18 22 
1084 24 8 
1085 9 3 
1086 33 8 
1087 54 6 
1088 87 8 
1089 4 17 
1090 91 8 
1091 63 2 
1092 154 8 
1093 64 6 
1094 218 7 
1095 16 7 
1096 234 7 
1097 5 6 
1098 239 6 
1099 0 4 
1100 36 14 
1101 42 14 
1102 3 2 
1103 45 13 
1104 1 9 
1105 46 8 
1106 63 15 
1107 109 13 
1108 8 21 
1109 117 18 
1110 42 3 
1111 159 23 
1112 32 21 
1113 191 22 
1114 28 7 
1115 219 2 
1116 35 21 
1117 254 1 
1118 0 24 
1119 72 11 
1120 78 11 
1121 0 8 
1122 78 11 
1123 7 24 
1124 85 10 
1125 27 11 
1126 112 11 
1127 36 13 
1128 148 11 
1129 21 24 
1130 169 16 
1131 64 21 
1132 233 16 
1133 24 7 
1134 257 17 
1135 40 2 
1136 297 2 
1137 0 24 
1138 63 14 
1139 69 14 
1140 18 1 
1141 87 9 
1142 7 24 
1143 94 9 
1144 54 16 
1145 148 14 
1146 12 3 
1147 160 14 
1148 56 3 
1149 216 13 
1150 8 21 
1151 224 18 
1152 12 11 
1153 236 19 
1154 25 7 
1155 261 18 
1156 0 1 
1157 9 14 
1158 15 14 
1159 3 24 
1160 18 19 
1161 1 9 
1162 19 14 
1163 45 7 
1164 64 13 
1165 36 19 
1166 100 18 
1167 35 9 
1168 135 13 
1169 0 21 
1170 135 12 
1171 4 11 
1172 139 11 
1173 35 7 
1174 174 12 
1175 0 1 
1176 63 9 
1177 69 9 
1178 15 21 
1179 84 4 
1180 1 23 
1181 85 9 
1182 54 6 
1183 139 9 
1184 0 3 
1185 139 9 
1186 42 24 
1187 181 9 
1188 24 21 
1189 205 5 
1190 28 7 
1191 233 5 
1192 20 22 
1193 253 5 
1194 0 1 
1195 18 12 
1196 24 17 
1197 27 22 
1198 51 17 
1199 5 4 
1200 56 22 
1201 27 15 
1202 83 17 
1203 32 8 
1204 115 17 
1205 7 4 
1206 122 18 
1207 0 1 
1208 122 17 
1209 20 6 
1210 142 12 
1211 5 1 
1212 147 6 
1213 0 1 
1214 63 16 
1215 69 16 
1216 12 23 
1217 81 16 
1218 9 23 
1219 90 17 
1220 81 7 
1221 171 12 
1222 32 21 
1223 203 17 
1224 7 9 
1225 210 18 
1226 32 6 
1227 242 19 
1228 36 11 
1229 278 19 
1230 40 22 
1231 318 19 
1232 0 1 
1233 18 20 
1234 24 24 
1235 27 21 
1236 51 24 
1237 7 3 
1238 58 23 
1239 36 5 
1240 94 24 
1241 20 14 
1242 114 4 
1243 35 8 
1244 149 3 
1245 32 15 
1246 181 19 
1247 24 11 
1248 205 19 
1249 25 22 
1250 230 19 
1251 0 24 
1252 15 5 
1253 21 10 
1254 12 2 
1255 33 11 
1256 0 4 
1257 33 10 
1258 0 14 
1259 33 11 
1260 48 1 
1261 81 11 
1262 0 4 
1263 81 10 
1264 18 21 
1265 99 20 
1266 0 1 
1267 99 21 
1268 12 1 
1269 111 22 
1270 9 4 
1271 0 7 
1272 6 7 
1273 36 2 
1274 42 2 
1275 9 2 
1276 51 22 
1277 0 10 
1278 51 22 
1279 6 23 
1280 57 22 
1281 27 8 
1282 84 23 
1283 16 24 
1284 100 23 
1285 0 6 
1286 100 22 
1287 6 6 
1288 106 22 
1289 7 4 
1290 12 10 
1291 18 10 
1292 6 3 
1293 24 14 
1294 1 15 
1295 25 14 
1296 0 14 
1297 25 10 
1298 12 21 
1299 37 15 
1300 18 3 
1301 55 19 
1302 8 21 
1303 63 20 
1304 0 6 
1305 63 0 
1306 42 21 
1307 105 0 
1308 5 0 
1309 24 19 
1310 30 19 
1311 0 8 
1312 30 18 
1313 7 24 
1314 37 19 
1315 0 10 
1316 37 14 
1317 54 8 
1318 91 13 
1319 9 24 
1320 100 18 
1321 16 24 
1322 116 19 
1323 0 6 
1324 116 5 
1325 48 2 
1326 164 6 
1327 3 4 
1328 21 15 
1329 27 15 
1330 36 13 
1331 63 10 
1332 7 22 
1333 70 15 
1334 0 17 
1335 70 16 
1336 18 6 
1337 88 16 
1338 24 4 
1339 112 16 
1340 2 15 
1341 114 16 
1342 0 1 
1343 114 16 
1344 30 7 
1345 144 17 
1346 8 4 
1347 3 14 
1348 9 14 
1349 6 18 
1350 15 19 
1351 1 9 
1352 16 14 
1353 0 12 
1354 16 13 
1355 54 6 
1356 70 8 
1357 15 9 
1358 85 9 
1359 0 15 
1360 85 14 
1361 0 5 
1362 85 14 
1363 42 7 
1364 127 12 
1365 8 0 
1366 21 13 
1367 27 18 
1368 30 22 
1369 57 23 
1370 1 23 
1371 58 23 
1372 0 19 
1373 58 23 
1374 0 1 
1375 58 22 
1376 18 19 
1377 76 17 
1378 6 15 
1379 82 16 
1380 0 5 
1381 82 11 
1382 24 22 
1383 106 16 
1384 3 0 
1385 6 12 
1386 12 12 
1387 54 17 
1388 66 12 
1389 5 20 
1390 71 17 
1391 0 16 
1392 71 16 
1393 48 8 
1394 119 17 
1395 3 23 
1396 122 17 
1397 0 15 
1398 122 16 
1399 0 5 
1400 122 11 
1401 6 6 
1402 128 11 
1403 1 0 
1404 21 17 
1405 27 17 
1406 24 1 
1407 51 22 
1408 9 20 
1409 60 22 
1410 0 17 
1411 60 17 
1412 48 8 
1413 108 17 
1414 3 19 
1415 111 18 
1416 8 24 
1417 119 23 
1418 0 5 
1419 119 0 
1420 48 2 
1421 167 5 
1422 8 0 
1423 6 18 
1424 12 18 
1425 54 21 
1426 66 23 
1427 7 3 
1428 73 23 
1429 0 9 
1430 73 23 
1431 30 6 
1432 103 22 
1433 15 23 
1434 118 22 
1435 8 24 
1436 126 23 
1437 0 5 
1438 126 24 
1439 30 21 
1440 156 24 
1441 9 24 
1442 25 23 
1443 31 23 
1444 10 2 
1445 41 3 
1446 0 4 
1447 41 3 
1448 49 5 
1449 90 8 
1450 48 1 
1451 138 3 
1452 0 4 
1453 138 4 
1454 54 20 
1455 192 24 
1456 36 5 
1457 228 20 
1458 6 1 
1459 234 0 
1460 63 0 
1461 0 20 
1462 6 20 
1463 30 18 
1464 36 24 
1465 36 13 
1466 72 19 
1467 42 6 
1468 114 14 
1469 6 22 
1470 120 19 
1471 45 22 
1472 165 17 
1473 48 24 
1474 213 18 
1475 36 5 
1476 249 13 
1477 3 1 
1478 252 13 
1479 49 1 
1480 20 6 
1481 26 6 
1482 5 7 
1483 31 7 
1484 4 19 
1485 35 7 
1486 49 7 
1487 84 7 
1488 12 1 
1489 96 7 
1490 30 3 
1491 126 8 
1492 24 20 
1493 150 8 
1494 63 5 
1495 213 8 
1496 21 21 
1497 234 9 
1498 35 0 
1499 40 14 
1500 46 14 
1501 0 13 
1502 46 14 
1503 28 24 
1504 74 19 
1505 21 11 
1506 95 18 
1507 54 6 
1508 149 13 
1509 15 24 
1510 164 18 
1511 48 20 
1512 212 23 
1513 54 5 
1514 266 3 
1515 24 2 
1516 290 22 
1517 21 4 
1518 35 15 
1519 41 19 
1520 30 12 
1521 71 18 
1522 28 18 
1523 99 18 
1524 42 12 
1525 141 18 
1526 18 22 
1527 159 17 
1528 40 3 
1529 199 18 
1530 6 20 
1531 205 23 
1532 27 10 
1533 232 22 
1534 15 7 
1535 247 17 
1536 56 1 
1537 5 24 
1538 11 24 
1539 5 19 
1540 16 24 
1541 4 13 
1542 20 23 
1543 35 8 
1544 55 23 
1545 54 24 
1546 109 23 
1547 25 4 
1548 134 3 
1549 0 20 
1550 134 3 
1551 9 5 
1552 143 8 
1553 21 3 
1554 164 7 
1555 56 2 
1556 35 8 
1557 41 8 
1558 25 21 
1559 66 7 
1560 4 3 
1561 70 7 
1562 42 19 
1563 112 12 
1564 0 23 
1565 112 12 
1566 30 24 
1567 142 12 
1568 18 20 
1569 160 17 
1570 63 5 
1571 223 15 
1572 12 16 
1573 235 17 
1574 21 4 
1575 10 10 
1576 16 11 
1577 45 22 
1578 61 12 
1579 20 20 
1580 81 12 
1581 21 24 
1582 102 12 
1583 48 2 
1584 150 12 
1585 5 23 
1586 155 17 
1587 0 20 
1588 155 16 
1589 45 9 
1590 200 5 
1591 3 6 
1592 203 9 
1593 7 2 
1594 35 22 
1595 41 22 
1596 20 1 
1597 61 2 
1598 36 15 
1599 97 22 
1600 63 13 
1601 160 22 
1602 48 2 
1603 208 22 
1604 5 4 
1605 213 3 
1606 24 20 
1607 237 23 
1608 81 9 
1609 318 8 
1610 24 12 
1611 342 8 
1612 56 21 
1613 10 13 
1614 16 18 
1615 45 8 
1616 61 13 
1617 28 14 
1618 89 14 
1619 28 9 
1620 117 9 
1621 30 22 
1622 147 4 
1623 25 23 
1624 172 3 
1625 24 20 
1626 196 23 
1627 54 10 
1628 250 24 
1629 15 1 
1630 265 23 
1631 63 21 
1632 20 5 
1633 26 5 
1634 10 6 
1635 36 5 
1636 0 4 
1637 36 9 
1638 35 5 
1639 71 8 
1640 32 18 
1641 103 13 
1642 0 4 
1643 103 14 
1644 36 20 
1645 139 19 
1646 16 9 
1647 155 14 
1648 6 1 
1649 161 14 
1650 0 1 
1651 0 6 
1652 6 6 
1653 30 22 
1654 36 6 
1655 18 9 
1656 54 7 
1657 30 6 
1658 84 8 
1659 4 22 
1660 88 8 
1661 63 22 
1662 151 23 
1663 32 20 
1664 183 24 
1665 16 6 
1666 199 4 
1667 3 6 
1668 202 5 
1669 0 4 
1670 16 6 
1671 22 6 
1672 5 2 
1673 27 7 
1674 2 16 
1675 29 12 
1676 35 14 
1677 64 13 
1678 8 21 
1679 72 12 
1680 42 3 
1681 114 7 
1682 16 21 
1683 130 22 
1684 28 9 
1685 158 8 
1686 21 21 
1687 179 8 
1688 0 0 
1689 32 11 
1690 38 11 
1691 0 8 
1692 38 11 
1693 14 24 
1694 52 16 
1695 15 10 
1696 67 11 
1697 36 2 
1698 103 16 
1699 21 23 
1700 124 17 
1701 32 21 
1702 156 16 
1703 24 5 
1704 180 16 
1705 24 2 
1706 204 16 
1707 0 4 
1708 28 19 
1709 34 19 
1710 30 12 
1711 64 18 
1712 14 17 
1713 78 18 
1714 30 11 
1715 108 18 
1716 12 17 
1717 120 17 
1718 56 4 
1719 176 3 
1720 4 15 
1721 180 20 
1722 12 8 
1723 192 24 
1724 15 7 
1725 207 20 
1726 0 1 
1727 4 19 
1728 10 19 
1729 5 1 
1730 15 19 
1731 2 13 
1732 17 18 
1733 25 12 
1734 42 17 
1735 36 16 
1736 78 18 
1737 35 21 
1738 113 17 
1739 0 15 
1740 113 16 
1741 4 9 
1742 117 15 
1743 21 7 
1744 138 20 
1745 0 2 
1746 28 8 
1747 34 8 
1748 25 21 
1749 59 7 
1750 2 19 
1751 61 12 
1752 30 18 
1753 91 12 
1754 0 2 
1755 91 12 
1756 42 24 
1757 133 12 
1758 12 20 
1759 145 7 
1760 28 6 
1761 173 7 
1762 12 1 
1763 185 7 
1764 0 0 
1765 8 10 
1766 14 15 
1767 45 22 
1768 59 17 
1769 10 20 
1770 69 22 
1771 15 5 
1772 84 2 
1773 32 3 
1774 116 2 
1775 7 24 
1776 123 3 
1777 0 20 
1778 123 20 
1779 20 9 
1780 143 5 
1781 3 6 
1782 146 9 
1783 0 0 
1784 28 15 
1785 34 15 
1786 20 6 
1787 54 16 
1788 18 17 
1789 72 16 
1790 45 13 
1791 117 17 
1792 32 2 
1793 149 22 
1794 7 3 
1795 156 23 
1796 16 24 
1797 172 23 
1798 36 9 
1799 208 3 
1800 24 2 
1801 232 3 
1802 0 0 
1803 8 18 
1804 14 18 
1805 45 21 
1806 59 23 
1807 14 19 
1808 73 23 
1809 20 5 
1810 93 23 
1811 20 23 
1812 113 23 
1813 35 3 
1814 148 23 
1815 16 16 
1816 164 17 
1817 24 5 
1818 188 6 
1819 15 1 
1820 203 5 
1821 0 0 
1822 35 5 
1823 41 6 
1824 16 2 
1825 57 7 
1826 0 7 
1827 57 2 
1828 56 14 
1829 113 7 
1830 64 1 
1831 177 6 
1832 0 4 
1833 177 0 
1834 27 20 
1835 204 0 
1836 4 5 
1837 208 0 
1838 8 1 
1839 216 0 
1840 81 0 
1841 0 20 
1842 6 24 
1843 48 7 
1844 54 23 
1845 54 2 
1846 108 23 
1847 48 10 
1848 156 3 
1849 8 22 
1850 164 23 
1851 36 9 
1852 200 3 
1853 24 24 
1854 224 23 
1855 4 5 
1856 228 24 
1857 4 6 
1858 232 20 
1859 63 0 
1860 28 10 
1861 34 10 
1862 8 7 
1863 42 11 
1864 6 19 
1865 48 11 
1866 56 15 
1867 104 11 
1868 16 7 
1869 120 12 
1870 24 4 
1871 144 3 
1872 12 20 
1873 156 0 
1874 7 9 
1875 163 0 
1876 28 1 
1877 191 0 
1878 45 0 
1879 56 11 
1880 62 11 
1881 0 12 
1882 62 12 
1883 42 11 
1884 104 12 
1885 24 11 
1886 128 11 
1887 72 2 
1888 200 12 
1889 12 24 
1890 212 7 
1891 24 24 
1892 236 8 
1893 6 9 
1894 242 8 
1895 32 6 
1896 274 8 
1897 27 4 
1898 49 5 
1899 55 10 
1900 48 1 
1901 103 11 
1902 42 17 
1903 145 12 
1904 48 16 
1905 193 12 
1906 24 6 
1907 217 12 
1908 32 9 
1909 249 13 
1910 3 19 
1911 252 14 
1912 3 8 
1913 255 13 
1914 20 7 
1915 275 8 
1916 72 1 
1917 7 20 
1918 13 20 
1919 8 13 
1920 21 15 
1921 6 22 
1922 27 15 
1923 40 11 
1924 67 15 
1925 72 7 
1926 139 19 
1927 20 9 
1928 159 19 
1929 0 18 
1930 159 19 
1931 1 9 
1932 160 19 
1933 28 13 
1934 188 19 
1935 72 0 
1936 49 13 
1937 55 8 
1938 40 17 
1939 95 13 
1940 6 16 
1941 101 18 
1942 48 10 
1943 149 18 
1944 0 7 
1945 149 18 
1946 24 9 
1947 173 13 
1948 9 16 
1949 182 12 
1950 7 14 
1951 189 12 
1952 16 11 
1953 205 12 
1954 27 3 
1955 14 12 
1956 20 12 
1957 72 18 
1958 92 13 
1959 30 21 
1960 122 13 
1961 24 15 
1962 146 18 
1963 64 8 
1964 210 13 
1965 4 9 
1966 214 8 
1967 0 24 
1968 214 8 
1969 5 9 
1970 219 8 
1971 4 16 
1972 223 8 
1973 9 2 
1974 49 22 
1975 55 17 
1976 32 21 
1977 87 17 
1978 54 18 
1979 141 17 
1980 72 16 
1981 213 17 
1982 64 7 
1983 277 12 
1984 4 9 
1985 281 13 
1986 12 23 
1987 293 18 
1988 9 9 
1989 302 19 
1990 32 12 
1991 334 13 
1992 72 21 
1993 14 23 
1994 20 22 
1995 72 8 
1996 92 22 
1997 42 21 
1998 134 21 
1999 32 14 
2000 166 16 
2001 40 7 
2002 206 17 
2003 20 3 
2004 226 18 
2005 12 17 
2006 238 17 
2007 6 9 
2008 244 8 
2009 20 7 
2010 264 9 
2011 81 7 
2012 10 22 
2013 16 22 
2014 0 1 
2015 16 2 
2016 0 4 
2017 16 3 
2018 56 5 
2019 72 8 
2020 72 19 
2021 144 8 
2022 0 4 
2023 144 3 
2024 54 20 
2025 198 0 
2026 24 5 
2027 222 0 
2028 8 1 
2029 230 0 
2030 81 1 
2031 0 17 
2032 6 17 
2033 0 7 
2034 6 12 
2035 54 3 
2036 60 13 
2037 48 10 
2038 108 14 
2039 9 19 
2040 117 14 
2041 18 9 
2042 135 14 
2043 48 19 
2044 183 14 
2045 24 6 
2046 207 10 
2047 4 2 
2048 211 10 
2049 63 4 
2050 8 14 
2051 14 13 
2052 0 23 
2053 14 18 
2054 6 9 
2055 20 13 
2056 56 7 
2057 76 8 
2058 18 24 
2059 94 8 
2060 12 3 
2061 106 8 
2062 24 21 
2063 130 7 
2064 42 9 
2065 172 7 
2066 28 21 
2067 200 7 
2068 45 0 
2069 16 16 
2070 22 16 
2071 0 11 
2072 22 16 
2073 42 24 
2074 64 16 
2075 24 11 
2076 88 16 
2077 81 19 
2078 169 15 
2079 6 24 
2080 175 19 
2081 48 19 
2082 223 15 
2083 36 9 
2084 259 19 
2085 32 2 
2086 291 24 
2087 27 0 
2088 14 19 
2089 20 18 
2090 0 1 
2091 20 17 
2092 42 20 
2093 62 17 
2094 48 12 
2095 110 17 
2096 27 22 
2097 137 17 
2098 16 4 
2099 153 12 
2100 6 15 
2101 159 12 
2102 18 10 
2103 177 11 
2104 20 21 
2105 197 16 
2106 72 6 
2107 2 23 
2108 8 23 
2109 0 12 
2110 8 18 
2111 6 10 
2112 14 18 
2113 40 8 
2114 54 18 
2115 81 19 
2116 135 19 
2117 10 9 
2118 145 14 
2119 0 19 
2120 145 14 
2121 6 9 
2122 151 14 
2123 28 3 
2124 179 13 
2125 72 2 
2126 14 17 
2127 20 17 
2128 0 21 
2129 20 16 
2130 6 3 
2131 26 17 
2132 48 6 
2133 74 16 
2134 0 24 
2135 74 16 
2136 12 19 
2137 86 15 
2138 18 20 
2139 104 15 
2140 42 5 
2141 146 10 
2142 16 22 
2143 162 5 
2144 27 3 
2145 4 12 
2146 10 12 
2147 0 22 
2148 10 17 
2149 30 15 
2150 40 17 
2151 24 16 
2152 64 16 
2153 72 9 
2154 136 11 
2155 2 18 
2156 138 16 
2157 0 24 
2158 138 15 
2159 30 9 
2160 168 10 
2161 4 17 
2162 172 15 
2163 9 2 
2164 14 17 
2165 20 17 
2166 0 6 
2167 20 12 
2168 54 20 
2169 74 17 
2170 72 17 
2171 146 12 
2172 72 14 
2173 218 12 
2174 2 14 
2175 220 13 
2176 24 23 
2177 244 18 
2178 54 11 
2179 298 12 
2180 32 12 
2181 330 13 
2182 72 0 
2183 4 18 
2184 10 18 
2185 0 8 
2186 10 13 
2187 42 4 
2188 52 14 
2189 32 14 
2190 84 10 
2191 45 19 
2192 129 15 
2193 10 4 
2194 139 19 
2195 24 10 
2196 163 15 
2197 36 9 
2198 199 19 
2199 20 22 
2200 219 18 
2201 81 1 
