0 0 
1 1 
2 2 
3 3 
4 4 
5 5 
6 6 
7 7 
8 8 
9 9 
10 10 
11 11 
12 12 
13 13 
14 14 
15 15 
16 16 
17 17 
18 18 
19 19 
20 20 
21 21 
22 22 
23 23 
24 24 
25 25 
26 26 
27 27 
28 28 
29 29 
30 30 
31 31 
32 32 
33 33 
34 34 
35 35 
36 36 
37 37 
38 38 
39 39 
40 40 
41 41 
42 42 
43 43 
44 44 
45 45 
46 46 
47 47 
48 48 
49 49 
50 50 
51 51 
52 52 
53 53 
54 54 
55 55 
56 56 
57 57 
58 58 
59 59 
60 60 
61 61 
62 62 
63 63 
64 64 
65 65 
66 66 
67 67 
68 68 
69 69 
70 70 
71 71 
72 72 
73 73 
74 74 
75 75 
76 76 
77 77 
78 78 
79 79 
80 80 
81 81 
82 82 
83 83 
84 84 
85 85 
86 86 
87 87 
88 88 
89 89 
90 90 
91 91 
92 92 
93 93 
94 94 
95 95 
96 96 
97 97 
98 98 
99 99 
100 100 
101 101 
102 102 
103 103 
104 104 
105 105 
106 106 
107 107 
108 108 
109 109 
110 110 
111 111 
112 112 
113 113 
114 114 
115 115 
116 116 
117 117 
118 118 
119 119 
120 120 
121 121 
122 122 
123 123 
124 124 
125 125 
126 126 
127 127 
128 128 
129 129 
130 130 
131 131 
132 132 
133 133 
134 134 
135 135 
136 136 
137 137 
138 138 
139 139 
140 140 
141 141 
142 142 
143 143 
144 144 
145 145 
146 146 
147 147 
148 148 
149 149 
150 150 
151 151 
152 152 
153 153 
154 154 
155 155 
156 156 
157 157 
158 158 
159 159 
160 160 
161 161 
162 162 
163 163 
164 164 
165 165 
166 166 
167 167 
168 168 
169 169 
170 170 
171 171 
172 172 
173 173 
174 174 
175 175 
176 176 
177 177 
178 178 
179 179 
180 180 
181 181 
182 182 
183 183 
184 184 
185 185 
186 186 
187 187 
188 188 
189 189 
190 190 
191 191 
192 192 
193 193 
194 194 
195 195 
196 196 
197 197 
198 198 
199 199 
200 200 
201 201 
202 202 
203 203 
204 204 
205 205 
206 206 
207 207 
208 208 
209 209 
210 210 
211 211 
212 212 
213 213 
214 214 
215 215 
216 216 
217 217 
218 218 
219 219 
220 220 
221 221 
222 222 
223 223 
224 224 
225 225 
226 226 
227 227 
228 228 
229 229 
230 230 
231 231 
232 232 
233 233 
234 234 
235 235 
236 236 
237 237 
238 238 
239 239 
240 240 
241 241 
242 242 
243 243 
244 244 
245 245 
246 246 
247 247 
248 248 
249 249 
250 250 
251 251 
252 252 
253 253 
254 254 
255 255 
256 256 
257 257 
258 258 
259 259 
260 260 
261 261 
262 262 
263 263 
264 264 
265 265 
266 266 
267 267 
268 268 
269 269 
270 270 
271 271 
272 272 
273 273 
274 274 
275 275 
276 276 
277 277 
278 278 
279 279 
280 280 
281 281 
282 282 
283 283 
284 284 
285 285 
286 286 
287 287 
288 288 
289 289 
290 290 
291 291 
292 292 
293 293 
294 294 
295 295 
296 296 
297 297 
298 298 
299 299 
300 300 
301 301 
302 302 
303 303 
304 304 
305 305 
306 306 
307 307 
308 308 
309 309 
310 310 
311 311 
312 312 
313 313 
314 314 
315 315 
316 316 
317 317 
318 318 
319 319 
320 320 
321 321 
322 322 
323 323 
324 324 
325 325 
326 326 
327 327 
328 328 
329 329 
330 330 
331 331 
332 332 
333 333 
334 334 
335 335 
336 336 
337 337 
338 338 
339 339 
340 340 
341 341 
342 342 
343 343 
344 344 
345 345 
346 346 
347 347 
348 348 
349 349 
350 350 
351 351 
352 352 
353 353 
354 354 
355 355 
356 356 
357 357 
358 358 
359 359 
360 360 
361 361 
362 362 
363 363 
364 364 
365 365 
366 366 
367 367 
368 368 
369 369 
370 370 
371 371 
372 372 
373 373 
374 374 
375 375 
376 376 
377 377 
378 378 
379 379 
380 380 
381 381 
382 382 
383 383 
384 384 
385 385 
386 386 
387 387 
388 388 
389 389 
390 390 
391 391 
392 392 
393 393 
394 394 
395 395 
396 396 
397 397 
398 398 
399 399 
400 400 
401 401 
402 402 
403 403 
404 404 
405 405 
406 406 
407 407 
408 408 
409 409 
410 410 
411 411 
412 412 
413 413 
414 414 
415 415 
416 416 
417 417 
418 418 
419 419 
420 420 
421 421 
422 422 
423 423 
424 424 
425 425 
426 426 
427 427 
428 428 
429 429 
430 430 
431 431 
432 432 
433 433 
434 434 
435 435 
436 436 
437 437 
438 438 
439 439 
440 440 
441 441 
442 442 
443 443 
444 444 
445 445 
446 446 
447 447 
448 448 
449 449 
450 450 
451 451 
452 452 
453 453 
454 454 
455 455 
456 456 
457 457 
458 458 
459 459 
460 460 
461 461 
462 462 
463 463 
464 464 
465 465 
466 466 
467 467 
468 468 
469 469 
470 470 
471 471 
472 472 
473 473 
474 474 
475 475 
476 476 
477 477 
478 478 
479 479 
480 480 
481 481 
482 482 
483 483 
484 484 
485 485 
486 486 
487 487 
488 488 
489 489 
490 490 
491 491 
492 492 
493 493 
494 494 
495 495 
496 496 
497 497 
498 498 
499 499 
500 500 
501 501 
502 502 
503 503 
504 504 
505 505 
506 506 
507 507 
508 508 
509 509 
510 510 
511 511 
512 512 
513 513 
514 514 
515 515 
516 516 
517 517 
518 518 
519 519 
520 520 
521 521 
522 522 
523 523 
524 524 
525 525 
526 526 
527 527 
528 528 
529 529 
530 530 
531 531 
532 532 
533 533 
534 534 
535 535 
536 536 
537 537 
538 538 
539 539 
540 540 
541 541 
542 542 
543 543 
544 544 
545 545 
546 546 
547 547 
548 548 
549 549 
550 550 
551 551 
552 552 
553 553 
554 554 
555 555 
556 556 
557 557 
558 558 
559 559 
560 560 
561 561 
562 562 
563 563 
564 564 
565 565 
566 566 
567 567 
568 568 
569 569 
570 570 
571 571 
572 572 
573 573 
574 574 
575 575 
576 576 
577 577 
578 578 
579 579 
580 580 
581 581 
582 582 
583 583 
584 584 
585 585 
586 586 
587 587 
588 588 
589 589 
590 590 
591 591 
592 592 
593 593 
594 594 
595 595 
596 596 
597 597 
598 598 
599 599 
600 600 
601 601 
602 602 
603 603 
604 604 
605 605 
606 606 
607 607 
608 608 
609 609 
610 610 
611 611 
612 612 
613 613 
614 614 
615 615 
616 616 
617 617 
618 618 
619 619 
620 620 
621 621 
622 622 
623 623 
624 624 
625 625 
626 626 
627 627 
628 628 
629 629 
630 630 
631 631 
632 632 
633 633 
634 634 
635 635 
636 636 
637 637 
638 638 
639 639 
640 640 
641 641 
642 642 
643 643 
644 644 
645 645 
646 646 
647 647 
648 648 
649 649 
650 650 
651 651 
652 652 
653 653 
654 654 
655 655 
656 656 
657 657 
658 658 
659 659 
660 660 
661 661 
662 662 
663 663 
664 664 
665 665 
666 666 
667 667 
668 668 
669 669 
670 670 
671 671 
672 672 
673 673 
674 674 
675 675 
676 676 
677 677 
678 678 
679 679 
680 680 
681 681 
682 682 
683 683 
684 684 
685 685 
686 686 
687 687 
688 688 
689 689 
690 690 
691 691 
692 692 
693 693 
694 694 
695 695 
696 696 
697 697 
698 698 
699 699 
700 700 
701 701 
702 702 
703 703 
704 704 
705 705 
706 706 
707 707 
708 708 
709 709 
710 710 
711 711 
712 712 
713 713 
714 714 
715 715 
716 716 
717 717 
718 718 
719 719 
720 720 
721 721 
722 722 
723 723 
724 724 
725 0 
726 1 
727 2 
728 3 
729 4 
730 5 
731 6 
732 7 
733 8 
734 9 
735 10 
736 11 
737 12 
738 13 
739 14 
740 15 
741 16 
742 17 
743 18 
744 19 
745 20 
746 21 
747 22 
748 23 
749 24 
750 25 
751 26 
752 27 
753 28 
754 29 
755 30 
756 31 
757 32 
758 33 
759 34 
760 35 
761 36 
762 37 
763 38 
764 39 
765 40 
766 41 
767 42 
768 43 
769 44 
770 45 
771 46 
772 47 
773 48 
774 49 
775 50 
776 51 
777 52 
778 53 
779 54 
780 55 
781 56 
782 57 
783 58 
784 59 
785 60 
786 61 
787 62 
788 63 
789 64 
790 65 
791 66 
792 67 
793 68 
794 69 
795 70 
796 71 
797 72 
798 73 
799 74 
800 75 
801 76 
802 77 
803 78 
804 79 
805 80 
806 81 
807 82 
808 83 
809 84 
810 85 
811 86 
812 87 
813 88 
814 89 
815 90 
816 91 
817 92 
818 93 
819 94 
820 95 
821 96 
822 97 
823 98 
824 99 
825 100 
826 101 
827 102 
828 103 
829 104 
830 105 
831 106 
832 107 
833 108 
834 109 
835 110 
836 111 
837 112 
838 113 
839 114 
840 115 
841 116 
842 117 
843 118 
844 119 
845 120 
846 121 
847 122 
848 123 
849 124 
850 125 
851 126 
852 127 
853 128 
854 129 
855 130 
856 131 
857 132 
858 133 
859 134 
860 135 
861 136 
862 137 
863 138 
864 139 
865 140 
866 141 
867 142 
868 143 
869 144 
870 145 
871 146 
872 147 
873 148 
874 149 
875 150 
876 151 
877 152 
878 153 
879 154 
880 155 
881 156 
882 157 
883 158 
884 159 
885 160 
886 161 
887 162 
888 163 
889 164 
890 165 
891 166 
892 167 
893 168 
894 169 
895 170 
896 171 
897 172 
898 173 
899 174 
900 175 
901 176 
902 177 
903 178 
904 179 
905 180 
906 181 
907 182 
908 183 
909 184 
910 185 
911 186 
912 187 
913 188 
914 189 
915 190 
916 191 
917 192 
918 193 
919 194 
920 195 
921 196 
922 197 
923 198 
924 199 
925 200 
926 201 
927 202 
928 203 
929 204 
930 205 
931 206 
932 207 
933 208 
934 209 
935 210 
936 211 
937 212 
938 213 
939 214 
940 215 
941 216 
942 217 
943 218 
944 219 
945 220 
946 221 
947 222 
948 223 
949 224 
950 225 
951 226 
952 227 
953 228 
954 229 
955 230 
956 231 
957 232 
958 233 
959 234 
960 235 
961 236 
962 237 
963 238 
964 239 
965 240 
966 241 
967 242 
968 243 
969 244 
970 245 
971 246 
972 247 
973 248 
974 249 
975 250 
976 251 
977 252 
978 253 
979 254 
980 255 
981 256 
982 257 
983 258 
984 259 
985 260 
986 261 
987 262 
988 263 
989 264 
990 265 
991 266 
992 267 
993 268 
994 269 
995 270 
996 271 
997 272 
998 273 
999 274 
1000 275 
1001 276 
1002 277 
1003 278 
1004 279 
1005 280 
1006 281 
1007 282 
1008 283 
1009 284 
1010 285 
1011 286 
1012 287 
1013 288 
1014 289 
1015 290 
1016 291 
1017 292 
1018 293 
1019 294 
1020 295 
1021 296 
1022 297 
1023 298 
1024 299 
1025 300 
1026 301 
1027 302 
1028 303 
1029 304 
1030 305 
1031 306 
1032 307 
1033 308 
1034 309 
1035 310 
1036 311 
1037 312 
1038 313 
1039 314 
1040 315 
1041 316 
1042 317 
1043 318 
1044 319 
1045 320 
1046 321 
1047 322 
1048 323 
1049 324 
1050 325 
1051 326 
1052 327 
1053 328 
1054 329 
1055 330 
1056 331 
1057 332 
1058 333 
1059 334 
1060 335 
1061 336 
1062 337 
1063 338 
1064 339 
1065 340 
1066 341 
1067 342 
1068 343 
1069 344 
1070 345 
1071 346 
1072 347 
1073 348 
1074 349 
1075 350 
1076 351 
1077 352 
1078 353 
1079 354 
1080 355 
1081 356 
1082 357 
1083 358 
1084 359 
1085 360 
1086 361 
1087 362 
1088 363 
1089 364 
1090 365 
1091 366 
1092 367 
1093 368 
1094 369 
1095 370 
1096 371 
1097 372 
1098 373 
1099 374 
1100 375 
1101 376 
1102 377 
1103 378 
1104 379 
1105 380 
1106 381 
1107 382 
1108 383 
1109 384 
1110 385 
1111 386 
1112 387 
1113 388 
1114 389 
1115 390 
1116 391 
1117 392 
1118 393 
1119 394 
1120 395 
1121 396 
1122 397 
1123 398 
1124 399 
1125 400 
1126 401 
1127 402 
1128 403 
1129 404 
1130 405 
1131 406 
1132 407 
1133 408 
1134 409 
1135 410 
1136 411 
1137 412 
1138 413 
1139 414 
1140 415 
1141 416 
1142 417 
1143 418 
1144 419 
1145 420 
1146 421 
1147 422 
1148 423 
1149 424 
1150 425 
1151 426 
1152 427 
1153 428 
1154 429 
1155 430 
1156 431 
1157 432 
1158 433 
1159 434 
1160 435 
1161 436 
1162 437 
1163 438 
1164 439 
1165 440 
1166 441 
1167 442 
1168 443 
1169 444 
1170 445 
1171 446 
1172 447 
1173 448 
1174 449 
1175 450 
1176 451 
1177 452 
1178 453 
1179 454 
1180 455 
1181 456 
1182 457 
1183 458 
1184 459 
1185 460 
1186 461 
1187 462 
1188 463 
1189 464 
1190 465 
1191 466 
1192 467 
1193 468 
1194 469 
1195 470 
1196 471 
1197 472 
1198 473 
1199 474 
1200 475 
1201 476 
1202 477 
1203 478 
1204 479 
1205 480 
1206 481 
1207 482 
1208 483 
1209 484 
1210 485 
1211 486 
1212 487 
1213 488 
1214 489 
1215 490 
1216 491 
1217 492 
1218 493 
1219 494 
1220 495 
1221 496 
1222 497 
1223 498 
1224 499 
1225 500 
1226 501 
1227 502 
1228 503 
1229 504 
1230 505 
1231 506 
1232 507 
1233 508 
1234 509 
1235 510 
1236 511 
1237 512 
1238 513 
1239 514 
1240 515 
1241 516 
1242 517 
1243 518 
1244 519 
1245 520 
1246 521 
1247 522 
1248 523 
1249 524 
1250 525 
1251 526 
1252 527 
1253 528 
1254 529 
1255 530 
1256 531 
1257 532 
1258 533 
1259 534 
1260 535 
1261 536 
1262 537 
1263 538 
1264 539 
1265 540 
1266 541 
1267 542 
1268 543 
1269 544 
1270 545 
1271 546 
1272 547 
1273 548 
1274 549 
1275 550 
1276 551 
1277 552 
1278 553 
1279 554 
1280 555 
1281 556 
1282 557 
1283 558 
1284 559 
1285 560 
1286 561 
1287 562 
1288 563 
1289 564 
1290 565 
1291 566 
1292 567 
1293 568 
1294 569 
1295 570 
1296 571 
1297 572 
1298 573 
1299 574 
1300 575 
1301 576 
1302 577 
1303 578 
1304 579 
1305 580 
1306 581 
1307 582 
1308 583 
1309 584 
1310 585 
1311 586 
1312 587 
1313 588 
1314 589 
1315 590 
1316 591 
1317 592 
1318 593 
1319 594 
1320 595 
1321 596 
1322 597 
1323 598 
1324 599 
1325 600 
1326 601 
1327 602 
1328 603 
1329 604 
1330 605 
1331 606 
1332 607 
1333 608 
1334 609 
1335 610 
1336 611 
1337 612 
1338 613 
1339 614 
1340 615 
1341 616 
1342 617 
1343 618 
1344 619 
1345 620 
1346 621 
1347 622 
1348 623 
1349 624 
