0 0 0 0 INCONST
1 1 3 0 INVAR
2 2 6 0 INVAR
3 3 7 0 INVAR
4 4 5 0 INVAR
5 5 3 0 INVAR
6 6 5 0 INVAR
7 7 6 0 INVAR
8 8 2 0 INVAR
9 9 9 0 INVAR
10 10 1 0 INVAR
11 11 2 0 INVAR
12 12 7 0 INVAR
13 13 0 0 INVAR
14 14 9 0 INVAR
15 15 3 0 INVAR
16 16 6 0 INVAR
17 17 0 0 INVAR
18 18 6 0 INVAR
19 19 2 0 INVAR
20 20 6 0 INVAR
21 21 1 0 INVAR
22 22 8 0 INVAR
23 23 7 0 INVAR
24 24 9 0 INVAR
25 25 2 0 INVAR
26 26 0 0 INVAR
27 27 2 0 INVAR
28 28 3 0 INVAR
29 29 7 0 INVAR
30 30 5 0 INVAR
31 31 9 0 INVAR
32 32 2 0 INVAR
33 33 2 0 INVAR
34 34 8 0 INVAR
35 35 9 0 INVAR
36 36 7 0 INVAR
37 37 3 0 INVAR
38 38 6 0 INVAR
39 39 1 0 INVAR
40 40 2 0 INVAR
41 41 9 0 INVAR
42 42 3 0 INVAR
43 43 1 0 INVAR
44 44 9 0 INVAR
45 45 4 0 INVAR
46 46 7 0 INVAR
47 47 8 0 INVAR
48 48 4 0 INVAR
49 49 5 0 INVAR
50 50 0 0 INVAR
51 51 3 0 INVAR
52 52 6 0 INVAR
53 53 1 0 INVAR
54 54 0 0 INVAR
55 55 6 0 INVAR
56 56 3 0 INVAR
57 57 2 0 INVAR
58 58 0 0 INVAR
59 59 6 0 INVAR
60 60 1 0 INVAR
61 61 5 0 INVAR
62 62 5 0 INVAR
63 63 4 0 INVAR
64 64 7 0 INVAR
65 65 6 0 INVAR
66 66 5 0 INVAR
67 67 6 0 INVAR
68 68 9 0 INVAR
69 69 3 0 INVAR
70 70 7 0 INVAR
71 71 4 0 INVAR
72 72 5 0 INVAR
73 73 2 0 INVAR
74 74 5 0 INVAR
75 75 4 0 INVAR
76 76 7 0 INVAR
77 77 4 0 INVAR
78 78 4 0 INVAR
79 79 3 0 INVAR
80 80 0 0 INVAR
81 81 7 0 INVAR
82 82 8 0 INVAR
83 83 6 0 INVAR
84 84 8 0 INVAR
85 85 8 0 INVAR
86 86 4 0 INVAR
87 87 3 0 INVAR
88 88 1 0 INVAR
89 89 4 0 INVAR
90 90 9 0 INVAR
91 0 27 1 OUTVAR
92 1 63 1 OUTVAR
93 2 84 1 OUTVAR
94 3 99 1 OUTVAR
95 4 115 1 OUTVAR
96 5 167 1 OUTVAR
97 6 211 1 OUTVAR
98 7 197 1 OUTVAR
99 8 280 1 OUTVAR
100 9 231 1 OUTVAR
101 10 195 1 OUTVAR
102 11 314 1 OUTVAR
103 12 225 1 OUTVAR
104 13 301 1 OUTVAR
105 14 306 1 OUTVAR
106 15 251 1 OUTVAR
107 16 333 1 OUTVAR
108 17 302 1 OUTVAR
109 18 313 1 OUTVAR
110 19 365 1 OUTVAR
111 20 326 1 OUTVAR
112 21 384 1 OUTVAR
113 22 447 1 OUTVAR
114 23 444 1 OUTVAR
115 24 475 1 OUTVAR
116 25 476 1 OUTVAR
117 26 539 1 OUTVAR
118 27 550 1 OUTVAR
119 28 600 1 OUTVAR
120 29 661 1 OUTVAR
121 30 561 1 OUTVAR
122 31 644 1 OUTVAR
123 32 583 1 OUTVAR
124 33 754 1 OUTVAR
125 34 719 1 OUTVAR
126 35 783 1 OUTVAR
127 36 736 1 OUTVAR
128 37 847 1 OUTVAR
129 38 772 1 OUTVAR
130 39 754 1 OUTVAR
131 -1 27 -1 IM
132 -1 54 -1 IM
133 -1 63 -1 IM
134 -1 63 -1 IM
135 -1 81 -1 IM
136 -1 84 -1 IM
137 -1 45 -1 IM
138 -1 66 -1 IM
139 -1 72 -1 IM
140 -1 99 -1 IM
141 -1 27 -1 IM
142 -1 42 -1 IM
143 -1 49 -1 IM
144 -1 103 -1 IM
145 -1 115 -1 IM
146 -1 45 -1 IM
147 -1 54 -1 IM
148 -1 59 -1 IM
149 -1 122 -1 IM
150 -1 146 -1 IM
151 -1 167 -1 IM
152 -1 54 -1 IM
153 -1 69 -1 IM
154 -1 72 -1 IM
155 -1 117 -1 IM
156 -1 145 -1 IM
157 -1 187 -1 IM
158 -1 211 -1 IM
159 -1 18 -1 IM
160 -1 36 -1 IM
161 -1 41 -1 IM
162 -1 68 -1 IM
163 -1 88 -1 IM
164 -1 137 -1 IM
165 -1 185 -1 IM
166 -1 197 -1 IM
167 -1 81 -1 IM
168 -1 87 -1 IM
169 -1 93 -1 IM
170 -1 138 -1 IM
171 -1 150 -1 IM
172 -1 185 -1 IM
173 -1 241 -1 IM
174 -1 265 -1 IM
175 -1 280 -1 IM
176 -1 9 -1 IM
177 -1 36 -1 IM
178 -1 38 -1 IM
179 -1 92 -1 IM
180 -1 112 -1 IM
181 -1 133 -1 IM
182 -1 173 -1 IM
183 -1 201 -1 IM
184 -1 231 -1 IM
185 -1 231 -1 IM
186 -1 18 -1 IM
187 -1 21 -1 IM
188 -1 30 -1 IM
189 -1 48 -1 IM
190 -1 72 -1 IM
191 -1 107 -1 IM
192 -1 131 -1 IM
193 -1 151 -1 IM
194 -1 186 -1 IM
195 -1 186 -1 IM
196 -1 195 -1 IM
197 -1 63 -1 IM
198 -1 69 -1 IM
199 -1 70 -1 IM
200 -1 151 -1 IM
201 -1 159 -1 IM
202 -1 201 -1 IM
203 -1 241 -1 IM
204 -1 253 -1 IM
205 -1 278 -1 IM
206 -1 278 -1 IM
207 -1 296 -1 IM
208 -1 314 -1 IM
209 -1 0 -1 IM
210 -1 21 -1 IM
211 -1 23 -1 IM
212 -1 32 -1 IM
213 -1 68 -1 IM
214 -1 82 -1 IM
215 -1 130 -1 IM
216 -1 150 -1 IM
217 -1 165 -1 IM
218 -1 165 -1 IM
219 -1 186 -1 IM
220 -1 222 -1 IM
221 -1 225 -1 IM
222 -1 81 -1 IM
223 -1 81 -1 IM
224 -1 88 -1 IM
225 -1 106 -1 IM
226 -1 110 -1 IM
227 -1 173 -1 IM
228 -1 189 -1 IM
229 -1 213 -1 IM
230 -1 238 -1 IM
231 -1 238 -1 IM
232 -1 253 -1 IM
233 -1 295 -1 IM
234 -1 301 -1 IM
235 -1 301 -1 IM
236 -1 27 -1 IM
237 -1 54 -1 IM
238 -1 54 -1 IM
239 -1 117 -1 IM
240 -1 125 -1 IM
241 -1 132 -1 IM
242 -1 204 -1 IM
243 -1 212 -1 IM
244 -1 242 -1 IM
245 -1 242 -1 IM
246 -1 251 -1 IM
247 -1 281 -1 IM
248 -1 288 -1 IM
249 -1 288 -1 IM
250 -1 306 -1 IM
251 -1 54 -1 IM
252 -1 63 -1 IM
253 -1 72 -1 IM
254 -1 72 -1 IM
255 -1 100 -1 IM
256 -1 114 -1 IM
257 -1 122 -1 IM
258 -1 158 -1 IM
259 -1 168 -1 IM
260 -1 168 -1 IM
261 -1 183 -1 IM
262 -1 201 -1 IM
263 -1 206 -1 IM
264 -1 206 -1 IM
265 -1 242 -1 IM
266 -1 251 -1 IM
267 -1 0 -1 IM
268 -1 18 -1 IM
269 -1 21 -1 IM
270 -1 102 -1 IM
271 -1 102 -1 IM
272 -1 151 -1 IM
273 -1 167 -1 IM
274 -1 171 -1 IM
275 -1 216 -1 IM
276 -1 216 -1 IM
277 -1 234 -1 IM
278 -1 264 -1 IM
279 -1 267 -1 IM
280 -1 267 -1 IM
281 -1 309 -1 IM
282 -1 327 -1 IM
283 -1 333 -1 IM
284 -1 54 -1 IM
285 -1 54 -1 IM
286 -1 60 -1 IM
287 -1 87 -1 IM
288 -1 123 -1 IM
289 -1 123 -1 IM
290 -1 179 -1 IM
291 -1 187 -1 IM
292 -1 192 -1 IM
293 -1 192 -1 IM
294 -1 198 -1 IM
295 -1 234 -1 IM
296 -1 239 -1 IM
297 -1 239 -1 IM
298 -1 269 -1 IM
299 -1 290 -1 IM
300 -1 302 -1 IM
301 -1 302 -1 IM
302 -1 18 -1 IM
303 -1 36 -1 IM
304 -1 36 -1 IM
305 -1 90 -1 IM
306 -1 102 -1 IM
307 -1 165 -1 IM
308 -1 165 -1 IM
309 -1 193 -1 IM
310 -1 203 -1 IM
311 -1 203 -1 IM
312 -1 230 -1 IM
313 -1 242 -1 IM
314 -1 248 -1 IM
315 -1 248 -1 IM
316 -1 266 -1 IM
317 -1 281 -1 IM
318 -1 295 -1 IM
319 -1 295 -1 IM
320 -1 313 -1 IM
321 -1 54 -1 IM
322 -1 60 -1 IM
323 -1 66 -1 IM
324 -1 66 -1 IM
325 -1 90 -1 IM
326 -1 111 -1 IM
327 -1 183 -1 IM
328 -1 183 -1 IM
329 -1 218 -1 IM
330 -1 218 -1 IM
331 -1 221 -1 IM
332 -1 275 -1 IM
333 -1 277 -1 IM
334 -1 277 -1 IM
335 -1 307 -1 IM
336 -1 316 -1 IM
337 -1 326 -1 IM
338 -1 326 -1 IM
339 -1 362 -1 IM
340 -1 365 -1 IM
341 -1 9 -1 IM
342 -1 27 -1 IM
343 -1 29 -1 IM
344 -1 83 -1 IM
345 -1 83 -1 IM
346 -1 125 -1 IM
347 -1 149 -1 IM
348 -1 185 -1 IM
349 -1 185 -1 IM
350 -1 185 -1 IM
351 -1 191 -1 IM
352 -1 197 -1 IM
353 -1 206 -1 IM
354 -1 206 -1 IM
355 -1 242 -1 IM
356 -1 257 -1 IM
357 -1 263 -1 IM
358 -1 263 -1 IM
359 -1 305 -1 IM
360 -1 311 -1 IM
361 -1 326 -1 IM
362 -1 72 -1 IM
363 -1 75 -1 IM
364 -1 81 -1 IM
365 -1 99 -1 IM
366 -1 123 -1 IM
367 -1 123 -1 IM
368 -1 171 -1 IM
369 -1 183 -1 IM
370 -1 228 -1 IM
371 -1 228 -1 IM
372 -1 249 -1 IM
373 -1 261 -1 IM
374 -1 262 -1 IM
375 -1 262 -1 IM
376 -1 274 -1 IM
377 -1 292 -1 IM
378 -1 302 -1 IM
379 -1 302 -1 IM
380 -1 332 -1 IM
381 -1 339 -1 IM
382 -1 369 -1 IM
383 -1 384 -1 IM
384 -1 63 -1 IM
385 -1 87 -1 IM
386 -1 88 -1 IM
387 -1 142 -1 IM
388 -1 150 -1 IM
389 -1 192 -1 IM
390 -1 192 -1 IM
391 -1 216 -1 IM
392 -1 231 -1 IM
393 -1 231 -1 IM
394 -1 231 -1 IM
395 -1 273 -1 IM
396 -1 275 -1 IM
397 -1 275 -1 IM
398 -1 329 -1 IM
399 -1 335 -1 IM
400 -1 347 -1 IM
401 -1 347 -1 IM
402 -1 365 -1 IM
403 -1 370 -1 IM
404 -1 405 -1 IM
405 -1 435 -1 IM
406 -1 447 -1 IM
407 -1 81 -1 IM
408 -1 102 -1 IM
409 -1 110 -1 IM
410 -1 119 -1 IM
411 -1 143 -1 IM
412 -1 157 -1 IM
413 -1 205 -1 IM
414 -1 205 -1 IM
415 -1 235 -1 IM
416 -1 235 -1 IM
417 -1 262 -1 IM
418 -1 262 -1 IM
419 -1 269 -1 IM
420 -1 269 -1 IM
421 -1 275 -1 IM
422 -1 302 -1 IM
423 -1 306 -1 IM
424 -1 306 -1 IM
425 -1 336 -1 IM
426 -1 339 -1 IM
427 -1 364 -1 IM
428 -1 399 -1 IM
429 -1 423 -1 IM
430 -1 444 -1 IM
431 -1 18 -1 IM
432 -1 45 -1 IM
433 -1 52 -1 IM
434 -1 124 -1 IM
435 -1 128 -1 IM
436 -1 170 -1 IM
437 -1 186 -1 IM
438 -1 210 -1 IM
439 -1 210 -1 IM
440 -1 210 -1 IM
441 -1 219 -1 IM
442 -1 273 -1 IM
443 -1 273 -1 IM
444 -1 273 -1 IM
445 -1 285 -1 IM
446 -1 288 -1 IM
447 -1 306 -1 IM
448 -1 306 -1 IM
449 -1 342 -1 IM
450 -1 347 -1 IM
451 -1 362 -1 IM
452 -1 387 -1 IM
453 -1 415 -1 IM
454 -1 457 -1 IM
455 -1 475 -1 IM
456 -1 0 -1 IM
457 -1 6 -1 IM
458 -1 15 -1 IM
459 -1 78 -1 IM
460 -1 110 -1 IM
461 -1 117 -1 IM
462 -1 165 -1 IM
463 -1 173 -1 IM
464 -1 203 -1 IM
465 -1 203 -1 IM
466 -1 221 -1 IM
467 -1 239 -1 IM
468 -1 248 -1 IM
469 -1 248 -1 IM
470 -1 290 -1 IM
471 -1 296 -1 IM
472 -1 298 -1 IM
473 -1 298 -1 IM
474 -1 310 -1 IM
475 -1 316 -1 IM
476 -1 341 -1 IM
477 -1 356 -1 IM
478 -1 376 -1 IM
479 -1 425 -1 IM
480 -1 461 -1 IM
481 -1 476 -1 IM
482 -1 18 -1 IM
483 -1 18 -1 IM
484 -1 20 -1 IM
485 -1 101 -1 IM
486 -1 129 -1 IM
487 -1 185 -1 IM
488 -1 193 -1 IM
489 -1 217 -1 IM
490 -1 227 -1 IM
491 -1 227 -1 IM
492 -1 227 -1 IM
493 -1 263 -1 IM
494 -1 266 -1 IM
495 -1 266 -1 IM
496 -1 266 -1 IM
497 -1 287 -1 IM
498 -1 291 -1 IM
499 -1 291 -1 IM
500 -1 345 -1 IM
501 -1 347 -1 IM
502 -1 377 -1 IM
503 -1 402 -1 IM
504 -1 414 -1 IM
505 -1 449 -1 IM
506 -1 491 -1 IM
507 -1 521 -1 IM
508 -1 539 -1 IM
509 -1 27 -1 IM
510 -1 33 -1 IM
511 -1 33 -1 IM
512 -1 51 -1 IM
513 -1 87 -1 IM
514 -1 136 -1 IM
515 -1 200 -1 IM
516 -1 204 -1 IM
517 -1 234 -1 IM
518 -1 234 -1 IM
519 -1 252 -1 IM
520 -1 252 -1 IM
521 -1 258 -1 IM
522 -1 258 -1 IM
523 -1 312 -1 IM
524 -1 312 -1 IM
525 -1 326 -1 IM
526 -1 326 -1 IM
527 -1 332 -1 IM
528 -1 341 -1 IM
529 -1 351 -1 IM
530 -1 381 -1 IM
531 -1 401 -1 IM
532 -1 422 -1 IM
533 -1 452 -1 IM
534 -1 487 -1 IM
535 -1 523 -1 IM
536 -1 550 -1 IM
537 -1 63 -1 IM
538 -1 72 -1 IM
539 -1 74 -1 IM
540 -1 74 -1 IM
541 -1 82 -1 IM
542 -1 145 -1 IM
543 -1 201 -1 IM
544 -1 233 -1 IM
545 -1 238 -1 IM
546 -1 238 -1 IM
547 -1 244 -1 IM
548 -1 280 -1 IM
549 -1 280 -1 IM
550 -1 280 -1 IM
551 -1 298 -1 IM
552 -1 325 -1 IM
553 -1 325 -1 IM
554 -1 325 -1 IM
555 -1 337 -1 IM
556 -1 338 -1 IM
557 -1 383 -1 IM
558 -1 393 -1 IM
559 -1 417 -1 IM
560 -1 452 -1 IM
561 -1 470 -1 IM
562 -1 495 -1 IM
563 -1 537 -1 IM
564 -1 591 -1 IM
565 -1 600 -1 IM
566 -1 45 -1 IM
567 -1 66 -1 IM
568 -1 69 -1 IM
569 -1 87 -1 IM
570 -1 87 -1 IM
571 -1 101 -1 IM
572 -1 173 -1 IM
573 -1 201 -1 IM
574 -1 241 -1 IM
575 -1 241 -1 IM
576 -1 259 -1 IM
577 -1 271 -1 IM
578 -1 277 -1 IM
579 -1 277 -1 IM
580 -1 313 -1 IM
581 -1 322 -1 IM
582 -1 340 -1 IM
583 -1 340 -1 IM
584 -1 382 -1 IM
585 -1 384 -1 IM
586 -1 389 -1 IM
587 -1 434 -1 IM
588 -1 442 -1 IM
589 -1 484 -1 IM
590 -1 514 -1 IM
591 -1 529 -1 IM
592 -1 559 -1 IM
593 -1 622 -1 IM
594 -1 640 -1 IM
595 -1 661 -1 IM
596 -1 81 -1 IM
597 -1 96 -1 IM
598 -1 103 -1 IM
599 -1 130 -1 IM
600 -1 138 -1 IM
601 -1 138 -1 IM
602 -1 154 -1 IM
603 -1 190 -1 IM
604 -1 225 -1 IM
605 -1 225 -1 IM
606 -1 228 -1 IM
607 -1 264 -1 IM
608 -1 266 -1 IM
609 -1 266 -1 IM
610 -1 266 -1 IM
611 -1 284 -1 IM
612 -1 290 -1 IM
613 -1 290 -1 IM
614 -1 290 -1 IM
615 -1 297 -1 IM
616 -1 307 -1 IM
617 -1 312 -1 IM
618 -1 348 -1 IM
619 -1 362 -1 IM
620 -1 398 -1 IM
621 -1 423 -1 IM
622 -1 441 -1 IM
623 -1 486 -1 IM
624 -1 507 -1 IM
625 -1 549 -1 IM
626 -1 561 -1 IM
627 -1 18 -1 IM
628 -1 45 -1 IM
629 -1 50 -1 IM
630 -1 113 -1 IM
631 -1 125 -1 IM
632 -1 139 -1 IM
633 -1 139 -1 IM
634 -1 147 -1 IM
635 -1 192 -1 IM
636 -1 192 -1 IM
637 -1 216 -1 IM
638 -1 222 -1 IM
639 -1 228 -1 IM
640 -1 228 -1 IM
641 -1 264 -1 IM
642 -1 264 -1 IM
643 -1 276 -1 IM
644 -1 276 -1 IM
645 -1 330 -1 IM
646 -1 330 -1 IM
647 -1 365 -1 IM
648 -1 375 -1 IM
649 -1 379 -1 IM
650 -1 442 -1 IM
651 -1 454 -1 IM
652 -1 484 -1 IM
653 -1 514 -1 IM
654 -1 541 -1 IM
655 -1 556 -1 IM
656 -1 605 -1 IM
657 -1 629 -1 IM
658 -1 644 -1 IM
659 -1 18 -1 IM
660 -1 24 -1 IM
661 -1 33 -1 IM
662 -1 78 -1 IM
663 -1 106 -1 IM
664 -1 127 -1 IM
665 -1 143 -1 IM
666 -1 143 -1 IM
667 -1 153 -1 IM
668 -1 153 -1 IM
669 -1 174 -1 IM
670 -1 222 -1 IM
671 -1 223 -1 IM
672 -1 223 -1 IM
673 -1 235 -1 IM
674 -1 253 -1 IM
675 -1 253 -1 IM
676 -1 253 -1 IM
677 -1 271 -1 IM
678 -1 280 -1 IM
679 -1 280 -1 IM
680 -1 315 -1 IM
681 -1 323 -1 IM
682 -1 330 -1 IM
683 -1 384 -1 IM
684 -1 394 -1 IM
685 -1 430 -1 IM
686 -1 475 -1 IM
687 -1 484 -1 IM
688 -1 519 -1 IM
689 -1 547 -1 IM
690 -1 577 -1 IM
691 -1 583 -1 IM
692 -1 72 -1 IM
693 -1 78 -1 IM
694 -1 80 -1 IM
695 -1 161 -1 IM
696 -1 181 -1 IM
697 -1 230 -1 IM
698 -1 254 -1 IM
699 -1 262 -1 IM
700 -1 262 -1 IM
701 -1 262 -1 IM
702 -1 289 -1 IM
703 -1 331 -1 IM
704 -1 339 -1 IM
705 -1 339 -1 IM
706 -1 375 -1 IM
707 -1 381 -1 IM
708 -1 393 -1 IM
709 -1 393 -1 IM
710 -1 429 -1 IM
711 -1 432 -1 IM
712 -1 477 -1 IM
713 -1 477 -1 IM
714 -1 505 -1 IM
715 -1 519 -1 IM
716 -1 525 -1 IM
717 -1 570 -1 IM
718 -1 582 -1 IM
719 -1 636 -1 IM
720 -1 651 -1 IM
721 -1 672 -1 IM
722 -1 692 -1 IM
723 -1 727 -1 IM
724 -1 739 -1 IM
725 -1 754 -1 IM
726 -1 81 -1 IM
727 -1 105 -1 IM
728 -1 107 -1 IM
729 -1 125 -1 IM
730 -1 161 -1 IM
731 -1 196 -1 IM
732 -1 252 -1 IM
733 -1 264 -1 IM
734 -1 274 -1 IM
735 -1 274 -1 IM
736 -1 280 -1 IM
737 -1 334 -1 IM
738 -1 341 -1 IM
739 -1 341 -1 IM
740 -1 347 -1 IM
741 -1 365 -1 IM
742 -1 369 -1 IM
743 -1 369 -1 IM
744 -1 369 -1 IM
745 -1 375 -1 IM
746 -1 390 -1 IM
747 -1 435 -1 IM
748 -1 435 -1 IM
749 -1 484 -1 IM
750 -1 496 -1 IM
751 -1 501 -1 IM
752 -1 555 -1 IM
753 -1 573 -1 IM
754 -1 591 -1 IM
755 -1 626 -1 IM
756 -1 638 -1 IM
757 -1 663 -1 IM
758 -1 677 -1 IM
759 -1 707 -1 IM
760 -1 719 -1 IM
761 -1 63 -1 IM
762 -1 90 -1 IM
763 -1 98 -1 IM
764 -1 116 -1 IM
765 -1 124 -1 IM
766 -1 187 -1 IM
767 -1 227 -1 IM
768 -1 255 -1 IM
769 -1 270 -1 IM
770 -1 270 -1 IM
771 -1 270 -1 IM
772 -1 282 -1 IM
773 -1 291 -1 IM
774 -1 291 -1 IM
775 -1 339 -1 IM
776 -1 342 -1 IM
777 -1 354 -1 IM
778 -1 354 -1 IM
779 -1 390 -1 IM
780 -1 390 -1 IM
781 -1 420 -1 IM
782 -1 435 -1 IM
783 -1 471 -1 IM
784 -1 471 -1 IM
785 -1 513 -1 IM
786 -1 523 -1 IM
787 -1 529 -1 IM
788 -1 610 -1 IM
789 -1 616 -1 IM
790 -1 658 -1 IM
791 -1 678 -1 IM
792 -1 693 -1 IM
793 -1 703 -1 IM
794 -1 738 -1 IM
795 -1 762 -1 IM
796 -1 783 -1 IM
797 -1 27 -1 IM
798 -1 48 -1 IM
799 -1 57 -1 IM
800 -1 129 -1 IM
801 -1 137 -1 IM
802 -1 151 -1 IM
803 -1 223 -1 IM
804 -1 243 -1 IM
805 -1 278 -1 IM
806 -1 278 -1 IM
807 -1 284 -1 IM
808 -1 284 -1 IM
809 -1 286 -1 IM
810 -1 286 -1 IM
811 -1 328 -1 IM
812 -1 352 -1 IM
813 -1 354 -1 IM
814 -1 354 -1 IM
815 -1 366 -1 IM
816 -1 372 -1 IM
817 -1 372 -1 IM
818 -1 402 -1 IM
819 -1 414 -1 IM
820 -1 477 -1 IM
821 -1 477 -1 IM
822 -1 512 -1 IM
823 -1 524 -1 IM
824 -1 533 -1 IM
825 -1 560 -1 IM
826 -1 574 -1 IM
827 -1 598 -1 IM
828 -1 623 -1 IM
829 -1 629 -1 IM
830 -1 654 -1 IM
831 -1 682 -1 IM
832 -1 724 -1 IM
833 -1 736 -1 IM
834 -1 54 -1 IM
835 -1 63 -1 IM
836 -1 70 -1 IM
837 -1 151 -1 IM
838 -1 183 -1 IM
839 -1 197 -1 IM
840 -1 213 -1 IM
841 -1 249 -1 IM
842 -1 274 -1 IM
843 -1 274 -1 IM
844 -1 283 -1 IM
845 -1 295 -1 IM
846 -1 295 -1 IM
847 -1 295 -1 IM
848 -1 349 -1 IM
849 -1 370 -1 IM
850 -1 386 -1 IM
851 -1 386 -1 IM
852 -1 422 -1 IM
853 -1 424 -1 IM
854 -1 454 -1 IM
855 -1 454 -1 IM
856 -1 478 -1 IM
857 -1 499 -1 IM
858 -1 553 -1 IM
859 -1 553 -1 IM
860 -1 595 -1 IM
861 -1 613 -1 IM
862 -1 616 -1 IM
863 -1 679 -1 IM
864 -1 687 -1 IM
865 -1 717 -1 IM
866 -1 727 -1 IM
867 -1 742 -1 IM
868 -1 762 -1 IM
869 -1 811 -1 IM
870 -1 835 -1 IM
871 -1 847 -1 IM
872 -1 9 -1 IM
873 -1 27 -1 IM
874 -1 30 -1 IM
875 -1 93 -1 IM
876 -1 129 -1 IM
877 -1 185 -1 IM
878 -1 201 -1 IM
879 -1 209 -1 IM
880 -1 254 -1 IM
881 -1 254 -1 IM
882 -1 275 -1 IM
883 -1 293 -1 IM
884 -1 295 -1 IM
885 -1 295 -1 IM
886 -1 307 -1 IM
887 -1 334 -1 IM
888 -1 348 -1 IM
889 -1 348 -1 IM
890 -1 354 -1 IM
891 -1 360 -1 IM
892 -1 370 -1 IM
893 -1 400 -1 IM
894 -1 400 -1 IM
895 -1 442 -1 IM
896 -1 460 -1 IM
897 -1 505 -1 IM
898 -1 505 -1 IM
899 -1 568 -1 IM
900 -1 574 -1 IM
901 -1 581 -1 IM
902 -1 617 -1 IM
903 -1 627 -1 IM
904 -1 639 -1 IM
905 -1 664 -1 IM
906 -1 676 -1 IM
907 -1 711 -1 IM
908 -1 739 -1 IM
909 -1 763 -1 IM
910 -1 772 -1 IM
911 -1 18 -1 IM
912 -1 21 -1 IM
913 -1 27 -1 IM
914 -1 54 -1 IM
915 -1 82 -1 IM
916 -1 145 -1 IM
917 -1 209 -1 IM
918 -1 217 -1 IM
919 -1 227 -1 IM
920 -1 227 -1 IM
921 -1 242 -1 IM
922 -1 284 -1 IM
923 -1 287 -1 IM
924 -1 287 -1 IM
925 -1 287 -1 IM
926 -1 293 -1 IM
927 -1 311 -1 IM
928 -1 311 -1 IM
929 -1 359 -1 IM
930 -1 360 -1 IM
931 -1 390 -1 IM
932 -1 400 -1 IM
933 -1 424 -1 IM
934 -1 424 -1 IM
935 -1 460 -1 IM
936 -1 475 -1 IM
937 -1 529 -1 IM
938 -1 529 -1 IM
939 -1 550 -1 IM
940 -1 564 -1 IM
941 -1 568 -1 IM
942 -1 613 -1 IM
943 -1 617 -1 IM
944 -1 647 -1 IM
945 -1 667 -1 IM
946 -1 688 -1 IM
947 -1 708 -1 IM
948 -1 736 -1 IM
949 -1 754 -1 IM
950 -1 754 -1 IM
