0 0 0 0 INCONST
1 1 1 0 INCONST
2 2 83 0 INVAR
3 3 86 0 INVAR
4 4 77 0 INVAR
5 5 15 0 INVAR
6 6 93 0 INVAR
7 7 35 0 INVAR
8 8 86 0 INVAR
9 9 92 0 INVAR
10 10 49 0 INVAR
11 11 21 0 INVAR
12 12 62 0 INVAR
13 13 27 0 INVAR
14 14 90 0 INVAR
15 15 59 0 INVAR
16 16 63 0 INVAR
17 17 26 0 INVAR
18 18 40 0 INVAR
19 19 26 0 INVAR
20 20 72 0 INVAR
21 21 36 0 INVAR
22 22 11 0 INVAR
23 23 68 0 INVAR
24 24 67 0 INVAR
25 25 29 0 INVAR
26 26 82 0 INVAR
27 27 30 0 INVAR
28 28 62 0 INVAR
29 29 23 0 INVAR
30 30 67 0 INVAR
31 31 35 0 INVAR
32 32 29 0 INVAR
33 33 2 0 INVAR
34 34 22 0 INVAR
35 35 58 0 INVAR
36 36 69 0 INVAR
37 37 67 0 INVAR
38 38 93 0 INVAR
39 39 56 0 INVAR
40 40 11 0 INVAR
41 41 42 0 INVAR
42 42 29 0 INVAR
43 43 73 0 INVAR
44 44 21 0 INVAR
45 45 19 0 INVAR
46 46 84 0 INVAR
47 47 37 0 INVAR
48 48 98 0 INVAR
49 49 24 0 INVAR
50 50 15 0 INVAR
51 51 70 0 INVAR
52 52 13 0 INVAR
53 53 26 0 INVAR
54 54 91 0 INVAR
55 55 80 0 INVAR
56 56 56 0 INVAR
57 57 73 0 INVAR
58 58 62 0 INVAR
59 59 70 0 INVAR
60 60 96 0 INVAR
61 61 81 0 INVAR
62 62 5 0 INVAR
63 63 25 0 INVAR
64 64 84 0 INVAR
65 65 27 0 INVAR
66 66 36 0 INVAR
67 67 5 0 INVAR
68 68 46 0 INVAR
69 69 29 0 INVAR
70 70 13 0 INVAR
71 71 57 0 INVAR
72 72 24 0 INVAR
73 73 95 0 INVAR
74 74 82 0 INVAR
75 75 45 0 INVAR
76 76 14 0 INVAR
77 77 67 0 INVAR
78 78 34 0 INVAR
79 79 64 0 INVAR
80 80 43 0 INVAR
81 81 50 0 INVAR
82 82 83 0 INVAR
83 83 86 0 INVAR
84 84 77 0 INVAR
85 85 15 0 INVAR
86 86 93 0 INVAR
87 87 35 0 INVAR
88 88 86 0 INVAR
89 89 92 0 INVAR
90 0 619 1 OUTVAR
91 1 1009 1 OUTVAR
92 2 691 1 OUTVAR
93 3 400 1 OUTVAR
94 4 778 1 OUTVAR
95 5 349 1 OUTVAR
96 6 86 1 OUTVAR
97 7 92 1 OUTVAR
98 8 14 1 OUTVAR
99 9 16 1 OUTVAR
100 10 9 1 OUTVAR
101 11 1 1 OUTVAR
102 -1 0 -1 IM
103 -1 0 -1 IM
104 -1 0 -1 IM
105 -1 0 -1 IM
106 -1 6 -1 IM
107 -1 71 -1 IM
108 -1 36 -1 IM
109 -1 5077 -1 IM
110 -1 -10 -1 IM
111 -1 51 -1 IM
112 -1 100 -1 IM
113 -1 2701 -1 IM
114 -1 -3 -1 IM
115 -1 -6 -1 IM
116 -1 9 -1 IM
117 -1 45 -1 IM
118 -1 1 -1 IM
119 -1 1 -1 IM
120 -1 1 -1 IM
121 -1 1 -1 IM
122 -1 0 -1 IM
123 -1 0 -1 IM
124 -1 0 -1 IM
125 -1 0 -1 IM
126 -1 0 -1 IM
127 -1 1 -1 IM
128 -1 0 -1 IM
129 -1 0 -1 IM
130 -1 0 -1 IM
131 -1 1 -1 IM
132 -1 1 -1 IM
133 -1 0 -1 IM
134 -1 1 -1 IM
135 -1 1 -1 IM
136 -1 83 -1 IM
137 -1 83 -1 IM
138 -1 86 -1 IM
139 -1 86 -1 IM
140 -1 1 -1 IM
141 -1 0 -1 IM
142 -1 83 -1 IM
143 -1 0 -1 IM
144 -1 86 -1 IM
145 -1 0 -1 IM
146 -1 1 -1 IM
147 -1 0 -1 IM
148 -1 83 -1 IM
149 -1 0 -1 IM
150 -1 86 -1 IM
151 -1 0 -1 IM
152 -1 1 -1 IM
153 -1 0 -1 IM
154 -1 83 -1 IM
155 -1 0 -1 IM
156 -1 86 -1 IM
157 -1 0 -1 IM
158 -1 -6 -1 IM
159 -1 -71 -1 IM
160 -1 36 -1 IM
161 -1 5077 -1 IM
162 -1 0 -1 IM
163 -1 0 -1 IM
164 -1 0 -1 IM
165 -1 0 -1 IM
166 -1 -16 -1 IM
167 -1 -20 -1 IM
168 -1 256 -1 IM
169 -1 656 -1 IM
170 -1 -9 -1 IM
171 -1 -77 -1 IM
172 -1 81 -1 IM
173 -1 6010 -1 IM
174 -1 0 -1 IM
175 -1 0 -1 IM
176 -1 1 -1 IM
177 -1 0 -1 IM
178 -1 1 -1 IM
179 -1 1 -1 IM
180 -1 1 -1 IM
181 -1 1 -1 IM
182 -1 1 -1 IM
183 -1 0 -1 IM
184 -1 1 -1 IM
185 -1 0 -1 IM
186 -1 0 -1 IM
187 -1 0 -1 IM
188 -1 0 -1 IM
189 -1 0 -1 IM
190 -1 2 -1 IM
191 -1 1 -1 IM
192 -1 160 -1 IM
193 -1 83 -1 IM
194 -1 101 -1 IM
195 -1 86 -1 IM
196 -1 1 -1 IM
197 -1 1 -1 IM
198 -1 77 -1 IM
199 -1 77 -1 IM
200 -1 15 -1 IM
201 -1 15 -1 IM
202 -1 1 -1 IM
203 -1 0 -1 IM
204 -1 77 -1 IM
205 -1 0 -1 IM
206 -1 15 -1 IM
207 -1 0 -1 IM
208 -1 1 -1 IM
209 -1 0 -1 IM
210 -1 77 -1 IM
211 -1 0 -1 IM
212 -1 15 -1 IM
213 -1 0 -1 IM
214 -1 10 -1 IM
215 -1 -51 -1 IM
216 -1 100 -1 IM
217 -1 2701 -1 IM
218 -1 16 -1 IM
219 -1 20 -1 IM
220 -1 256 -1 IM
221 -1 656 -1 IM
222 -1 0 -1 IM
223 -1 0 -1 IM
224 -1 0 -1 IM
225 -1 0 -1 IM
226 -1 7 -1 IM
227 -1 -57 -1 IM
228 -1 49 -1 IM
229 -1 3298 -1 IM
230 -1 0 -1 IM
231 -1 0 -1 IM
232 -1 1 -1 IM
233 -1 0 -1 IM
234 -1 1 -1 IM
235 -1 0 -1 IM
236 -1 1 -1 IM
237 -1 0 -1 IM
238 -1 1 -1 IM
239 -1 1 -1 IM
240 -1 1 -1 IM
241 -1 1 -1 IM
242 -1 0 -1 IM
243 -1 0 -1 IM
244 -1 0 -1 IM
245 -1 0 -1 IM
246 -1 2 -1 IM
247 -1 1 -1 IM
248 -1 176 -1 IM
249 -1 83 -1 IM
250 -1 121 -1 IM
251 -1 86 -1 IM
252 -1 2 -1 IM
253 -1 1 -1 IM
254 -1 170 -1 IM
255 -1 77 -1 IM
256 -1 50 -1 IM
257 -1 15 -1 IM
258 -1 1 -1 IM
259 -1 1 -1 IM
260 -1 93 -1 IM
261 -1 93 -1 IM
262 -1 35 -1 IM
263 -1 35 -1 IM
264 -1 1 -1 IM
265 -1 0 -1 IM
266 -1 93 -1 IM
267 -1 0 -1 IM
268 -1 35 -1 IM
269 -1 0 -1 IM
270 -1 3 -1 IM
271 -1 6 -1 IM
272 -1 9 -1 IM
273 -1 45 -1 IM
274 -1 9 -1 IM
275 -1 77 -1 IM
276 -1 81 -1 IM
277 -1 6010 -1 IM
278 -1 -7 -1 IM
279 -1 57 -1 IM
280 -1 49 -1 IM
281 -1 3298 -1 IM
282 -1 0 -1 IM
283 -1 0 -1 IM
284 -1 0 -1 IM
285 -1 0 -1 IM
286 -1 1 -1 IM
287 -1 1 -1 IM
288 -1 0 -1 IM
289 -1 0 -1 IM
290 -1 0 -1 IM
291 -1 0 -1 IM
292 -1 0 -1 IM
293 -1 0 -1 IM
294 -1 0 -1 IM
295 -1 1 -1 IM
296 -1 0 -1 IM
297 -1 0 -1 IM
298 -1 1 -1 IM
299 -1 1 -1 IM
300 -1 1 -1 IM
301 -1 1 -1 IM
302 -1 2 -1 IM
303 -1 1 -1 IM
304 -1 169 -1 IM
305 -1 83 -1 IM
306 -1 178 -1 IM
307 -1 86 -1 IM
308 -1 2 -1 IM
309 -1 1 -1 IM
310 -1 163 -1 IM
311 -1 77 -1 IM
312 -1 107 -1 IM
313 -1 15 -1 IM
314 -1 2 -1 IM
315 -1 1 -1 IM
316 -1 179 -1 IM
317 -1 93 -1 IM
318 -1 127 -1 IM
319 -1 35 -1 IM
320 -1 1 -1 IM
321 -1 1 -1 IM
322 -1 86 -1 IM
323 -1 86 -1 IM
324 -1 92 -1 IM
325 -1 92 -1 IM
326 -1 -34 -1 IM
327 -1 -65 -1 IM
328 -1 1156 -1 IM
329 -1 5381 -1 IM
330 -1 -28 -1 IM
331 -1 6 -1 IM
332 -1 784 -1 IM
333 -1 820 -1 IM
334 -1 -44 -1 IM
335 -1 -14 -1 IM
336 -1 1936 -1 IM
337 -1 2132 -1 IM
338 -1 -37 -1 IM
339 -1 -71 -1 IM
340 -1 1369 -1 IM
341 -1 6410 -1 IM
342 -1 0 -1 IM
343 -1 0 -1 IM
344 -1 1 -1 IM
345 -1 0 -1 IM
346 -1 1 -1 IM
347 -1 1 -1 IM
348 -1 1 -1 IM
349 -1 1 -1 IM
350 -1 1 -1 IM
351 -1 0 -1 IM
352 -1 1 -1 IM
353 -1 0 -1 IM
354 -1 0 -1 IM
355 -1 0 -1 IM
356 -1 0 -1 IM
357 -1 0 -1 IM
358 -1 2 -1 IM
359 -1 1 -1 IM
360 -1 132 -1 IM
361 -1 83 -1 IM
362 -1 107 -1 IM
363 -1 86 -1 IM
364 -1 2 -1 IM
365 -1 2 -1 IM
366 -1 126 -1 IM
367 -1 126 -1 IM
368 -1 36 -1 IM
369 -1 36 -1 IM
370 -1 2 -1 IM
371 -1 1 -1 IM
372 -1 142 -1 IM
373 -1 93 -1 IM
374 -1 56 -1 IM
375 -1 35 -1 IM
376 -1 2 -1 IM
377 -1 1 -1 IM
378 -1 135 -1 IM
379 -1 86 -1 IM
380 -1 113 -1 IM
381 -1 92 -1 IM
382 -1 -21 -1 IM
383 -1 -59 -1 IM
384 -1 441 -1 IM
385 -1 3922 -1 IM
386 -1 -15 -1 IM
387 -1 12 -1 IM
388 -1 225 -1 IM
389 -1 369 -1 IM
390 -1 -31 -1 IM
391 -1 -8 -1 IM
392 -1 961 -1 IM
393 -1 1025 -1 IM
394 -1 -24 -1 IM
395 -1 -65 -1 IM
396 -1 576 -1 IM
397 -1 4801 -1 IM
398 -1 0 -1 IM
399 -1 0 -1 IM
400 -1 1 -1 IM
401 -1 0 -1 IM
402 -1 1 -1 IM
403 -1 1 -1 IM
404 -1 1 -1 IM
405 -1 1 -1 IM
406 -1 1 -1 IM
407 -1 0 -1 IM
408 -1 1 -1 IM
409 -1 0 -1 IM
410 -1 0 -1 IM
411 -1 0 -1 IM
412 -1 0 -1 IM
413 -1 0 -1 IM
414 -1 2 -1 IM
415 -1 1 -1 IM
416 -1 145 -1 IM
417 -1 83 -1 IM
418 -1 113 -1 IM
419 -1 86 -1 IM
420 -1 3 -1 IM
421 -1 3 -1 IM
422 -1 188 -1 IM
423 -1 188 -1 IM
424 -1 63 -1 IM
425 -1 63 -1 IM
426 -1 2 -1 IM
427 -1 1 -1 IM
428 -1 155 -1 IM
429 -1 93 -1 IM
430 -1 62 -1 IM
431 -1 35 -1 IM
432 -1 2 -1 IM
433 -1 1 -1 IM
434 -1 148 -1 IM
435 -1 86 -1 IM
436 -1 119 -1 IM
437 -1 92 -1 IM
438 -1 7 -1 IM
439 -1 -27 -1 IM
440 -1 49 -1 IM
441 -1 778 -1 IM
442 -1 13 -1 IM
443 -1 44 -1 IM
444 -1 169 -1 IM
445 -1 2105 -1 IM
446 -1 -3 -1 IM
447 -1 24 -1 IM
448 -1 9 -1 IM
449 -1 585 -1 IM
450 -1 4 -1 IM
451 -1 -33 -1 IM
452 -1 16 -1 IM
453 -1 1105 -1 IM
454 -1 1 -1 IM
455 -1 0 -1 IM
456 -1 1 -1 IM
457 -1 0 -1 IM
458 -1 0 -1 IM
459 -1 0 -1 IM
460 -1 0 -1 IM
461 -1 0 -1 IM
462 -1 1 -1 IM
463 -1 1 -1 IM
464 -1 1 -1 IM
465 -1 1 -1 IM
466 -1 0 -1 IM
467 -1 1 -1 IM
468 -1 0 -1 IM
469 -1 0 -1 IM
470 -1 2 -1 IM
471 -1 1 -1 IM
472 -1 173 -1 IM
473 -1 83 -1 IM
474 -1 145 -1 IM
475 -1 86 -1 IM
476 -1 4 -1 IM
477 -1 3 -1 IM
478 -1 278 -1 IM
479 -1 188 -1 IM
480 -1 122 -1 IM
481 -1 63 -1 IM
482 -1 2 -1 IM
483 -1 2 -1 IM
484 -1 183 -1 IM
485 -1 183 -1 IM
486 -1 94 -1 IM
487 -1 94 -1 IM
488 -1 2 -1 IM
489 -1 1 -1 IM
490 -1 176 -1 IM
491 -1 86 -1 IM
492 -1 151 -1 IM
493 -1 92 -1 IM
494 -1 -20 -1 IM
495 -1 -60 -1 IM
496 -1 400 -1 IM
497 -1 4000 -1 IM
498 -1 -14 -1 IM
499 -1 11 -1 IM
500 -1 196 -1 IM
501 -1 317 -1 IM
502 -1 -30 -1 IM
503 -1 -9 -1 IM
504 -1 900 -1 IM
505 -1 981 -1 IM
506 -1 -23 -1 IM
507 -1 -66 -1 IM
508 -1 529 -1 IM
509 -1 4885 -1 IM
510 -1 0 -1 IM
511 -1 0 -1 IM
512 -1 1 -1 IM
513 -1 0 -1 IM
514 -1 1 -1 IM
515 -1 1 -1 IM
516 -1 1 -1 IM
517 -1 1 -1 IM
518 -1 1 -1 IM
519 -1 0 -1 IM
520 -1 1 -1 IM
521 -1 0 -1 IM
522 -1 0 -1 IM
523 -1 0 -1 IM
524 -1 0 -1 IM
525 -1 0 -1 IM
526 -1 2 -1 IM
527 -1 1 -1 IM
528 -1 146 -1 IM
529 -1 83 -1 IM
530 -1 112 -1 IM
531 -1 86 -1 IM
532 -1 4 -1 IM
533 -1 4 -1 IM
534 -1 251 -1 IM
535 -1 251 -1 IM
536 -1 89 -1 IM
537 -1 89 -1 IM
538 -1 3 -1 IM
539 -1 2 -1 IM
540 -1 246 -1 IM
541 -1 183 -1 IM
542 -1 120 -1 IM
543 -1 94 -1 IM
544 -1 2 -1 IM
545 -1 1 -1 IM
546 -1 149 -1 IM
547 -1 86 -1 IM
548 -1 118 -1 IM
549 -1 92 -1 IM
550 -1 -43 -1 IM
551 -1 -60 -1 IM
552 -1 1849 -1 IM
553 -1 5449 -1 IM
554 -1 -37 -1 IM
555 -1 11 -1 IM
556 -1 1369 -1 IM
557 -1 1490 -1 IM
558 -1 -53 -1 IM
559 -1 -9 -1 IM
560 -1 2809 -1 IM
561 -1 2890 -1 IM
562 -1 -46 -1 IM
563 -1 -66 -1 IM
564 -1 2116 -1 IM
565 -1 6472 -1 IM
566 -1 0 -1 IM
567 -1 0 -1 IM
568 -1 1 -1 IM
569 -1 0 -1 IM
570 -1 1 -1 IM
571 -1 1 -1 IM
572 -1 1 -1 IM
573 -1 1 -1 IM
574 -1 1 -1 IM
575 -1 0 -1 IM
576 -1 1 -1 IM
577 -1 0 -1 IM
578 -1 0 -1 IM
579 -1 0 -1 IM
580 -1 0 -1 IM
581 -1 0 -1 IM
582 -1 2 -1 IM
583 -1 1 -1 IM
584 -1 123 -1 IM
585 -1 83 -1 IM
586 -1 112 -1 IM
587 -1 86 -1 IM
588 -1 5 -1 IM
589 -1 5 -1 IM
590 -1 291 -1 IM
591 -1 291 -1 IM
592 -1 115 -1 IM
593 -1 115 -1 IM
594 -1 3 -1 IM
595 -1 2 -1 IM
596 -1 223 -1 IM
597 -1 183 -1 IM
598 -1 120 -1 IM
599 -1 94 -1 IM
600 -1 2 -1 IM
601 -1 1 -1 IM
602 -1 126 -1 IM
603 -1 86 -1 IM
604 -1 118 -1 IM
605 -1 92 -1 IM
606 -1 -11 -1 IM
607 -1 -50 -1 IM
608 -1 121 -1 IM
609 -1 2621 -1 IM
610 -1 -5 -1 IM
611 -1 21 -1 IM
612 -1 25 -1 IM
613 -1 466 -1 IM
614 -1 -21 -1 IM
615 -1 1 -1 IM
616 -1 441 -1 IM
617 -1 442 -1 IM
618 -1 -14 -1 IM
619 -1 -56 -1 IM
620 -1 196 -1 IM
621 -1 3332 -1 IM
622 -1 0 -1 IM
623 -1 0 -1 IM
624 -1 1 -1 IM
625 -1 0 -1 IM
626 -1 1 -1 IM
627 -1 0 -1 IM
628 -1 1 -1 IM
629 -1 0 -1 IM
630 -1 1 -1 IM
631 -1 1 -1 IM
632 -1 1 -1 IM
633 -1 1 -1 IM
634 -1 0 -1 IM
635 -1 0 -1 IM
636 -1 0 -1 IM
637 -1 0 -1 IM
638 -1 2 -1 IM
639 -1 1 -1 IM
640 -1 155 -1 IM
641 -1 83 -1 IM
642 -1 122 -1 IM
643 -1 86 -1 IM
644 -1 6 -1 IM
645 -1 5 -1 IM
646 -1 363 -1 IM
647 -1 291 -1 IM
648 -1 151 -1 IM
649 -1 115 -1 IM
650 -1 3 -1 IM
651 -1 3 -1 IM
652 -1 255 -1 IM
653 -1 255 -1 IM
654 -1 130 -1 IM
655 -1 130 -1 IM
656 -1 2 -1 IM
657 -1 1 -1 IM
658 -1 158 -1 IM
659 -1 86 -1 IM
660 -1 128 -1 IM
661 -1 92 -1 IM
662 -1 -72 -1 IM
663 -1 -18 -1 IM
664 -1 5184 -1 IM
665 -1 5508 -1 IM
666 -1 -66 -1 IM
667 -1 53 -1 IM
668 -1 4356 -1 IM
669 -1 7165 -1 IM
670 -1 -82 -1 IM
671 -1 33 -1 IM
672 -1 6724 -1 IM
673 -1 7813 -1 IM
674 -1 -75 -1 IM
675 -1 -24 -1 IM
676 -1 5625 -1 IM
677 -1 6201 -1 IM
678 -1 1 -1 IM
679 -1 1 -1 IM
680 -1 1 -1 IM
681 -1 1 -1 IM
682 -1 0 -1 IM
683 -1 1 -1 IM
684 -1 0 -1 IM
685 -1 0 -1 IM
686 -1 0 -1 IM
687 -1 0 -1 IM
688 -1 0 -1 IM
689 -1 0 -1 IM
690 -1 0 -1 IM
691 -1 1 -1 IM
692 -1 1 -1 IM
693 -1 0 -1 IM
694 -1 2 -1 IM
695 -1 2 -1 IM
696 -1 94 -1 IM
697 -1 94 -1 IM
698 -1 154 -1 IM
699 -1 154 -1 IM
700 -1 6 -1 IM
701 -1 5 -1 IM
702 -1 302 -1 IM
703 -1 291 -1 IM
704 -1 183 -1 IM
705 -1 115 -1 IM
706 -1 4 -1 IM
707 -1 3 -1 IM
708 -1 266 -1 IM
709 -1 255 -1 IM
710 -1 198 -1 IM
711 -1 130 -1 IM
712 -1 2 -1 IM
713 -1 1 -1 IM
714 -1 97 -1 IM
715 -1 86 -1 IM
716 -1 160 -1 IM
717 -1 92 -1 IM
718 -1 -16 -1 IM
719 -1 -57 -1 IM
720 -1 256 -1 IM
721 -1 3505 -1 IM
722 -1 -10 -1 IM
723 -1 14 -1 IM
724 -1 100 -1 IM
725 -1 296 -1 IM
726 -1 -26 -1 IM
727 -1 -6 -1 IM
728 -1 676 -1 IM
729 -1 712 -1 IM
730 -1 -19 -1 IM
731 -1 -63 -1 IM
732 -1 361 -1 IM
733 -1 4330 -1 IM
734 -1 0 -1 IM
735 -1 0 -1 IM
736 -1 1 -1 IM
737 -1 0 -1 IM
738 -1 1 -1 IM
739 -1 1 -1 IM
740 -1 1 -1 IM
741 -1 1 -1 IM
742 -1 1 -1 IM
743 -1 0 -1 IM
744 -1 1 -1 IM
745 -1 0 -1 IM
746 -1 0 -1 IM
747 -1 0 -1 IM
748 -1 0 -1 IM
749 -1 0 -1 IM
750 -1 3 -1 IM
751 -1 2 -1 IM
752 -1 161 -1 IM
753 -1 94 -1 IM
754 -1 183 -1 IM
755 -1 154 -1 IM
756 -1 6 -1 IM
757 -1 6 -1 IM
758 -1 358 -1 IM
759 -1 358 -1 IM
760 -1 144 -1 IM
761 -1 144 -1 IM
762 -1 4 -1 IM
763 -1 3 -1 IM
764 -1 322 -1 IM
765 -1 255 -1 IM
766 -1 159 -1 IM
767 -1 130 -1 IM
768 -1 2 -1 IM
769 -1 1 -1 IM
770 -1 153 -1 IM
771 -1 86 -1 IM
772 -1 121 -1 IM
773 -1 92 -1 IM
774 -1 -1 -1 IM
775 -1 -56 -1 IM
776 -1 1 -1 IM
777 -1 3137 -1 IM
778 -1 5 -1 IM
779 -1 15 -1 IM
780 -1 25 -1 IM
781 -1 250 -1 IM
782 -1 -11 -1 IM
783 -1 -5 -1 IM
784 -1 121 -1 IM
785 -1 146 -1 IM
786 -1 -4 -1 IM
787 -1 -62 -1 IM
788 -1 16 -1 IM
789 -1 3860 -1 IM
790 -1 0 -1 IM
791 -1 0 -1 IM
792 -1 1 -1 IM
793 -1 0 -1 IM
794 -1 1 -1 IM
795 -1 0 -1 IM
796 -1 1 -1 IM
797 -1 0 -1 IM
798 -1 1 -1 IM
799 -1 1 -1 IM
800 -1 1 -1 IM
801 -1 1 -1 IM
802 -1 0 -1 IM
803 -1 0 -1 IM
804 -1 0 -1 IM
805 -1 0 -1 IM
806 -1 3 -1 IM
807 -1 2 -1 IM
808 -1 176 -1 IM
809 -1 94 -1 IM
810 -1 184 -1 IM
811 -1 154 -1 IM
812 -1 7 -1 IM
813 -1 6 -1 IM
814 -1 440 -1 IM
815 -1 358 -1 IM
816 -1 174 -1 IM
817 -1 144 -1 IM
818 -1 4 -1 IM
819 -1 4 -1 IM
820 -1 337 -1 IM
821 -1 337 -1 IM
822 -1 160 -1 IM
823 -1 160 -1 IM
824 -1 2 -1 IM
825 -1 1 -1 IM
826 -1 168 -1 IM
827 -1 86 -1 IM
828 -1 122 -1 IM
829 -1 92 -1 IM
830 -1 -21 -1 IM
831 -1 -63 -1 IM
832 -1 441 -1 IM
833 -1 4410 -1 IM
834 -1 -15 -1 IM
835 -1 8 -1 IM
836 -1 225 -1 IM
837 -1 289 -1 IM
838 -1 -31 -1 IM
839 -1 -12 -1 IM
840 -1 961 -1 IM
841 -1 1105 -1 IM
842 -1 -24 -1 IM
843 -1 -69 -1 IM
844 -1 576 -1 IM
845 -1 5337 -1 IM
846 -1 0 -1 IM
847 -1 0 -1 IM
848 -1 1 -1 IM
849 -1 0 -1 IM
850 -1 1 -1 IM
851 -1 1 -1 IM
852 -1 1 -1 IM
853 -1 1 -1 IM
854 -1 1 -1 IM
855 -1 0 -1 IM
856 -1 1 -1 IM
857 -1 0 -1 IM
858 -1 0 -1 IM
859 -1 0 -1 IM
860 -1 0 -1 IM
861 -1 0 -1 IM
862 -1 3 -1 IM
863 -1 2 -1 IM
864 -1 156 -1 IM
865 -1 94 -1 IM
866 -1 177 -1 IM
867 -1 154 -1 IM
868 -1 7 -1 IM
869 -1 7 -1 IM
870 -1 420 -1 IM
871 -1 420 -1 IM
872 -1 167 -1 IM
873 -1 167 -1 IM
874 -1 5 -1 IM
875 -1 4 -1 IM
876 -1 399 -1 IM
877 -1 337 -1 IM
878 -1 183 -1 IM
879 -1 160 -1 IM
880 -1 2 -1 IM
881 -1 1 -1 IM
882 -1 148 -1 IM
883 -1 86 -1 IM
884 -1 115 -1 IM
885 -1 92 -1 IM
886 -1 -16 -1 IM
887 -1 -51 -1 IM
888 -1 256 -1 IM
889 -1 2857 -1 IM
890 -1 -10 -1 IM
891 -1 20 -1 IM
892 -1 100 -1 IM
893 -1 500 -1 IM
894 -1 -26 -1 IM
895 -1 0 -1 IM
896 -1 676 -1 IM
897 -1 676 -1 IM
898 -1 -19 -1 IM
899 -1 -57 -1 IM
900 -1 361 -1 IM
901 -1 3610 -1 IM
902 -1 0 -1 IM
903 -1 0 -1 IM
904 -1 1 -1 IM
905 -1 0 -1 IM
906 -1 1 -1 IM
907 -1 1 -1 IM
908 -1 1 -1 IM
909 -1 1 -1 IM
910 -1 1 -1 IM
911 -1 0 -1 IM
912 -1 1 -1 IM
913 -1 0 -1 IM
914 -1 0 -1 IM
915 -1 0 -1 IM
916 -1 0 -1 IM
917 -1 0 -1 IM
918 -1 3 -1 IM
919 -1 2 -1 IM
920 -1 161 -1 IM
921 -1 94 -1 IM
922 -1 189 -1 IM
923 -1 154 -1 IM
924 -1 8 -1 IM
925 -1 8 -1 IM
926 -1 487 -1 IM
927 -1 487 -1 IM
928 -1 202 -1 IM
929 -1 202 -1 IM
930 -1 5 -1 IM
931 -1 4 -1 IM
932 -1 404 -1 IM
933 -1 337 -1 IM
934 -1 195 -1 IM
935 -1 160 -1 IM
936 -1 2 -1 IM
937 -1 1 -1 IM
938 -1 153 -1 IM
939 -1 86 -1 IM
940 -1 127 -1 IM
941 -1 92 -1 IM
942 -1 -54 -1 IM
943 -1 -84 -1 IM
944 -1 2916 -1 IM
945 -1 9972 -1 IM
946 -1 -48 -1 IM
947 -1 -13 -1 IM
948 -1 2304 -1 IM
949 -1 2473 -1 IM
950 -1 -64 -1 IM
951 -1 -33 -1 IM
952 -1 4096 -1 IM
953 -1 5185 -1 IM
954 -1 -57 -1 IM
955 -1 -90 -1 IM
956 -1 3249 -1 IM
957 -1 11349 -1 IM
958 -1 0 -1 IM
959 -1 0 -1 IM
960 -1 1 -1 IM
961 -1 0 -1 IM
962 -1 1 -1 IM
963 -1 1 -1 IM
964 -1 1 -1 IM
965 -1 1 -1 IM
966 -1 1 -1 IM
967 -1 0 -1 IM
968 -1 1 -1 IM
969 -1 0 -1 IM
970 -1 0 -1 IM
971 -1 0 -1 IM
972 -1 0 -1 IM
973 -1 0 -1 IM
974 -1 3 -1 IM
975 -1 2 -1 IM
976 -1 123 -1 IM
977 -1 94 -1 IM
978 -1 156 -1 IM
979 -1 154 -1 IM
980 -1 9 -1 IM
981 -1 9 -1 IM
982 -1 516 -1 IM
983 -1 516 -1 IM
984 -1 204 -1 IM
985 -1 204 -1 IM
986 -1 5 -1 IM
987 -1 4 -1 IM
988 -1 366 -1 IM
989 -1 337 -1 IM
990 -1 162 -1 IM
991 -1 160 -1 IM
992 -1 2 -1 IM
993 -1 1 -1 IM
994 -1 115 -1 IM
995 -1 86 -1 IM
996 -1 94 -1 IM
997 -1 92 -1 IM
998 -1 -61 -1 IM
999 -1 -28 -1 IM
1000 -1 3721 -1 IM
1001 -1 4505 -1 IM
1002 -1 -55 -1 IM
1003 -1 43 -1 IM
1004 -1 3025 -1 IM
1005 -1 4874 -1 IM
1006 -1 -71 -1 IM
1007 -1 23 -1 IM
1008 -1 5041 -1 IM
1009 -1 5570 -1 IM
1010 -1 -64 -1 IM
1011 -1 -34 -1 IM
1012 -1 4096 -1 IM
1013 -1 5252 -1 IM
1014 -1 1 -1 IM
1015 -1 1 -1 IM
1016 -1 1 -1 IM
1017 -1 1 -1 IM
1018 -1 0 -1 IM
1019 -1 1 -1 IM
1020 -1 1 -1 IM
1021 -1 0 -1 IM
1022 -1 0 -1 IM
1023 -1 0 -1 IM
1024 -1 0 -1 IM
1025 -1 0 -1 IM
1026 -1 0 -1 IM
1027 -1 0 -1 IM
1028 -1 1 -1 IM
1029 -1 0 -1 IM
1030 -1 3 -1 IM
1031 -1 3 -1 IM
1032 -1 116 -1 IM
1033 -1 116 -1 IM
1034 -1 212 -1 IM
1035 -1 212 -1 IM
1036 -1 10 -1 IM
1037 -1 9 -1 IM
1038 -1 538 -1 IM
1039 -1 516 -1 IM
1040 -1 262 -1 IM
1041 -1 204 -1 IM
1042 -1 5 -1 IM
1043 -1 4 -1 IM
1044 -1 359 -1 IM
1045 -1 337 -1 IM
1046 -1 218 -1 IM
1047 -1 160 -1 IM
1048 -1 2 -1 IM
1049 -1 1 -1 IM
1050 -1 108 -1 IM
1051 -1 86 -1 IM
1052 -1 150 -1 IM
1053 -1 92 -1 IM
1054 -1 -14 -1 IM
1055 -1 -19 -1 IM
1056 -1 196 -1 IM
1057 -1 557 -1 IM
1058 -1 -8 -1 IM
1059 -1 52 -1 IM
1060 -1 64 -1 IM
1061 -1 2768 -1 IM
1062 -1 -24 -1 IM
1063 -1 32 -1 IM
1064 -1 576 -1 IM
1065 -1 1600 -1 IM
1066 -1 -17 -1 IM
1067 -1 -25 -1 IM
1068 -1 289 -1 IM
1069 -1 914 -1 IM
1070 -1 1 -1 IM
1071 -1 1 -1 IM
1072 -1 1 -1 IM
1073 -1 1 -1 IM
1074 -1 0 -1 IM
1075 -1 0 -1 IM
1076 -1 0 -1 IM
1077 -1 0 -1 IM
1078 -1 0 -1 IM
1079 -1 1 -1 IM
1080 -1 0 -1 IM
1081 -1 0 -1 IM
1082 -1 0 -1 IM
1083 -1 1 -1 IM
1084 -1 1 -1 IM
1085 -1 0 -1 IM
1086 -1 4 -1 IM
1087 -1 4 -1 IM
1088 -1 185 -1 IM
1089 -1 185 -1 IM
1090 -1 279 -1 IM
1091 -1 279 -1 IM
1092 -1 10 -1 IM
1093 -1 9 -1 IM
1094 -1 585 -1 IM
1095 -1 516 -1 IM
1096 -1 271 -1 IM
1097 -1 204 -1 IM
1098 -1 5 -1 IM
1099 -1 4 -1 IM
1100 -1 406 -1 IM
1101 -1 337 -1 IM
1102 -1 227 -1 IM
1103 -1 160 -1 IM
1104 -1 2 -1 IM
1105 -1 1 -1 IM
1106 -1 155 -1 IM
1107 -1 86 -1 IM
1108 -1 159 -1 IM
1109 -1 92 -1 IM
1110 -1 10 -1 IM
1111 -1 -30 -1 IM
1112 -1 100 -1 IM
1113 -1 1000 -1 IM
1114 -1 16 -1 IM
1115 -1 41 -1 IM
1116 -1 256 -1 IM
1117 -1 1937 -1 IM
1118 -1 0 -1 IM
1119 -1 21 -1 IM
1120 -1 0 -1 IM
1121 -1 441 -1 IM
1122 -1 7 -1 IM
1123 -1 -36 -1 IM
1124 -1 49 -1 IM
1125 -1 1345 -1 IM
1126 -1 1 -1 IM
1127 -1 0 -1 IM
1128 -1 1 -1 IM
1129 -1 0 -1 IM
1130 -1 0 -1 IM
1131 -1 0 -1 IM
1132 -1 0 -1 IM
1133 -1 0 -1 IM
1134 -1 1 -1 IM
1135 -1 1 -1 IM
1136 -1 1 -1 IM
1137 -1 1 -1 IM
1138 -1 0 -1 IM
1139 -1 1 -1 IM
1140 -1 0 -1 IM
1141 -1 0 -1 IM
1142 -1 5 -1 IM
1143 -1 4 -1 IM
1144 -1 278 -1 IM
1145 -1 185 -1 IM
1146 -1 335 -1 IM
1147 -1 279 -1 IM
1148 -1 10 -1 IM
1149 -1 9 -1 IM
1150 -1 609 -1 IM
1151 -1 516 -1 IM
1152 -1 260 -1 IM
1153 -1 204 -1 IM
1154 -1 5 -1 IM
1155 -1 5 -1 IM
1156 -1 430 -1 IM
1157 -1 430 -1 IM
1158 -1 216 -1 IM
1159 -1 216 -1 IM
1160 -1 2 -1 IM
1161 -1 1 -1 IM
1162 -1 179 -1 IM
1163 -1 86 -1 IM
1164 -1 148 -1 IM
1165 -1 92 -1 IM
1166 -1 -72 -1 IM
1167 -1 -44 -1 IM
1168 -1 5184 -1 IM
1169 -1 7120 -1 IM
1170 -1 -66 -1 IM
1171 -1 27 -1 IM
1172 -1 4356 -1 IM
1173 -1 5085 -1 IM
1174 -1 -82 -1 IM
1175 -1 7 -1 IM
1176 -1 6724 -1 IM
1177 -1 6773 -1 IM
1178 -1 -75 -1 IM
1179 -1 -50 -1 IM
1180 -1 5625 -1 IM
1181 -1 8125 -1 IM
1182 -1 0 -1 IM
1183 -1 0 -1 IM
1184 -1 1 -1 IM
1185 -1 0 -1 IM
1186 -1 1 -1 IM
1187 -1 1 -1 IM
1188 -1 1 -1 IM
1189 -1 1 -1 IM
1190 -1 1 -1 IM
1191 -1 0 -1 IM
1192 -1 1 -1 IM
1193 -1 0 -1 IM
1194 -1 0 -1 IM
1195 -1 0 -1 IM
1196 -1 0 -1 IM
1197 -1 0 -1 IM
1198 -1 5 -1 IM
1199 -1 4 -1 IM
1200 -1 196 -1 IM
1201 -1 185 -1 IM
1202 -1 321 -1 IM
1203 -1 279 -1 IM
1204 -1 10 -1 IM
1205 -1 10 -1 IM
1206 -1 527 -1 IM
1207 -1 527 -1 IM
1208 -1 246 -1 IM
1209 -1 246 -1 IM
1210 -1 6 -1 IM
1211 -1 5 -1 IM
1212 -1 441 -1 IM
1213 -1 430 -1 IM
1214 -1 258 -1 IM
1215 -1 216 -1 IM
1216 -1 2 -1 IM
1217 -1 1 -1 IM
1218 -1 97 -1 IM
1219 -1 86 -1 IM
1220 -1 134 -1 IM
1221 -1 92 -1 IM
1222 -1 -54 -1 IM
1223 -1 -13 -1 IM
1224 -1 2916 -1 IM
1225 -1 3085 -1 IM
1226 -1 -48 -1 IM
1227 -1 58 -1 IM
1228 -1 2304 -1 IM
1229 -1 5668 -1 IM
1230 -1 -64 -1 IM
1231 -1 38 -1 IM
1232 -1 4096 -1 IM
1233 -1 5540 -1 IM
1234 -1 -57 -1 IM
1235 -1 -19 -1 IM
1236 -1 3249 -1 IM
1237 -1 3610 -1 IM
1238 -1 1 -1 IM
1239 -1 1 -1 IM
1240 -1 1 -1 IM
1241 -1 1 -1 IM
1242 -1 0 -1 IM
1243 -1 0 -1 IM
1244 -1 0 -1 IM
1245 -1 0 -1 IM
1246 -1 0 -1 IM
1247 -1 1 -1 IM
1248 -1 0 -1 IM
1249 -1 0 -1 IM
1250 -1 0 -1 IM
1251 -1 1 -1 IM
1252 -1 1 -1 IM
1253 -1 0 -1 IM
1254 -1 5 -1 IM
1255 -1 5 -1 IM
1256 -1 214 -1 IM
1257 -1 214 -1 IM
1258 -1 352 -1 IM
1259 -1 352 -1 IM
1260 -1 11 -1 IM
1261 -1 10 -1 IM
1262 -1 556 -1 IM
1263 -1 527 -1 IM
1264 -1 319 -1 IM
1265 -1 246 -1 IM
1266 -1 6 -1 IM
1267 -1 5 -1 IM
1268 -1 459 -1 IM
1269 -1 430 -1 IM
1270 -1 289 -1 IM
1271 -1 216 -1 IM
1272 -1 2 -1 IM
1273 -1 1 -1 IM
1274 -1 115 -1 IM
1275 -1 86 -1 IM
1276 -1 165 -1 IM
1277 -1 92 -1 IM
1278 -1 -62 -1 IM
1279 -1 -67 -1 IM
1280 -1 3844 -1 IM
1281 -1 8333 -1 IM
1282 -1 -56 -1 IM
1283 -1 4 -1 IM
1284 -1 3136 -1 IM
1285 -1 3152 -1 IM
1286 -1 -72 -1 IM
1287 -1 -16 -1 IM
1288 -1 5184 -1 IM
1289 -1 5440 -1 IM
1290 -1 -65 -1 IM
1291 -1 -73 -1 IM
1292 -1 4225 -1 IM
1293 -1 9554 -1 IM
1294 -1 0 -1 IM
1295 -1 0 -1 IM
1296 -1 1 -1 IM
1297 -1 0 -1 IM
1298 -1 1 -1 IM
1299 -1 1 -1 IM
1300 -1 1 -1 IM
1301 -1 1 -1 IM
1302 -1 1 -1 IM
1303 -1 0 -1 IM
1304 -1 1 -1 IM
1305 -1 0 -1 IM
1306 -1 0 -1 IM
1307 -1 0 -1 IM
1308 -1 0 -1 IM
1309 -1 0 -1 IM
1310 -1 6 -1 IM
1311 -1 5 -1 IM
1312 -1 235 -1 IM
1313 -1 214 -1 IM
1314 -1 371 -1 IM
1315 -1 352 -1 IM
1316 -1 11 -1 IM
1317 -1 11 -1 IM
1318 -1 548 -1 IM
1319 -1 548 -1 IM
1320 -1 265 -1 IM
1321 -1 265 -1 IM
1322 -1 6 -1 IM
1323 -1 5 -1 IM
1324 -1 451 -1 IM
1325 -1 430 -1 IM
1326 -1 235 -1 IM
1327 -1 216 -1 IM
1328 -1 2 -1 IM
1329 -1 1 -1 IM
1330 -1 107 -1 IM
1331 -1 86 -1 IM
1332 -1 111 -1 IM
1333 -1 92 -1 IM
1334 -1 1 -1 IM
1335 -1 -49 -1 IM
1336 -1 1 -1 IM
1337 -1 2402 -1 IM
1338 -1 7 -1 IM
1339 -1 22 -1 IM
1340 -1 49 -1 IM
1341 -1 533 -1 IM
1342 -1 -9 -1 IM
1343 -1 2 -1 IM
1344 -1 81 -1 IM
1345 -1 85 -1 IM
1346 -1 -2 -1 IM
1347 -1 -55 -1 IM
1348 -1 4 -1 IM
1349 -1 3029 -1 IM
1350 -1 0 -1 IM
1351 -1 0 -1 IM
1352 -1 1 -1 IM
1353 -1 0 -1 IM
1354 -1 1 -1 IM
1355 -1 0 -1 IM
1356 -1 1 -1 IM
1357 -1 0 -1 IM
1358 -1 1 -1 IM
1359 -1 1 -1 IM
1360 -1 1 -1 IM
1361 -1 1 -1 IM
1362 -1 0 -1 IM
1363 -1 0 -1 IM
1364 -1 0 -1 IM
1365 -1 0 -1 IM
1366 -1 6 -1 IM
1367 -1 5 -1 IM
1368 -1 298 -1 IM
1369 -1 214 -1 IM
1370 -1 389 -1 IM
1371 -1 352 -1 IM
1372 -1 12 -1 IM
1373 -1 11 -1 IM
1374 -1 632 -1 IM
1375 -1 548 -1 IM
1376 -1 302 -1 IM
1377 -1 265 -1 IM
1378 -1 6 -1 IM
1379 -1 6 -1 IM
1380 -1 514 -1 IM
1381 -1 514 -1 IM
1382 -1 253 -1 IM
1383 -1 253 -1 IM
1384 -1 2 -1 IM
1385 -1 1 -1 IM
1386 -1 170 -1 IM
1387 -1 86 -1 IM
1388 -1 129 -1 IM
1389 -1 92 -1 IM
1390 -1 15 -1 IM
1391 -1 -62 -1 IM
1392 -1 225 -1 IM
1393 -1 4069 -1 IM
1394 -1 21 -1 IM
1395 -1 9 -1 IM
1396 -1 441 -1 IM
1397 -1 522 -1 IM
1398 -1 5 -1 IM
1399 -1 -11 -1 IM
1400 -1 25 -1 IM
1401 -1 146 -1 IM
1402 -1 12 -1 IM
1403 -1 -68 -1 IM
1404 -1 144 -1 IM
1405 -1 4768 -1 IM
1406 -1 0 -1 IM
1407 -1 0 -1 IM
1408 -1 1 -1 IM
1409 -1 0 -1 IM
1410 -1 1 -1 IM
1411 -1 0 -1 IM
1412 -1 1 -1 IM
1413 -1 0 -1 IM
1414 -1 1 -1 IM
1415 -1 1 -1 IM
1416 -1 1 -1 IM
1417 -1 1 -1 IM
1418 -1 0 -1 IM
1419 -1 0 -1 IM
1420 -1 0 -1 IM
1421 -1 0 -1 IM
1422 -1 6 -1 IM
1423 -1 5 -1 IM
1424 -1 312 -1 IM
1425 -1 214 -1 IM
1426 -1 376 -1 IM
1427 -1 352 -1 IM
1428 -1 12 -1 IM
1429 -1 11 -1 IM
1430 -1 646 -1 IM
1431 -1 548 -1 IM
1432 -1 289 -1 IM
1433 -1 265 -1 IM
1434 -1 7 -1 IM
1435 -1 7 -1 IM
1436 -1 612 -1 IM
1437 -1 612 -1 IM
1438 -1 277 -1 IM
1439 -1 277 -1 IM
1440 -1 2 -1 IM
1441 -1 1 -1 IM
1442 -1 184 -1 IM
1443 -1 86 -1 IM
1444 -1 116 -1 IM
1445 -1 92 -1 IM
1446 -1 -68 -1 IM
1447 -1 -16 -1 IM
1448 -1 4624 -1 IM
1449 -1 4880 -1 IM
1450 -1 -62 -1 IM
1451 -1 55 -1 IM
1452 -1 3844 -1 IM
1453 -1 6869 -1 IM
1454 -1 -78 -1 IM
1455 -1 35 -1 IM
1456 -1 6084 -1 IM
1457 -1 7309 -1 IM
1458 -1 -71 -1 IM
1459 -1 -22 -1 IM
1460 -1 5041 -1 IM
1461 -1 5525 -1 IM
1462 -1 1 -1 IM
1463 -1 1 -1 IM
1464 -1 1 -1 IM
1465 -1 1 -1 IM
1466 -1 0 -1 IM
1467 -1 1 -1 IM
1468 -1 0 -1 IM
1469 -1 0 -1 IM
1470 -1 0 -1 IM
1471 -1 0 -1 IM
1472 -1 0 -1 IM
1473 -1 0 -1 IM
1474 -1 0 -1 IM
1475 -1 1 -1 IM
1476 -1 1 -1 IM
1477 -1 0 -1 IM
1478 -1 6 -1 IM
1479 -1 6 -1 IM
1480 -1 229 -1 IM
1481 -1 229 -1 IM
1482 -1 422 -1 IM
1483 -1 422 -1 IM
1484 -1 12 -1 IM
1485 -1 11 -1 IM
1486 -1 563 -1 IM
1487 -1 548 -1 IM
1488 -1 335 -1 IM
1489 -1 265 -1 IM
1490 -1 8 -1 IM
1491 -1 7 -1 IM
1492 -1 627 -1 IM
1493 -1 612 -1 IM
1494 -1 347 -1 IM
1495 -1 277 -1 IM
1496 -1 2 -1 IM
1497 -1 1 -1 IM
1498 -1 101 -1 IM
1499 -1 86 -1 IM
1500 -1 162 -1 IM
1501 -1 92 -1 IM
1502 -1 -70 -1 IM
1503 -1 -60 -1 IM
1504 -1 4900 -1 IM
1505 -1 8500 -1 IM
1506 -1 -64 -1 IM
1507 -1 11 -1 IM
1508 -1 4096 -1 IM
1509 -1 4217 -1 IM
1510 -1 -80 -1 IM
1511 -1 -9 -1 IM
1512 -1 6400 -1 IM
1513 -1 6481 -1 IM
1514 -1 -73 -1 IM
1515 -1 -66 -1 IM
1516 -1 5329 -1 IM
1517 -1 9685 -1 IM
1518 -1 0 -1 IM
1519 -1 0 -1 IM
1520 -1 1 -1 IM
1521 -1 0 -1 IM
1522 -1 1 -1 IM
1523 -1 1 -1 IM
1524 -1 1 -1 IM
1525 -1 1 -1 IM
1526 -1 1 -1 IM
1527 -1 0 -1 IM
1528 -1 1 -1 IM
1529 -1 0 -1 IM
1530 -1 0 -1 IM
1531 -1 0 -1 IM
1532 -1 0 -1 IM
1533 -1 0 -1 IM
1534 -1 7 -1 IM
1535 -1 6 -1 IM
1536 -1 242 -1 IM
1537 -1 229 -1 IM
1538 -1 448 -1 IM
1539 -1 422 -1 IM
1540 -1 12 -1 IM
1541 -1 12 -1 IM
1542 -1 561 -1 IM
1543 -1 561 -1 IM
1544 -1 291 -1 IM
1545 -1 291 -1 IM
1546 -1 8 -1 IM
1547 -1 7 -1 IM
1548 -1 625 -1 IM
1549 -1 612 -1 IM
1550 -1 303 -1 IM
1551 -1 277 -1 IM
1552 -1 2 -1 IM
1553 -1 1 -1 IM
1554 -1 99 -1 IM
1555 -1 86 -1 IM
1556 -1 118 -1 IM
1557 -1 92 -1 IM
1558 -1 8 -1 IM
1559 -1 -6 -1 IM
1560 -1 64 -1 IM
1561 -1 100 -1 IM
1562 -1 14 -1 IM
1563 -1 65 -1 IM
1564 -1 196 -1 IM
1565 -1 4421 -1 IM
1566 -1 -2 -1 IM
1567 -1 45 -1 IM
1568 -1 4 -1 IM
1569 -1 2029 -1 IM
1570 -1 5 -1 IM
1571 -1 -12 -1 IM
1572 -1 25 -1 IM
1573 -1 169 -1 IM
1574 -1 1 -1 IM
1575 -1 1 -1 IM
1576 -1 1 -1 IM
1577 -1 1 -1 IM
1578 -1 0 -1 IM
1579 -1 0 -1 IM
1580 -1 0 -1 IM
1581 -1 0 -1 IM
1582 -1 0 -1 IM
1583 -1 1 -1 IM
1584 -1 0 -1 IM
1585 -1 0 -1 IM
1586 -1 0 -1 IM
1587 -1 1 -1 IM
1588 -1 1 -1 IM
1589 -1 0 -1 IM
1590 -1 7 -1 IM
1591 -1 7 -1 IM
1592 -1 320 -1 IM
1593 -1 320 -1 IM
1594 -1 502 -1 IM
1595 -1 502 -1 IM
1596 -1 13 -1 IM
1597 -1 12 -1 IM
1598 -1 652 -1 IM
1599 -1 561 -1 IM
1600 -1 371 -1 IM
1601 -1 291 -1 IM
1602 -1 8 -1 IM
1603 -1 7 -1 IM
1604 -1 703 -1 IM
1605 -1 612 -1 IM
1606 -1 357 -1 IM
1607 -1 277 -1 IM
1608 -1 2 -1 IM
1609 -1 1 -1 IM
1610 -1 177 -1 IM
1611 -1 86 -1 IM
1612 -1 172 -1 IM
1613 -1 92 -1 IM
1614 -1 -27 -1 IM
1615 -1 -13 -1 IM
1616 -1 729 -1 IM
1617 -1 898 -1 IM
1618 -1 -21 -1 IM
1619 -1 58 -1 IM
1620 -1 441 -1 IM
1621 -1 3805 -1 IM
1622 -1 -37 -1 IM
1623 -1 38 -1 IM
1624 -1 1369 -1 IM
1625 -1 2813 -1 IM
1626 -1 -30 -1 IM
1627 -1 -19 -1 IM
1628 -1 900 -1 IM
1629 -1 1261 -1 IM
1630 -1 1 -1 IM
1631 -1 1 -1 IM
1632 -1 1 -1 IM
1633 -1 1 -1 IM
1634 -1 0 -1 IM
1635 -1 0 -1 IM
1636 -1 0 -1 IM
1637 -1 0 -1 IM
1638 -1 0 -1 IM
1639 -1 1 -1 IM
1640 -1 0 -1 IM
1641 -1 0 -1 IM
1642 -1 0 -1 IM
1643 -1 1 -1 IM
1644 -1 1 -1 IM
1645 -1 0 -1 IM
1646 -1 8 -1 IM
1647 -1 8 -1 IM
1648 -1 376 -1 IM
1649 -1 376 -1 IM
1650 -1 575 -1 IM
1651 -1 575 -1 IM
1652 -1 13 -1 IM
1653 -1 12 -1 IM
1654 -1 617 -1 IM
1655 -1 561 -1 IM
1656 -1 364 -1 IM
1657 -1 291 -1 IM
1658 -1 8 -1 IM
1659 -1 7 -1 IM
1660 -1 668 -1 IM
1661 -1 612 -1 IM
1662 -1 350 -1 IM
1663 -1 277 -1 IM
1664 -1 2 -1 IM
1665 -1 1 -1 IM
1666 -1 142 -1 IM
1667 -1 86 -1 IM
1668 -1 165 -1 IM
1669 -1 92 -1 IM
1670 -1 -21 -1 IM
1671 -1 -16 -1 IM
1672 -1 441 -1 IM
1673 -1 697 -1 IM
1674 -1 -15 -1 IM
1675 -1 55 -1 IM
1676 -1 225 -1 IM
1677 -1 3250 -1 IM
1678 -1 -31 -1 IM
1679 -1 35 -1 IM
1680 -1 961 -1 IM
1681 -1 2186 -1 IM
1682 -1 -24 -1 IM
1683 -1 -22 -1 IM
1684 -1 576 -1 IM
1685 -1 1060 -1 IM
1686 -1 1 -1 IM
1687 -1 1 -1 IM
1688 -1 1 -1 IM
1689 -1 1 -1 IM
1690 -1 0 -1 IM
1691 -1 0 -1 IM
1692 -1 0 -1 IM
1693 -1 0 -1 IM
1694 -1 0 -1 IM
1695 -1 1 -1 IM
1696 -1 0 -1 IM
1697 -1 0 -1 IM
1698 -1 0 -1 IM
1699 -1 1 -1 IM
1700 -1 1 -1 IM
1701 -1 0 -1 IM
1702 -1 9 -1 IM
1703 -1 9 -1 IM
1704 -1 438 -1 IM
1705 -1 438 -1 IM
1706 -1 645 -1 IM
1707 -1 645 -1 IM
1708 -1 13 -1 IM
1709 -1 12 -1 IM
1710 -1 623 -1 IM
1711 -1 561 -1 IM
1712 -1 361 -1 IM
1713 -1 291 -1 IM
1714 -1 8 -1 IM
1715 -1 7 -1 IM
1716 -1 674 -1 IM
1717 -1 612 -1 IM
1718 -1 347 -1 IM
1719 -1 277 -1 IM
1720 -1 2 -1 IM
1721 -1 1 -1 IM
1722 -1 148 -1 IM
1723 -1 86 -1 IM
1724 -1 162 -1 IM
1725 -1 92 -1 IM
1726 -1 13 -1 IM
1727 -1 -5 -1 IM
1728 -1 169 -1 IM
1729 -1 194 -1 IM
1730 -1 19 -1 IM
1731 -1 66 -1 IM
1732 -1 361 -1 IM
1733 -1 4717 -1 IM
1734 -1 3 -1 IM
1735 -1 46 -1 IM
1736 -1 9 -1 IM
1737 -1 2125 -1 IM
1738 -1 10 -1 IM
1739 -1 -11 -1 IM
1740 -1 100 -1 IM
1741 -1 221 -1 IM
1742 -1 1 -1 IM
1743 -1 1 -1 IM
1744 -1 1 -1 IM
1745 -1 1 -1 IM
1746 -1 0 -1 IM
1747 -1 0 -1 IM
1748 -1 0 -1 IM
1749 -1 0 -1 IM
1750 -1 0 -1 IM
1751 -1 1 -1 IM
1752 -1 0 -1 IM
1753 -1 0 -1 IM
1754 -1 0 -1 IM
1755 -1 1 -1 IM
1756 -1 1 -1 IM
1757 -1 0 -1 IM
1758 -1 10 -1 IM
1759 -1 10 -1 IM
1760 -1 534 -1 IM
1761 -1 534 -1 IM
1762 -1 726 -1 IM
1763 -1 726 -1 IM
1764 -1 13 -1 IM
1765 -1 12 -1 IM
1766 -1 657 -1 IM
1767 -1 561 -1 IM
1768 -1 372 -1 IM
1769 -1 291 -1 IM
1770 -1 8 -1 IM
1771 -1 7 -1 IM
1772 -1 708 -1 IM
1773 -1 612 -1 IM
1774 -1 358 -1 IM
1775 -1 277 -1 IM
1776 -1 2 -1 IM
1777 -1 1 -1 IM
1778 -1 182 -1 IM
1779 -1 86 -1 IM
1780 -1 173 -1 IM
1781 -1 92 -1 IM
1782 -1 -78 -1 IM
1783 -1 -61 -1 IM
1784 -1 6084 -1 IM
1785 -1 9805 -1 IM
1786 -1 -72 -1 IM
1787 -1 10 -1 IM
1788 -1 5184 -1 IM
1789 -1 5284 -1 IM
1790 -1 -88 -1 IM
1791 -1 -10 -1 IM
1792 -1 7744 -1 IM
1793 -1 7844 -1 IM
1794 -1 -81 -1 IM
1795 -1 -67 -1 IM
1796 -1 6561 -1 IM
1797 -1 11050 -1 IM
1798 -1 0 -1 IM
1799 -1 0 -1 IM
1800 -1 1 -1 IM
1801 -1 0 -1 IM
1802 -1 1 -1 IM
1803 -1 1 -1 IM
1804 -1 1 -1 IM
1805 -1 1 -1 IM
1806 -1 1 -1 IM
1807 -1 0 -1 IM
1808 -1 1 -1 IM
1809 -1 0 -1 IM
1810 -1 0 -1 IM
1811 -1 0 -1 IM
1812 -1 0 -1 IM
1813 -1 0 -1 IM
1814 -1 11 -1 IM
1815 -1 10 -1 IM
1816 -1 539 -1 IM
1817 -1 534 -1 IM
1818 -1 751 -1 IM
1819 -1 726 -1 IM
1820 -1 13 -1 IM
1821 -1 13 -1 IM
1822 -1 566 -1 IM
1823 -1 566 -1 IM
1824 -1 316 -1 IM
1825 -1 316 -1 IM
1826 -1 8 -1 IM
1827 -1 7 -1 IM
1828 -1 617 -1 IM
1829 -1 612 -1 IM
1830 -1 302 -1 IM
1831 -1 277 -1 IM
1832 -1 2 -1 IM
1833 -1 1 -1 IM
1834 -1 91 -1 IM
1835 -1 86 -1 IM
1836 -1 117 -1 IM
1837 -1 92 -1 IM
1838 -1 1 -1 IM
1839 -1 -59 -1 IM
1840 -1 1 -1 IM
1841 -1 3482 -1 IM
1842 -1 7 -1 IM
1843 -1 12 -1 IM
1844 -1 49 -1 IM
1845 -1 193 -1 IM
1846 -1 -9 -1 IM
1847 -1 -8 -1 IM
1848 -1 81 -1 IM
1849 -1 145 -1 IM
1850 -1 -2 -1 IM
1851 -1 -65 -1 IM
1852 -1 4 -1 IM
1853 -1 4229 -1 IM
1854 -1 0 -1 IM
1855 -1 0 -1 IM
1856 -1 1 -1 IM
1857 -1 0 -1 IM
1858 -1 1 -1 IM
1859 -1 0 -1 IM
1860 -1 1 -1 IM
1861 -1 0 -1 IM
1862 -1 1 -1 IM
1863 -1 1 -1 IM
1864 -1 1 -1 IM
1865 -1 1 -1 IM
1866 -1 0 -1 IM
1867 -1 0 -1 IM
1868 -1 0 -1 IM
1869 -1 0 -1 IM
1870 -1 11 -1 IM
1871 -1 10 -1 IM
1872 -1 618 -1 IM
1873 -1 534 -1 IM
1874 -1 753 -1 IM
1875 -1 726 -1 IM
1876 -1 14 -1 IM
1877 -1 13 -1 IM
1878 -1 650 -1 IM
1879 -1 566 -1 IM
1880 -1 343 -1 IM
1881 -1 316 -1 IM
1882 -1 8 -1 IM
1883 -1 8 -1 IM
1884 -1 696 -1 IM
1885 -1 696 -1 IM
1886 -1 304 -1 IM
1887 -1 304 -1 IM
1888 -1 2 -1 IM
1889 -1 1 -1 IM
1890 -1 170 -1 IM
1891 -1 86 -1 IM
1892 -1 119 -1 IM
1893 -1 92 -1 IM
1894 -1 -47 -1 IM
1895 -1 -81 -1 IM
1896 -1 2209 -1 IM
1897 -1 8770 -1 IM
1898 -1 -41 -1 IM
1899 -1 -10 -1 IM
1900 -1 1681 -1 IM
1901 -1 1781 -1 IM
1902 -1 -57 -1 IM
1903 -1 -30 -1 IM
1904 -1 3249 -1 IM
1905 -1 4149 -1 IM
1906 -1 -50 -1 IM
1907 -1 -87 -1 IM
1908 -1 2500 -1 IM
1909 -1 10069 -1 IM
1910 -1 0 -1 IM
1911 -1 0 -1 IM
1912 -1 1 -1 IM
1913 -1 0 -1 IM
1914 -1 1 -1 IM
1915 -1 1 -1 IM
1916 -1 1 -1 IM
1917 -1 1 -1 IM
1918 -1 1 -1 IM
1919 -1 0 -1 IM
1920 -1 1 -1 IM
1921 -1 0 -1 IM
1922 -1 0 -1 IM
1923 -1 0 -1 IM
1924 -1 0 -1 IM
1925 -1 0 -1 IM
1926 -1 11 -1 IM
1927 -1 10 -1 IM
1928 -1 570 -1 IM
1929 -1 534 -1 IM
1930 -1 731 -1 IM
1931 -1 726 -1 IM
1932 -1 14 -1 IM
1933 -1 14 -1 IM
1934 -1 602 -1 IM
1935 -1 602 -1 IM
1936 -1 321 -1 IM
1937 -1 321 -1 IM
1938 -1 9 -1 IM
1939 -1 8 -1 IM
1940 -1 732 -1 IM
1941 -1 696 -1 IM
1942 -1 309 -1 IM
1943 -1 304 -1 IM
1944 -1 2 -1 IM
1945 -1 1 -1 IM
1946 -1 122 -1 IM
1947 -1 86 -1 IM
1948 -1 97 -1 IM
1949 -1 92 -1 IM
1950 -1 -37 -1 IM
1951 -1 -57 -1 IM
1952 -1 1369 -1 IM
1953 -1 4618 -1 IM
1954 -1 -31 -1 IM
1955 -1 14 -1 IM
1956 -1 961 -1 IM
1957 -1 1157 -1 IM
1958 -1 -47 -1 IM
1959 -1 -6 -1 IM
1960 -1 2209 -1 IM
1961 -1 2245 -1 IM
1962 -1 -40 -1 IM
1963 -1 -63 -1 IM
1964 -1 1600 -1 IM
1965 -1 5569 -1 IM
1966 -1 0 -1 IM
1967 -1 0 -1 IM
1968 -1 1 -1 IM
1969 -1 0 -1 IM
1970 -1 1 -1 IM
1971 -1 1 -1 IM
1972 -1 1 -1 IM
1973 -1 1 -1 IM
1974 -1 1 -1 IM
1975 -1 0 -1 IM
1976 -1 1 -1 IM
1977 -1 0 -1 IM
1978 -1 0 -1 IM
1979 -1 0 -1 IM
1980 -1 0 -1 IM
1981 -1 0 -1 IM
1982 -1 11 -1 IM
1983 -1 10 -1 IM
1984 -1 580 -1 IM
1985 -1 534 -1 IM
1986 -1 755 -1 IM
1987 -1 726 -1 IM
1988 -1 15 -1 IM
1989 -1 15 -1 IM
1990 -1 648 -1 IM
1991 -1 648 -1 IM
1992 -1 350 -1 IM
1993 -1 350 -1 IM
1994 -1 9 -1 IM
1995 -1 8 -1 IM
1996 -1 742 -1 IM
1997 -1 696 -1 IM
1998 -1 333 -1 IM
1999 -1 304 -1 IM
2000 -1 2 -1 IM
2001 -1 1 -1 IM
2002 -1 132 -1 IM
2003 -1 86 -1 IM
2004 -1 121 -1 IM
2005 -1 92 -1 IM
2006 -1 -70 -1 IM
2007 -1 -29 -1 IM
2008 -1 4900 -1 IM
2009 -1 5741 -1 IM
2010 -1 -64 -1 IM
2011 -1 42 -1 IM
2012 -1 4096 -1 IM
2013 -1 5860 -1 IM
2014 -1 -80 -1 IM
2015 -1 22 -1 IM
2016 -1 6400 -1 IM
2017 -1 6884 -1 IM
2018 -1 -73 -1 IM
2019 -1 -35 -1 IM
2020 -1 5329 -1 IM
2021 -1 6554 -1 IM
2022 -1 1 -1 IM
2023 -1 1 -1 IM
2024 -1 1 -1 IM
2025 -1 1 -1 IM
2026 -1 0 -1 IM
2027 -1 1 -1 IM
2028 -1 1 -1 IM
2029 -1 0 -1 IM
2030 -1 0 -1 IM
2031 -1 0 -1 IM
2032 -1 0 -1 IM
2033 -1 0 -1 IM
2034 -1 0 -1 IM
2035 -1 0 -1 IM
2036 -1 1 -1 IM
2037 -1 0 -1 IM
2038 -1 11 -1 IM
2039 -1 11 -1 IM
2040 -1 547 -1 IM
2041 -1 547 -1 IM
2042 -1 783 -1 IM
2043 -1 783 -1 IM
2044 -1 16 -1 IM
2045 -1 15 -1 IM
2046 -1 661 -1 IM
2047 -1 648 -1 IM
2048 -1 407 -1 IM
2049 -1 350 -1 IM
2050 -1 9 -1 IM
2051 -1 8 -1 IM
2052 -1 709 -1 IM
2053 -1 696 -1 IM
2054 -1 361 -1 IM
2055 -1 304 -1 IM
2056 -1 2 -1 IM
2057 -1 1 -1 IM
2058 -1 99 -1 IM
2059 -1 86 -1 IM
2060 -1 149 -1 IM
2061 -1 92 -1 IM
2062 -1 -59 -1 IM
2063 -1 9 -1 IM
2064 -1 3481 -1 IM
2065 -1 3562 -1 IM
2066 -1 -53 -1 IM
2067 -1 80 -1 IM
2068 -1 2809 -1 IM
2069 -1 9209 -1 IM
2070 -1 -69 -1 IM
2071 -1 60 -1 IM
2072 -1 4761 -1 IM
2073 -1 8361 -1 IM
2074 -1 -62 -1 IM
2075 -1 3 -1 IM
2076 -1 3844 -1 IM
2077 -1 3853 -1 IM
2078 -1 1 -1 IM
2079 -1 1 -1 IM
2080 -1 1 -1 IM
2081 -1 1 -1 IM
2082 -1 0 -1 IM
2083 -1 0 -1 IM
2084 -1 0 -1 IM
2085 -1 0 -1 IM
2086 -1 0 -1 IM
2087 -1 1 -1 IM
2088 -1 0 -1 IM
2089 -1 0 -1 IM
2090 -1 0 -1 IM
2091 -1 1 -1 IM
2092 -1 1 -1 IM
2093 -1 0 -1 IM
2094 -1 12 -1 IM
2095 -1 12 -1 IM
2096 -1 571 -1 IM
2097 -1 571 -1 IM
2098 -1 878 -1 IM
2099 -1 878 -1 IM
2100 -1 16 -1 IM
2101 -1 15 -1 IM
2102 -1 672 -1 IM
2103 -1 648 -1 IM
2104 -1 445 -1 IM
2105 -1 350 -1 IM
2106 -1 9 -1 IM
2107 -1 8 -1 IM
2108 -1 720 -1 IM
2109 -1 696 -1 IM
2110 -1 399 -1 IM
2111 -1 304 -1 IM
2112 -1 2 -1 IM
2113 -1 1 -1 IM
2114 -1 110 -1 IM
2115 -1 86 -1 IM
2116 -1 187 -1 IM
2117 -1 92 -1 IM
2118 -1 -1 -1 IM
2119 -1 -41 -1 IM
2120 -1 1 -1 IM
2121 -1 1682 -1 IM
2122 -1 5 -1 IM
2123 -1 30 -1 IM
2124 -1 25 -1 IM
2125 -1 925 -1 IM
2126 -1 -11 -1 IM
2127 -1 10 -1 IM
2128 -1 121 -1 IM
2129 -1 221 -1 IM
2130 -1 -4 -1 IM
2131 -1 -47 -1 IM
2132 -1 16 -1 IM
2133 -1 2225 -1 IM
2134 -1 0 -1 IM
2135 -1 0 -1 IM
2136 -1 1 -1 IM
2137 -1 0 -1 IM
2138 -1 1 -1 IM
2139 -1 0 -1 IM
2140 -1 1 -1 IM
2141 -1 0 -1 IM
2142 -1 1 -1 IM
2143 -1 1 -1 IM
2144 -1 1 -1 IM
2145 -1 1 -1 IM
2146 -1 0 -1 IM
2147 -1 0 -1 IM
2148 -1 0 -1 IM
2149 -1 0 -1 IM
2150 -1 13 -1 IM
2151 -1 12 -1 IM
2152 -1 653 -1 IM
2153 -1 571 -1 IM
2154 -1 923 -1 IM
2155 -1 878 -1 IM
2156 -1 16 -1 IM
2157 -1 15 -1 IM
2158 -1 730 -1 IM
2159 -1 648 -1 IM
2160 -1 395 -1 IM
2161 -1 350 -1 IM
2162 -1 9 -1 IM
2163 -1 9 -1 IM
2164 -1 778 -1 IM
2165 -1 778 -1 IM
2166 -1 349 -1 IM
2167 -1 349 -1 IM
2168 -1 2 -1 IM
2169 -1 1 -1 IM
2170 -1 168 -1 IM
2171 -1 86 -1 IM
2172 -1 137 -1 IM
2173 -1 92 -1 IM
2174 -1 -69 -1 IM
2175 -1 -19 -1 IM
2176 -1 4761 -1 IM
2177 -1 5122 -1 IM
2178 -1 -63 -1 IM
2179 -1 52 -1 IM
2180 -1 3969 -1 IM
2181 -1 6673 -1 IM
2182 -1 -79 -1 IM
2183 -1 32 -1 IM
2184 -1 6241 -1 IM
2185 -1 7265 -1 IM
2186 -1 -72 -1 IM
2187 -1 -25 -1 IM
2188 -1 5184 -1 IM
2189 -1 5809 -1 IM
2190 -1 1 -1 IM
2191 -1 1 -1 IM
2192 -1 1 -1 IM
2193 -1 1 -1 IM
2194 -1 0 -1 IM
2195 -1 1 -1 IM
2196 -1 0 -1 IM
2197 -1 0 -1 IM
2198 -1 0 -1 IM
2199 -1 0 -1 IM
2200 -1 0 -1 IM
2201 -1 0 -1 IM
2202 -1 0 -1 IM
2203 -1 1 -1 IM
2204 -1 1 -1 IM
2205 -1 0 -1 IM
2206 -1 13 -1 IM
2207 -1 13 -1 IM
2208 -1 585 -1 IM
2209 -1 585 -1 IM
2210 -1 945 -1 IM
2211 -1 945 -1 IM
2212 -1 16 -1 IM
2213 -1 15 -1 IM
2214 -1 662 -1 IM
2215 -1 648 -1 IM
2216 -1 417 -1 IM
2217 -1 350 -1 IM
2218 -1 10 -1 IM
2219 -1 9 -1 IM
2220 -1 792 -1 IM
2221 -1 778 -1 IM
2222 -1 416 -1 IM
2223 -1 349 -1 IM
2224 -1 2 -1 IM
2225 -1 1 -1 IM
2226 -1 100 -1 IM
2227 -1 86 -1 IM
2228 -1 159 -1 IM
2229 -1 92 -1 IM
2230 -1 -49 -1 IM
2231 -1 -22 -1 IM
2232 -1 2401 -1 IM
2233 -1 2885 -1 IM
2234 -1 -43 -1 IM
2235 -1 49 -1 IM
2236 -1 1849 -1 IM
2237 -1 4250 -1 IM
2238 -1 -59 -1 IM
2239 -1 29 -1 IM
2240 -1 3481 -1 IM
2241 -1 4322 -1 IM
2242 -1 -52 -1 IM
2243 -1 -28 -1 IM
2244 -1 2704 -1 IM
2245 -1 3488 -1 IM
2246 -1 1 -1 IM
2247 -1 1 -1 IM
2248 -1 1 -1 IM
2249 -1 1 -1 IM
2250 -1 0 -1 IM
2251 -1 1 -1 IM
2252 -1 0 -1 IM
2253 -1 0 -1 IM
2254 -1 0 -1 IM
2255 -1 0 -1 IM
2256 -1 0 -1 IM
2257 -1 0 -1 IM
2258 -1 0 -1 IM
2259 -1 1 -1 IM
2260 -1 1 -1 IM
2261 -1 0 -1 IM
2262 -1 14 -1 IM
2263 -1 14 -1 IM
2264 -1 619 -1 IM
2265 -1 619 -1 IM
2266 -1 1009 -1 IM
2267 -1 1009 -1 IM
2268 -1 16 -1 IM
2269 -1 15 -1 IM
2270 -1 682 -1 IM
2271 -1 648 -1 IM
2272 -1 414 -1 IM
2273 -1 350 -1 IM
2274 -1 10 -1 IM
2275 -1 9 -1 IM
2276 -1 812 -1 IM
2277 -1 778 -1 IM
2278 -1 413 -1 IM
2279 -1 349 -1 IM
2280 -1 2 -1 IM
2281 -1 1 -1 IM
2282 -1 120 -1 IM
2283 -1 86 -1 IM
2284 -1 156 -1 IM
2285 -1 92 -1 IM
2286 -1 -40 -1 IM
2287 -1 -36 -1 IM
2288 -1 1600 -1 IM
2289 -1 2896 -1 IM
2290 -1 -34 -1 IM
2291 -1 35 -1 IM
2292 -1 1156 -1 IM
2293 -1 2381 -1 IM
2294 -1 -50 -1 IM
2295 -1 15 -1 IM
2296 -1 2500 -1 IM
2297 -1 2725 -1 IM
2298 -1 -43 -1 IM
2299 -1 -42 -1 IM
2300 -1 1849 -1 IM
2301 -1 3613 -1 IM
2302 -1 0 -1 IM
2303 -1 0 -1 IM
2304 -1 1 -1 IM
2305 -1 0 -1 IM
2306 -1 1 -1 IM
2307 -1 1 -1 IM
2308 -1 1 -1 IM
2309 -1 1 -1 IM
2310 -1 1 -1 IM
2311 -1 0 -1 IM
2312 -1 1 -1 IM
2313 -1 0 -1 IM
2314 -1 0 -1 IM
2315 -1 0 -1 IM
2316 -1 0 -1 IM
2317 -1 0 -1 IM
2318 -1 15 -1 IM
2319 -1 662 -1 IM
2320 -1 1059 -1 IM
2321 -1 16 -1 IM
2322 -1 691 -1 IM
2323 -1 400 -1 IM
2324 -1 10 -1 IM
2325 -1 821 -1 IM
2326 -1 399 -1 IM
2327 -1 2 -1 IM
2328 -1 129 -1 IM
2329 -1 142 -1 IM
