0 0 0 0 0 0 
1 1 1 1 1 1 
2 2 52 102 152 202 
3 3 53 103 153 203 
4 4 54 104 154 204 
5 5 55 105 155 205 
6 6 56 106 156 206 
7 7 57 107 157 207 
8 8 58 108 158 208 
9 9 59 109 159 209 
10 10 60 110 160 210 
11 11 61 111 161 211 
12 12 62 112 162 212 
13 13 63 113 163 213 
14 14 64 114 164 214 
15 15 65 115 165 215 
16 16 66 116 166 216 
17 17 67 117 167 217 
18 18 68 118 168 218 
19 19 69 119 169 219 
20 20 70 120 170 220 
21 21 71 121 171 221 
22 22 72 122 172 222 
23 23 73 123 173 223 
24 24 74 124 174 224 
25 25 75 125 175 225 
26 26 76 126 176 226 
27 27 77 127 177 227 
28 28 78 128 178 228 
29 29 79 129 179 229 
30 30 80 130 180 230 
31 31 81 131 181 231 
32 32 82 132 182 232 
33 33 83 133 183 233 
34 34 84 134 184 234 
35 35 85 135 185 235 
36 36 86 136 186 236 
37 37 87 137 187 237 
38 38 88 138 188 238 
39 39 89 139 189 239 
40 40 90 140 190 240 
41 41 91 141 191 241 
42 42 92 142 192 242 
43 43 93 143 193 243 
44 44 94 144 194 244 
45 45 95 145 195 245 
46 46 96 146 196 246 
47 47 97 147 197 247 
48 48 98 148 198 248 
49 49 99 149 199 249 
50 50 100 150 200 250 
51 51 101 151 201 251 
52 252 252 252 252 252 
53 253 253 253 253 253 
54 254 254 254 254 254 
55 255 255 255 255 255 
56 256 256 256 256 256 
57 257 257 257 257 257 
58 258 258 258 258 258 
59 259 259 259 259 259 
60 0 8 16 24 32 
61 1 9 17 25 33 
62 2 10 18 26 34 
63 3 11 19 27 35 
64 4 12 20 28 36 
65 5 13 21 29 37 
66 6 14 22 30 38 
67 7 15 23 31 39 
68 40 44 48 52 56 
69 41 45 49 53 57 
70 42 46 50 54 58 
71 43 47 51 55 59 
