1 0 3 0 0 
2 1 6 0 0 
3 2 7 0 0 
4 3 5 0 0 
5 4 3 0 0 
6 5 5 0 0 
7 6 6 0 0 
8 7 2 0 0 
9 8 9 0 0 
10 9 1 0 0 
11 10 2 0 0 
12 11 7 0 0 
13 12 0 0 0 
14 13 9 0 0 
15 14 3 0 0 
16 15 6 0 0 
17 16 0 0 0 
18 17 6 0 0 
19 18 2 0 0 
20 19 6 0 0 
21 20 1 0 0 
22 21 8 0 0 
23 22 7 0 0 
24 23 9 0 0 
25 24 2 0 0 
26 25 0 0 0 
27 26 2 0 0 
28 27 3 0 0 
29 28 7 0 0 
30 29 5 0 0 
31 30 9 0 0 
32 31 2 0 0 
33 32 2 0 0 
34 33 8 0 0 
35 34 9 0 0 
36 35 7 0 0 
37 36 3 0 0 
38 37 6 0 0 
39 38 1 0 0 
40 39 2 0 0 
41 40 9 0 0 
42 41 3 0 0 
43 42 1 0 0 
44 43 9 0 0 
45 44 4 0 0 
46 45 7 0 0 
47 46 8 0 0 
48 47 4 0 0 
49 48 5 0 0 
50 49 0 0 0 
51 50 3 0 0 
52 51 6 0 0 
53 52 1 0 0 
54 53 0 0 0 
55 54 6 0 0 
56 55 3 0 0 
57 56 2 0 0 
58 57 0 0 0 
59 58 6 0 0 
60 59 1 0 0 
61 60 5 0 0 
62 61 5 0 0 
63 62 4 0 0 
64 63 7 0 0 
65 64 6 0 0 
66 65 5 0 0 
67 66 6 0 0 
68 67 9 0 0 
69 68 3 0 0 
70 69 7 0 0 
71 70 4 0 0 
72 71 5 0 0 
73 72 2 0 0 
74 73 5 0 0 
75 74 4 0 0 
76 75 7 0 0 
77 76 4 0 0 
78 77 4 0 0 
79 78 3 0 0 
80 79 0 0 0 
81 80 7 0 0 
82 81 8 0 0 
83 82 6 0 0 
84 83 8 0 0 
85 84 8 0 0 
86 85 4 0 0 
87 86 3 0 0 
88 87 1 0 0 
89 88 4 0 0 
90 89 9 0 0 
91 90 2 0 0 
92 91 0 0 0 
93 92 6 0 0 
94 93 8 0 0 
95 94 9 0 0 
96 95 2 0 0 
97 96 6 0 0 
98 97 6 0 0 
99 98 4 0 0 
100 0 9 1 0 
101 1 5 1 0 
102 2 0 1 0 
103 3 4 1 0 
104 4 8 1 0 
105 5 7 1 0 
106 6 1 1 0 
107 7 7 1 0 
108 8 2 1 0 
109 9 7 1 0 
110 10 2 1 0 
111 11 2 1 0 
112 12 6 1 0 
113 13 1 1 0 
114 14 0 1 0 
115 15 6 1 0 
116 16 1 1 0 
117 17 5 1 0 
118 18 9 1 0 
119 19 4 1 0 
120 20 9 1 0 
121 21 0 1 0 
122 22 9 1 0 
123 23 1 1 0 
124 24 7 1 0 
125 25 7 1 0 
126 26 1 1 0 
127 27 1 1 0 
128 28 5 1 0 
129 29 9 1 0 
130 30 7 1 0 
131 31 7 1 0 
132 32 6 1 0 
133 33 7 1 0 
134 34 3 1 0 
135 35 6 1 0 
136 36 5 1 0 
137 37 6 1 0 
138 38 3 1 0 
139 39 9 1 0 
140 40 4 1 0 
141 41 8 1 0 
142 42 1 1 0 
143 43 2 1 0 
144 44 9 1 0 
145 45 3 1 0 
146 46 9 1 0 
147 47 0 1 0 
148 48 8 1 0 
