1 0 3 0 0 
2 1 6 0 0 
3 2 7 0 0 
4 3 5 0 0 
5 4 3 0 0 
6 5 5 0 0 
7 6 6 0 0 
8 7 2 0 0 
9 8 9 0 0 
10 9 1 0 0 
11 10 2 0 0 
12 11 7 0 0 
13 12 0 0 0 
14 13 9 0 0 
15 14 3 0 0 
16 15 6 0 0 
17 16 0 0 0 
18 17 6 0 0 
19 18 2 0 0 
20 19 6 0 0 
21 20 1 0 0 
22 21 8 0 0 
23 22 7 0 0 
24 23 9 0 0 
25 24 2 0 0 
26 25 0 0 0 
27 26 2 0 0 
28 27 3 0 0 
29 28 7 0 0 
30 29 5 0 0 
31 30 9 0 0 
32 31 2 0 0 
33 32 2 0 0 
34 33 8 0 0 
35 34 9 0 0 
36 35 7 0 0 
37 36 3 0 0 
38 37 6 0 0 
39 38 1 0 0 
40 39 2 0 0 
41 40 9 0 0 
42 41 3 0 0 
43 42 1 0 0 
44 43 9 0 0 
45 44 4 0 0 
46 45 7 0 0 
47 46 8 0 0 
48 47 4 0 0 
49 48 5 0 0 
50 49 0 0 0 
51 50 3 0 0 
52 51 6 0 0 
53 52 1 0 0 
54 53 0 0 0 
55 54 6 0 0 
56 55 3 0 0 
57 56 2 0 0 
58 57 0 0 0 
59 58 6 0 0 
60 59 1 0 0 
61 60 5 0 0 
62 61 5 0 0 
63 62 4 0 0 
64 63 7 0 0 
65 64 6 0 0 
66 65 5 0 0 
67 66 6 0 0 
68 67 9 0 0 
69 68 3 0 0 
70 69 7 0 0 
71 70 4 0 0 
72 71 5 0 0 
73 72 2 0 0 
74 73 5 0 0 
75 74 4 0 0 
76 75 7 0 0 
77 76 4 0 0 
78 77 4 0 0 
79 78 3 0 0 
80 79 0 0 0 
81 80 7 0 0 
82 81 8 0 0 
83 82 6 0 0 
84 83 8 0 0 
85 84 8 0 0 
86 85 4 0 0 
87 86 3 0 0 
88 87 1 0 0 
89 88 4 0 0 
90 89 9 0 0 
91 90 2 0 0 
92 91 0 0 0 
93 92 6 0 0 
94 93 8 0 0 
95 94 9 0 0 
96 95 2 0 0 
97 96 6 0 0 
98 97 6 0 0 
99 98 4 0 0 
100 99 9 0 0 
101 100 5 0 0 
102 101 0 0 0 
103 102 4 0 0 
104 103 8 0 0 
105 104 7 0 0 
106 105 1 0 0 
107 106 7 0 0 
108 107 2 0 0 
109 108 7 0 0 
110 109 2 0 0 
111 110 2 0 0 
112 111 6 0 0 
113 112 1 0 0 
114 113 0 0 0 
115 114 6 0 0 
116 115 1 0 0 
117 116 5 0 0 
118 117 9 0 0 
119 118 4 0 0 
120 119 9 0 0 
121 120 0 0 0 
122 121 9 0 0 
123 122 1 0 0 
124 123 7 0 0 
125 124 7 0 0 
126 125 1 0 0 
127 126 1 0 0 
128 127 5 0 0 
129 128 9 0 0 
130 129 7 0 0 
131 130 7 0 0 
132 131 6 0 0 
133 132 7 0 0 
134 133 3 0 0 
135 134 6 0 0 
136 135 5 0 0 
137 136 6 0 0 
138 137 3 0 0 
139 138 9 0 0 
140 139 4 0 0 
141 140 8 0 0 
142 141 1 0 0 
143 142 2 0 0 
144 143 9 0 0 
145 144 3 0 0 
146 145 9 0 0 
147 146 0 0 0 
148 147 8 0 0 
149 148 8 0 0 
150 149 5 0 0 
151 150 0 0 0 
152 151 9 0 0 
153 152 6 0 0 
154 153 3 0 0 
155 154 8 0 0 
156 155 5 0 0 
157 156 6 0 0 
158 157 1 0 0 
159 158 1 0 0 
160 159 5 0 0 
161 160 9 0 0 
162 161 8 0 0 
163 162 4 0 0 
164 163 8 0 0 
165 164 1 0 0 
166 165 0 0 0 
167 166 3 0 0 
168 167 0 0 0 
169 168 4 0 0 
170 169 4 0 0 
171 170 4 0 0 
172 171 4 0 0 
173 172 7 0 0 
174 173 6 0 0 
175 174 3 0 0 
176 175 1 0 0 
177 176 7 0 0 
178 177 5 0 0 
179 178 9 0 0 
180 179 6 0 0 
181 180 2 0 0 
182 181 1 0 0 
183 182 7 0 0 
184 183 8 0 0 
185 184 5 0 0 
186 185 7 0 0 
187 186 4 0 0 
188 187 1 0 0 
189 188 8 0 0 
190 189 5 0 0 
191 190 9 0 0 
192 191 7 0 0 
193 192 5 0 0 
194 193 3 0 0 
195 194 8 0 0 
196 195 8 0 0 
197 196 3 0 0 
198 197 1 0 0 
199 198 8 0 0 
200 199 9 0 0 
201 200 6 0 0 
202 201 4 0 0 
203 202 3 0 0 
204 203 3 0 0 
205 204 3 0 0 
206 205 8 0 0 
207 206 6 0 0 
208 207 0 0 0 
209 208 4 0 0 
210 209 8 0 0 
211 210 8 0 0 
212 211 8 0 0 
213 212 9 0 0 
214 213 7 0 0 
215 214 7 0 0 
216 215 6 0 0 
217 216 4 0 0 
218 217 3 0 0 
219 218 0 0 0 
220 219 3 0 0 
221 220 0 0 0 
222 221 9 0 0 
223 222 2 0 0 
224 223 5 0 0 
225 224 4 0 0 
226 225 0 0 0 
227 226 5 0 0 
228 227 9 0 0 
229 228 4 0 0 
230 229 6 0 0 
231 230 9 0 0 
232 231 2 0 0 
233 232 2 0 0 
234 233 4 0 0 
235 234 7 0 0 
236 235 7 0 0 
237 236 5 0 0 
238 237 4 0 0 
239 238 8 0 0 
240 239 1 0 0 
241 240 2 0 0 
242 241 8 0 0 
243 242 9 0 0 
244 243 3 0 0 
245 244 6 0 0 
246 245 8 0 0 
247 246 0 0 0 
248 247 2 0 0 
249 248 1 0 0 
250 249 0 0 0 
251 250 5 0 0 
252 251 1 0 0 
253 252 1 0 0 
254 253 0 0 0 
255 254 8 0 0 
256 255 5 0 0 
257 256 0 0 0 
258 257 6 0 0 
259 258 4 0 0 
260 259 6 0 0 
261 260 2 0 0 
262 261 5 0 0 
263 262 8 0 0 
264 263 6 0 0 
265 264 2 0 0 
266 265 8 0 0 
267 266 4 0 0 
268 267 7 0 0 
269 268 2 0 0 
270 269 4 0 0 
271 270 0 0 0 
272 271 6 0 0 
273 272 2 0 0 
274 273 9 0 0 
275 274 9 0 0 
276 275 0 0 0 
277 276 8 0 0 
278 277 1 0 0 
279 278 3 0 0 
280 279 1 0 0 
281 280 1 0 0 
282 281 0 0 0 
283 282 3 0 0 
284 283 4 0 0 
285 284 0 0 0 
286 285 3 0 0 
287 286 9 0 0 
288 287 1 0 0 
289 288 9 0 0 
290 289 6 0 0 
291 290 9 0 0 
292 291 3 0 0 
293 292 3 0 0 
294 293 8 0 0 
295 294 0 0 0 
296 295 5 0 0 
297 296 6 0 0 
298 297 6 0 0 
299 298 4 0 0 
300 299 0 0 0 
301 300 0 0 0 
302 301 4 0 0 
303 302 6 0 0 
304 303 2 0 0 
305 304 6 0 0 
306 305 7 0 0 
307 306 5 0 0 
308 307 6 0 0 
309 308 9 0 0 
310 309 8 0 0 
311 310 7 0 0 
312 311 2 0 0 
313 312 8 0 0 
314 313 2 0 0 
315 314 9 0 0 
316 315 9 0 0 
317 316 6 0 0 
318 317 0 0 0 
319 318 2 0 0 
320 319 7 0 0 
321 320 6 0 0 
322 321 1 0 0 
323 322 3 0 0 
324 323 2 0 0 
325 324 1 0 0 
326 325 5 0 0 
327 326 9 0 0 
328 327 9 0 0 
329 328 1 0 0 
330 329 4 0 0 
331 330 9 0 0 
332 331 1 0 0 
333 332 0 0 0 
334 333 7 0 0 
335 334 5 0 0 
336 335 8 0 0 
337 336 7 0 0 
338 337 0 0 0 
339 338 4 0 0 
340 339 8 0 0 
341 340 0 0 0 
342 341 4 0 0 
343 342 2 0 0 
344 343 9 0 0 
345 344 6 0 0 
346 345 1 0 0 
347 346 0 0 0 
348 347 4 0 0 
349 348 2 0 0 
350 349 2 0 0 
351 350 2 0 0 
352 351 0 0 0 
353 352 5 0 0 
354 353 5 0 0 
355 354 2 0 0 
356 355 9 0 0 
357 356 0 0 0 
358 357 2 0 0 
359 358 8 0 0 
360 359 3 0 0 
361 360 8 0 0 
362 361 0 0 0 
363 362 4 0 0 
364 363 0 0 0 
365 364 9 0 0 
366 365 1 0 0 
367 366 9 0 0 
368 367 6 0 0 
369 368 2 0 0 
370 369 5 0 0 
371 370 4 0 0 
372 371 4 0 0 
373 372 9 0 0 
374 373 9 0 0 
375 374 3 0 0 
376 375 6 0 0 
377 376 0 0 0 
378 377 5 0 0 
379 378 0 0 0 
380 379 2 0 0 
381 380 9 0 0 
382 381 4 0 0 
383 382 3 0 0 
384 383 5 0 0 
385 384 1 0 0 
386 385 7 0 0 
387 386 4 0 0 
388 387 3 0 0 
389 388 1 0 0 
390 389 4 0 0 
391 390 6 0 0 
392 391 9 0 0 
393 392 4 0 0 
394 393 2 0 0 
395 394 2 0 0 
396 395 6 0 0 
397 396 4 0 0 
398 397 1 0 0 
399 398 2 0 0 
400 399 8 0 0 
401 400 8 0 0 
402 401 9 0 0 
403 402 2 0 0 
404 403 8 0 0 
405 404 8 0 0 
406 405 8 0 0 
407 406 6 0 0 
408 407 8 0 0 
409 408 3 0 0 
410 409 8 0 0 
411 410 3 0 0 
412 411 3 0 0 
413 412 3 0 0 
414 413 8 0 0 
415 414 0 0 0 
416 415 4 0 0 
417 416 7 0 0 
418 417 6 0 0 
419 418 8 0 0 
420 419 9 0 0 
421 420 0 0 0 
422 421 6 0 0 
423 422 8 0 0 
424 423 7 0 0 
425 424 9 0 0 
426 425 0 0 0 
427 426 3 0 0 
428 427 3 0 0 
429 428 3 0 0 
430 429 7 0 0 
431 430 3 0 0 
432 431 2 0 0 
433 432 6 0 0 
434 433 5 0 0 
435 434 2 0 0 
436 435 6 0 0 
437 436 5 0 0 
438 437 8 0 0 
439 438 7 0 0 
440 439 9 0 0 
441 440 6 0 0 
442 441 0 0 0 
443 442 4 0 0 
444 443 1 0 0 
445 444 0 0 0 
446 445 4 0 0 
447 446 8 0 0 
448 447 7 0 0 
449 448 0 0 0 
450 449 8 0 0 
451 450 6 0 0 
452 451 2 0 0 
453 452 4 0 0 
454 453 7 0 0 
455 454 9 0 0 
456 455 3 0 0 
457 456 9 0 0 
458 457 2 0 0 
459 458 8 0 0 
460 459 3 0 0 
461 460 0 0 0 
462 461 1 0 0 
463 462 7 0 0 
464 463 8 0 0 
465 464 9 0 0 
466 465 1 0 0 
467 466 5 0 0 
468 467 4 0 0 
469 468 9 0 0 
470 469 2 0 0 
471 470 5 0 0 
472 471 7 0 0 
473 472 4 0 0 
474 473 9 0 0 
475 474 9 0 0 
476 475 4 0 0 
477 476 5 0 0 
478 477 9 0 0 
479 478 3 0 0 
480 479 5 0 0 
481 480 7 0 0 
482 481 0 0 0 
483 482 8 0 0 
484 483 1 0 0 
485 484 9 0 0 
486 485 9 0 0 
487 486 7 0 0 
488 487 8 0 0 
489 488 2 0 0 
490 489 5 0 0 
491 490 3 0 0 
492 491 4 0 0 
493 492 9 0 0 
494 493 0 0 0 
495 494 2 0 0 
496 495 0 0 0 
497 496 1 0 0 
498 497 9 0 0 
499 498 6 0 0 
500 499 2 0 0 
501 500 1 0 0 
502 501 2 0 0 
503 502 0 0 0 
504 503 7 0 0 
505 504 3 0 0 
506 505 1 0 0 
507 506 1 0 0 
508 507 9 0 0 
509 508 0 0 0 
510 509 5 0 0 
511 510 6 0 0 
512 511 7 0 0 
513 512 7 0 0 
514 513 4 0 0 
515 514 0 0 0 
516 515 6 0 0 
517 516 4 0 0 
518 517 7 0 0 
519 518 4 0 0 
520 519 8 0 0 
521 520 5 0 0 
522 521 8 0 0 
523 522 2 0 0 
524 523 6 0 0 
525 524 0 0 0 
526 525 6 0 0 
527 526 6 0 0 
528 527 4 0 0 
529 528 6 0 0 
530 529 2 0 0 
531 530 8 0 0 
532 531 9 0 0 
533 532 6 0 0 
534 533 0 0 0 
535 534 7 0 0 
536 535 0 0 0 
537 536 1 0 0 
538 537 0 0 0 
539 538 1 0 0 
540 539 3 0 0 
541 540 7 0 0 
542 541 7 0 0 
543 542 2 0 0 
544 543 6 0 0 
545 544 4 0 0 
546 545 5 0 0 
547 546 2 0 0 
548 547 0 0 0 
549 548 2 0 0 
550 549 9 0 0 
551 550 0 0 0 
552 551 9 0 0 
553 552 9 0 0 
554 553 4 0 0 
555 554 5 0 0 
556 555 1 0 0 
557 556 0 0 0 
558 557 3 0 0 
559 558 7 0 0 
560 559 8 0 0 
561 560 8 0 0 
562 561 6 0 0 
563 562 0 0 0 
564 563 4 0 0 
565 564 6 0 0 
566 565 7 0 0 
567 566 6 0 0 
568 567 0 0 0 
569 568 9 0 0 
570 569 7 0 0 
571 570 5 0 0 
572 571 9 0 0 
573 572 7 0 0 
574 573 8 0 0 
575 574 5 0 0 
576 575 3 0 0 
577 576 3 0 0 
578 577 8 0 0 
579 578 3 0 0 
580 579 7 0 0 
581 580 9 0 0 
582 581 3 0 0 
583 582 7 0 0 
584 583 8 0 0 
585 584 7 0 0 
586 585 4 0 0 
587 586 1 0 0 
588 587 9 0 0 
589 588 0 0 0 
590 589 9 0 0 
591 590 8 0 0 
592 591 8 0 0 
593 592 5 0 0 
594 593 8 0 0 
595 594 4 0 0 
596 595 3 0 0 
597 596 7 0 0 
598 597 1 0 0 
599 598 3 0 0 
600 599 8 0 0 
601 600 0 0 0 
602 601 9 0 0 
603 602 7 0 0 
604 603 9 0 0 
605 604 9 0 0 
606 605 3 0 0 
607 606 2 0 0 
608 607 4 0 0 
609 608 3 0 0 
610 609 7 0 0 
611 610 1 0 0 
612 611 2 0 0 
613 612 2 0 0 
614 613 0 0 0 
615 614 2 0 0 
616 615 1 0 0 
617 616 7 0 0 
618 617 5 0 0 
619 618 1 0 0 
620 619 7 0 0 
621 620 4 0 0 
622 621 1 0 0 
623 622 7 0 0 
624 623 1 0 0 
625 624 1 0 0 
626 625 1 0 0 
627 626 7 0 0 
628 627 0 0 0 
629 628 4 0 0 
630 629 0 0 0 
631 630 8 0 0 
632 631 5 0 0 
633 632 1 0 0 
634 633 6 0 0 
635 634 6 0 0 
636 635 2 0 0 
637 636 1 0 0 
638 637 9 0 0 
639 638 6 0 0 
640 639 4 0 0 
641 640 8 0 0 
642 641 0 0 0 
643 642 8 0 0 
644 643 1 0 0 
645 644 0 0 0 
646 645 2 0 0 
647 646 2 0 0 
648 647 9 0 0 
649 648 7 0 0 
650 649 5 0 0 
651 650 6 0 0 
652 651 4 0 0 
653 652 6 0 0 
654 653 3 0 0 
655 654 7 0 0 
656 655 9 0 0 
657 656 7 0 0 
658 657 4 0 0 
659 658 9 0 0 
660 659 1 0 0 
661 660 7 0 0 
662 661 0 0 0 
663 662 6 0 0 
664 663 0 0 0 
665 664 8 0 0 
666 665 5 0 0 
667 666 3 0 0 
668 667 9 0 0 
669 668 4 0 0 
670 669 1 0 0 
671 670 5 0 0 
672 671 4 0 0 
673 672 1 0 0 
674 673 5 0 0 
675 674 5 0 0 
676 675 4 0 0 
677 676 9 0 0 
678 677 8 0 0 
679 678 3 0 0 
680 679 8 0 0 
681 680 5 0 0 
682 681 2 0 0 
683 682 2 0 0 
684 683 2 0 0 
685 684 7 0 0 
686 685 0 0 0 
687 686 3 0 0 
688 687 4 0 0 
689 688 6 0 0 
690 689 3 0 0 
691 690 6 0 0 
692 691 3 0 0 
693 692 3 0 0 
694 693 4 0 0 
695 694 4 0 0 
696 695 3 0 0 
697 696 9 0 0 
698 697 7 0 0 
699 698 2 0 0 
700 699 5 0 0 
701 700 8 0 0 
702 701 9 0 0 
703 702 0 0 0 
704 703 2 0 0 
705 704 4 0 0 
706 705 7 0 0 
707 706 6 0 0 
708 707 5 0 0 
709 708 7 0 0 
710 709 1 0 0 
711 710 3 0 0 
712 711 3 0 0 
713 712 3 0 0 
714 713 8 0 0 
715 714 5 0 0 
716 715 1 0 0 
717 716 0 0 0 
718 717 8 0 0 
719 718 7 0 0 
720 719 6 0 0 
721 720 3 0 0 
722 721 5 0 0 
723 722 0 0 0 
724 723 8 0 0 
725 724 0 0 0 
726 725 4 0 0 
727 726 1 0 0 
728 727 1 0 0 
729 728 3 0 0 
730 729 5 0 0 
731 730 9 0 0 
732 731 3 0 0 
733 732 4 0 0 
734 733 1 0 0 
735 734 5 0 0 
736 735 0 0 0 
737 736 8 0 0 
738 737 3 0 0 
739 738 5 0 0 
740 739 6 0 0 
741 740 5 0 0 
742 741 9 0 0 
743 742 9 0 0 
744 743 0 0 0 
745 744 7 0 0 
746 745 6 0 0 
747 746 3 0 0 
748 747 7 0 0 
749 748 6 0 0 
750 749 1 0 0 
751 750 5 0 0 
752 751 0 0 0 
753 752 6 0 0 
754 753 5 0 0 
755 754 0 0 0 
756 755 8 0 0 
757 756 1 0 0 
758 757 2 0 0 
759 758 2 0 0 
760 759 6 0 0 
761 760 9 0 0 
762 761 1 0 0 
763 762 0 0 0 
764 763 4 0 0 
765 764 2 0 0 
766 765 7 0 0 
767 766 4 0 0 
768 767 0 0 0 
769 768 3 0 0 
770 769 2 0 0 
771 770 8 0 0 
772 771 0 0 0 
773 772 3 0 0 
774 773 7 0 0 
775 774 0 0 0 
776 775 0 0 0 
777 776 3 0 0 
778 777 4 0 0 
779 778 9 0 0 
780 779 2 0 0 
781 780 7 0 0 
782 781 4 0 0 
783 782 2 0 0 
784 783 5 0 0 
785 784 2 0 0 
786 785 4 0 0 
787 786 4 0 0 
788 787 3 0 0 
789 788 8 0 0 
790 789 6 0 0 
791 790 0 0 0 
792 791 8 0 0 
793 792 9 0 0 
794 793 2 0 0 
795 794 2 0 0 
796 795 3 0 0 
797 796 1 0 0 
798 797 8 0 0 
799 798 3 0 0 
800 799 4 0 0 
801 800 2 0 0 
802 0 2 1 0 
803 1 4 1 0 
804 2 5 1 0 
805 3 1 1 0 
806 4 7 1 0 
807 5 5 1 0 
808 6 7 1 0 
809 7 1 1 0 
810 8 6 1 0 
811 9 9 1 0 
812 10 8 1 0 
813 11 1 1 0 
814 12 3 1 0 
815 13 3 1 0 
816 14 3 1 0 
817 15 7 1 0 
818 16 9 1 0 
819 17 8 1 0 
820 18 6 1 0 
821 19 7 1 0 
822 20 0 1 0 
823 21 4 1 0 
824 22 8 1 0 
825 23 4 1 0 
826 24 8 1 0 
827 25 1 1 0 
828 26 6 1 0 
829 27 8 1 0 
830 28 5 1 0 
831 29 2 1 0 
832 30 1 1 0 
833 31 9 1 0 
834 32 9 1 0 
835 33 6 1 0 
836 34 0 1 0 
837 35 6 1 0 
838 36 4 1 0 
839 37 9 1 0 
840 38 9 1 0 
841 39 0 1 0 
842 40 8 1 0 
843 41 9 1 0 
844 42 3 1 0 
845 43 1 1 0 
846 44 4 1 0 
847 45 8 1 0 
848 46 9 1 0 
849 47 6 1 0 
850 48 7 1 0 
851 49 7 1 0 
852 50 3 1 0 
853 51 7 1 0 
854 52 1 1 0 
855 53 2 1 0 
856 54 2 1 0 
857 55 1 1 0 
858 56 5 1 0 
859 57 0 1 0 
860 58 9 1 0 
861 59 0 1 0 
862 60 4 1 0 
863 61 0 1 0 
864 62 1 1 0 
865 63 3 1 0 
866 64 7 1 0 
867 65 4 1 0 
868 66 1 1 0 
869 67 1 1 0 
870 68 3 1 0 
871 69 0 1 0 
872 70 3 1 0 
873 71 2 1 0 
874 72 1 1 0 
875 73 7 1 0 
876 74 5 1 0 
877 75 6 1 0 
878 76 5 1 0 
879 77 4 1 0 
880 78 2 1 0 
881 79 2 1 0 
882 80 1 1 0 
883 81 7 1 0 
884 82 2 1 0 
885 83 4 1 0 
886 84 1 1 0 
887 85 6 1 0 
888 86 5 1 0 
889 87 7 1 0 
890 88 8 1 0 
891 89 5 1 0 
892 90 9 1 0 
893 91 2 1 0 
894 92 7 1 0 
895 93 3 1 0 
896 94 6 1 0 
897 95 4 1 0 
898 96 7 1 0 
899 97 9 1 0 
900 98 7 1 0 
901 99 2 1 0 
902 100 2 1 0 
903 101 1 1 0 
904 102 6 1 0 
905 103 3 1 0 
906 104 0 1 0 
907 105 2 1 0 
908 106 1 1 0 
909 107 5 1 0 
910 108 6 1 0 
911 109 5 1 0 
912 110 0 1 0 
913 111 0 1 0 
914 112 3 1 0 
915 113 4 1 0 
916 114 6 1 0 
917 115 6 1 0 
918 116 0 1 0 
919 117 2 1 0 
920 118 5 1 0 
921 119 8 1 0 
922 120 9 1 0 
923 121 5 1 0 
924 122 0 1 0 
925 123 6 1 0 
926 124 0 1 0 
927 125 8 1 0 
928 126 3 1 0 
929 127 7 1 0 
930 128 8 1 0 
931 129 2 1 0 
932 130 1 1 0 
933 131 0 1 0 
934 132 5 1 0 
935 133 8 1 0 
936 134 5 1 0 
937 135 5 1 0 
938 136 0 1 0 
939 137 7 1 0 
940 138 3 1 0 
941 139 8 1 0 
942 140 2 1 0 
943 141 3 1 0 
944 142 0 1 0 
945 143 7 1 0 
946 144 7 1 0 
947 145 7 1 0 
948 146 6 1 0 
949 147 9 1 0 
950 148 1 1 0 
951 149 1 1 0 
952 150 9 1 0 
953 151 0 1 0 
954 152 8 1 0 
955 153 9 1 0 
956 154 8 1 0 
957 155 8 1 0 
958 156 0 1 0 
959 157 3 1 0 
960 158 7 1 0 
961 159 0 1 0 
962 160 6 1 0 
963 161 9 1 0 
964 162 2 1 0 
965 163 1 1 0 
966 164 7 1 0 
967 165 7 1 0 
968 166 9 1 0 
969 167 7 1 0 
970 168 6 1 0 
971 169 2 1 0 
972 170 7 1 0 
973 171 1 1 0 
974 172 5 1 0 
975 173 8 1 0 
976 174 8 1 0 
977 175 4 1 0 
978 176 5 1 0 
979 177 6 1 0 
980 178 5 1 0 
981 179 6 1 0 
982 180 8 1 0 
983 181 4 1 0 
984 182 8 1 0 
985 183 8 1 0 
986 184 3 1 0 
987 185 8 1 0 
988 186 7 1 0 
989 187 5 1 0 
990 188 2 1 0 
991 189 4 1 0 
992 190 5 1 0 
993 191 0 1 0 
994 192 5 1 0 
995 193 7 1 0 
996 194 3 1 0 
997 195 2 1 0 
998 196 7 1 0 
999 197 2 1 0 
1000 198 1 1 0 
1001 199 3 1 0 
1002 200 4 1 0 
1003 201 9 1 0 
1004 202 4 1 0 
1005 203 1 1 0 
1006 204 9 1 0 
1007 205 5 1 0 
1008 206 7 1 0 
1009 207 4 1 0 
1010 208 1 1 0 
1011 209 2 1 0 
1012 210 2 1 0 
1013 211 1 1 0 
1014 212 6 1 0 
1015 213 2 1 0 
1016 214 0 1 0 
1017 215 2 1 0 
1018 216 2 1 0 
1019 217 9 1 0 
1020 218 7 1 0 
1021 219 4 1 0 
1022 220 3 1 0 
1023 221 5 1 0 
1024 222 6 1 0 
1025 223 1 1 0 
1026 224 4 1 0 
1027 225 0 1 0 
1028 226 3 1 0 
1029 227 1 1 0 
1030 228 2 1 0 
1031 229 7 1 0 
1032 230 7 1 0 
1033 231 9 1 0 
1034 232 8 1 0 
1035 233 1 1 0 
1036 234 0 1 0 
1037 235 7 1 0 
1038 236 6 1 0 
1039 237 0 1 0 
1040 238 1 1 0 
1041 239 0 1 0 
1042 240 2 1 0 
1043 241 5 1 0 
1044 242 1 1 0 
1045 243 9 1 0 
1046 244 7 1 0 
1047 245 1 1 0 
1048 246 3 1 0 
1049 247 1 1 0 
1050 248 2 1 0 
1051 249 0 1 0 
1052 250 6 1 0 
1053 251 8 1 0 
1054 252 7 1 0 
1055 253 4 1 0 
1056 254 9 1 0 
1057 255 2 1 0 
1058 256 4 1 0 
1059 257 4 1 0 
1060 258 5 1 0 
1061 259 9 1 0 
1062 260 1 1 0 
1063 261 2 1 0 
1064 262 8 1 0 
1065 263 9 1 0 
1066 264 6 1 0 
1067 265 0 1 0 
1068 266 6 1 0 
1069 267 4 1 0 
1070 268 0 1 0 
1071 269 9 1 0 
1072 270 4 1 0 
1073 271 5 1 0 
1074 272 4 1 0 
1075 273 6 1 0 
1076 274 6 1 0 
1077 275 3 1 0 
1078 276 9 1 0 
1079 277 9 1 0 
1080 278 5 1 0 
1081 279 2 1 0 
1082 280 1 1 0 
1083 281 3 1 0 
1084 282 0 1 0 
1085 283 9 1 0 
1086 284 9 1 0 
1087 285 1 1 0 
1088 286 3 1 0 
1089 287 4 1 0 
1090 288 5 1 0 
1091 289 8 1 0 
1092 290 5 1 0 
1093 291 7 1 0 
1094 292 3 1 0 
1095 293 3 1 0 
1096 294 8 1 0 
1097 295 9 1 0 
1098 296 5 1 0 
1099 297 5 1 0 
1100 298 3 1 0 
1101 299 8 1 0 
1102 300 6 1 0 
1103 301 0 1 0 
1104 302 3 1 0 
1105 303 3 1 0 
1106 304 6 1 0 
1107 305 1 1 0 
1108 306 8 1 0 
1109 307 7 1 0 
1110 308 0 1 0 
1111 309 5 1 0 
1112 310 1 1 0 
1113 311 1 1 0 
1114 312 0 1 0 
1115 313 3 1 0 
1116 314 0 1 0 
1117 315 0 1 0 
1118 316 4 1 0 
1119 317 5 1 0 
1120 318 4 1 0 
1121 319 2 1 0 
1122 320 4 1 0 
1123 321 9 1 0 
1124 322 9 1 0 
1125 323 9 1 0 
1126 324 4 1 0 
1127 325 9 1 0 
1128 326 8 1 0 
1129 327 1 1 0 
1130 328 6 1 0 
1131 329 3 1 0 
1132 330 9 1 0 
1133 331 3 1 0 
1134 332 3 1 0 
1135 333 4 1 0 
1136 334 6 1 0 
1137 335 1 1 0 
1138 336 5 1 0 
1139 337 6 1 0 
1140 338 1 1 0 
1141 339 7 1 0 
1142 340 2 1 0 
1143 341 2 1 0 
1144 342 9 1 0 
1145 343 2 1 0 
1146 344 8 1 0 
1147 345 1 1 0 
1148 346 2 1 0 
1149 347 4 1 0 
1150 348 7 1 0 
1151 349 8 1 0 
1152 350 6 1 0 
1153 351 3 1 0 
1154 352 7 1 0 
1155 353 7 1 0 
1156 354 2 1 0 
1157 355 3 1 0 
1158 356 7 1 0 
1159 357 2 1 0 
1160 358 5 1 0 
1161 359 3 1 0 
1162 360 7 1 0 
1163 361 6 1 0 
1164 362 8 1 0 
1165 363 1 1 0 
1166 364 3 1 0 
1167 365 6 1 0 
1168 366 4 1 0 
1169 367 0 1 0 
1170 368 3 1 0 
1171 369 5 1 0 
1172 370 8 1 0 
1173 371 5 1 0 
1174 372 0 1 0 
1175 373 9 1 0 
1176 374 9 1 0 
1177 375 8 1 0 
1178 376 0 1 0 
1179 377 2 1 0 
1180 378 4 1 0 
1181 379 9 1 0 
1182 380 0 1 0 
1183 381 1 1 0 
1184 382 2 1 0 
1185 383 0 1 0 
1186 384 0 1 0 
1187 385 6 1 0 
1188 386 3 1 0 
1189 387 9 1 0 
1190 388 0 1 0 
1191 389 8 1 0 
1192 390 3 1 0 
1193 391 8 1 0 
1194 392 7 1 0 
1195 393 3 1 0 
1196 394 1 1 0 
1197 395 0 1 0 
1198 396 0 1 0 
1199 397 5 1 0 
1200 398 0 1 0 
1201 399 3 1 0 
