1 0 3 0 0 
2 1 6 0 0 
3 2 7 0 0 
4 3 5 0 0 
5 4 3 0 0 
6 5 5 0 0 
7 6 6 0 0 
8 7 2 0 0 
9 8 9 0 0 
10 9 1 0 0 
11 10 2 0 0 
12 11 7 0 0 
13 12 0 0 0 
14 13 9 0 0 
15 14 3 0 0 
16 15 6 0 0 
17 16 0 0 0 
18 17 6 0 0 
19 18 2 0 0 
20 19 6 0 0 
21 20 1 0 0 
22 21 8 0 0 
23 22 7 0 0 
24 23 9 0 0 
25 24 2 0 0 
26 25 0 0 0 
27 26 2 0 0 
28 27 3 0 0 
29 28 7 0 0 
30 29 5 0 0 
31 30 9 0 0 
32 31 2 0 0 
33 32 2 0 0 
34 33 8 0 0 
35 34 9 0 0 
36 35 7 0 0 
37 36 3 0 0 
38 37 6 0 0 
39 38 1 0 0 
40 39 2 0 0 
41 40 9 0 0 
42 41 3 0 0 
43 42 1 0 0 
44 43 9 0 0 
45 44 4 0 0 
46 45 7 0 0 
47 46 8 0 0 
48 47 4 0 0 
49 48 5 0 0 
50 49 0 0 0 
51 50 3 0 0 
52 0 6 1 0 
53 1 1 1 0 
54 2 0 1 0 
55 3 6 1 0 
56 4 3 1 0 
57 5 2 1 0 
58 6 0 1 0 
59 7 6 1 0 
60 8 1 1 0 
61 9 5 1 0 
62 10 5 1 0 
63 11 4 1 0 
64 12 7 1 0 
65 13 6 1 0 
66 14 5 1 0 
67 15 6 1 0 
68 16 9 1 0 
69 17 3 1 0 
70 18 7 1 0 
71 19 4 1 0 
72 20 5 1 0 
73 21 2 1 0 
74 22 5 1 0 
75 23 4 1 0 
76 24 7 1 0 
