1  0  3  0  0  
2  1  6  0  0  
3  2  7  0  0  
4  3  5  0  0  
5  4  3  0  0  
6  5  5  0  0  
7  6  6  0  0  
8  7  2  0  0  
9  8  9  0  0  
10  9  1  0  0  
11  10  2  0  0  
12  11  7  0  0  
13  12  0  0  0  
14  13  9  0  0  
15  14  3  0  0  
16  15  6  0  0  
17  16  0  0  0  
18  17  6  0  0  
19  18  2  0  0  
20  19  6  0  0  
21  20  1  0  0  
22  21  8  0  0  
23  22  7  0  0  
24  23  9  0  0  
25  24  2  0  0  
26  25  0  0  0  
27  26  2  0  0  
28  27  3  0  0  
29  28  7  0  0  
30  29  5  0  0  
31  30  9  0  0  
32  31  2  0  0  
33  32  2  0  0  
34  33  8  0  0  
35  34  9  0  0  
36  35  7  0  0  
37  36  3  0  0  
38  37  6  0  0  
39  38  1  0  0  
40  39  2  0  0  
41  40  9  0  0  
42  41  3  0  0  
43  42  1  0  0  
44  43  9  0  0  
45  44  4  0  0  
46  45  7  0  0  
47  46  8  0  0  
48  47  4  0  0  
49  48  5  0  0  
50  49  0  0  0  
51  50  3  0  0  
52  51  6  0  0  
53  52  1  0  0  
54  53  0  0  0  
55  54  6  0  0  
56  55  3  0  0  
57  56  2  0  0  
58  57  0  0  0  
59  58  6  0  0  
60  59  1  0  0  
61  60  5  0  0  
62  61  5  0  0  
63  62  4  0  0  
64  63  7  0  0  
65  64  6  0  0  
66  65  5  0  0  
67  66  6  0  0  
68  67  9  0  0  
69  68  3  0  0  
70  69  7  0  0  
71  70  4  0  0  
72  71  5  0  0  
73  0  0  1  1  
74  1  0  1  1  
75  2  0  1  1  
76  3  0  1  1  
77  4  0  1  1  
78  5  0  1  1  
79  6  0  1  1  
80  7  0  1  1  
81  8  0  1  1  
82  9  0  1  1  
83  10  0  1  1  
84  11  0  1  1  
85  12  0  1  1  
86  13  0  1  1  
87  14  0  1  1  
88  15  0  1  1  
89  16  0  1  1  
90  17  0  1  1  
91  18  0  1  1  
92  19  0  1  1  
93  20  0  1  1  
94  21  0  1  1  
95  22  0  1  1  
96  23  0  1  1  
97  24  0  1  1  
98  25  0  1  1  
99  26  0  1  1  
100  27  0  1  1  
101  28  0  1  1  
102  29  0  1  1  
103  30  0  1  1  
104  31  0  1  1  
105  32  0  1  1  
106  33  0  1  1  
107  34  0  1  1  
108  35  0  1  1  
