1  0  3  0  0  
2  1  6  0  0  
3  2  7  0  0  
4  3  5  0  0  
5  4  3  0  0  
6  5  5  0  0  
7  6  6  0  0  
8  7  2  0  0  
9  8  9  0  0  
10  9  1  0  0  
11  10  2  0  0  
12  11  7  0  0  
13  12  0  0  0  
14  13  9  0  0  
15  14  3  0  0  
16  15  6  0  0  
17  16  0  0  0  
18  17  6  0  0  
19  18  2  0  0  
20  19  6  0  0  
21  20  1  0  0  
22  21  8  0  0  
23  22  7  0  0  
24  23  9  0  0  
25  24  2  0  0  
26  25  0  0  0  
27  26  2  0  0  
28  27  3  0  0  
29  28  7  0  0  
30  29  5  0  0  
31  30  9  0  0  
32  31  2  0  0  
33  32  2  0  0  
34  33  8  0  0  
35  34  9  0  0  
36  35  7  0  0  
37  36  3  0  0  
38  37  6  0  0  
39  38  1  0  0  
40  39  2  0  0  
41  40  9  0  0  
42  41  3  0  0  
43  42  1  0  0  
44  43  9  0  0  
45  44  4  0  0  
46  45  7  0  0  
47  46  8  0  0  
48  47  4  0  0  
49  48  5  0  0  
50  49  0  0  0  
51  50  3  0  0  
52  51  6  0  0  
53  52  1  0  0  
54  53  0  0  0  
55  54  6  0  0  
56  55  3  0  0  
57  56  2  0  0  
58  57  0  0  0  
59  58  6  0  0  
60  59  1  0  0  
61  60  5  0  0  
62  61  5  0  0  
63  62  4  0  0  
64  63  7  0  0  
65  64  6  0  0  
66  65  5  0  0  
67  66  6  0  0  
68  67  9  0  0  
69  68  3  0  0  
70  69  7  0  0  
71  70  4  0  0  
72  71  5  0  0  
73  72  2  0  0  
74  73  5  0  0  
75  74  4  0  0  
76  75  7  0  0  
77  76  4  0  0  
78  77  4  0  0  
79  78  3  0  0  
80  79  0  0  0  
81  80  7  0  0  
82  81  8  0  0  
83  82  6  0  0  
84  83  8  0  0  
85  84  8  0  0  
86  85  4  0  0  
87  86  3  0  0  
88  87  1  0  0  
89  88  4  0  0  
90  89  9  0  0  
91  90  2  0  0  
92  91  0  0  0  
93  92  6  0  0  
94  93  8  0  0  
95  94  9  0  0  
96  95  2  0  0  
97  96  6  0  0  
98  97  6  0  0  
99  98  4  0  0  
100  99  9  0  0  
101  100  5  0  0  
102  101  0  0  0  
103  102  4  0  0  
104  103  8  0  0  
105  104  7  0  0  
106  105  1  0  0  
107  106  7  0  0  
108  107  2  0  0  
109  108  7  0  0  
110  109  2  0  0  
111  110  2  0  0  
112  111  6  0  0  
113  112  1  0  0  
114  113  0  0  0  
115  114  6  0  0  
116  115  1  0  0  
117  116  5  0  0  
118  117  9  0  0  
119  118  4  0  0  
120  119  9  0  0  
121  120  0  0  0  
122  121  9  0  0  
123  122  1  0  0  
124  123  7  0  0  
125  124  7  0  0  
126  125  1  0  0  
127  126  1  0  0  
128  127  5  0  0  
129  128  9  0  0  
130  129  7  0  0  
131  130  7  0  0  
132  131  6  0  0  
133  132  7  0  0  
134  133  3  0  0  
135  134  6  0  0  
136  135  5  0  0  
137  136  6  0  0  
138  137  3  0  0  
139  138  9  0  0  
140  139  4  0  0  
141  140  8  0  0  
142  141  1  0  0  
143  142  2  0  0  
144  143  9  0  0  
145  144  3  0  0  
146  145  9  0  0  
147  146  0  0  0  
148  147  8  0  0  
149  148  8  0  0  
150  149  5  0  0  
151  150  0  0  0  
152  151  9  0  0  
153  152  6  0  0  
154  153  3  0  0  
155  154  8  0  0  
156  155  5  0  0  
157  156  6  0  0  
158  157  1  0  0  
159  158  1  0  0  
160  159  5  0  0  
161  160  9  0  0  
162  161  8  0  0  
163  0  0  1  1  
164  1  0  1  1  
165  2  0  1  1  
166  3  0  1  1  
167  4  0  1  1  
168  5  0  1  1  
169  6  0  1  1  
170  7  0  1  1  
171  8  0  1  1  
172  9  0  1  1  
173  10  0  1  1  
174  11  0  1  1  
175  12  0  1  1  
176  13  0  1  1  
177  14  0  1  1  
178  15  0  1  1  
179  16  0  1  1  
180  17  0  1  1  
181  18  0  1  1  
182  19  0  1  1  
183  20  0  1  1  
184  21  0  1  1  
185  22  0  1  1  
186  23  0  1  1  
187  24  0  1  1  
188  25  0  1  1  
189  26  0  1  1  
190  27  0  1  1  
191  28  0  1  1  
192  29  0  1  1  
193  30  0  1  1  
194  31  0  1  1  
195  32  0  1  1  
196  33  0  1  1  
197  34  0  1  1  
198  35  0  1  1  
199  36  0  1  1  
200  37  0  1  1  
201  38  0  1  1  
202  39  0  1  1  
203  40  0  1  1  
204  41  0  1  1  
205  42  0  1  1  
206  43  0  1  1  
207  44  0  1  1  
208  45  0  1  1  
209  46  0  1  1  
210  47  0  1  1  
211  48  0  1  1  
212  49  0  1  1  
213  50  0  1  1  
214  51  0  1  1  
215  52  0  1  1  
216  53  0  1  1  
217  54  0  1  1  
218  55  0  1  1  
219  56  0  1  1  
220  57  0  1  1  
221  58  0  1  1  
222  59  0  1  1  
223  60  0  1  1  
224  61  0  1  1  
225  62  0  1  1  
226  63  0  1  1  
227  64  0  1  1  
228  65  0  1  1  
229  66  0  1  1  
230  67  0  1  1  
231  68  0  1  1  
232  69  0  1  1  
233  70  0  1  1  
234  71  0  1  1  
235  72  0  1  1  
236  73  0  1  1  
237  74  0  1  1  
238  75  0  1  1  
239  76  0  1  1  
240  77  0  1  1  
241  78  0  1  1  
242  79  0  1  1  
243  80  0  1  1  
