0 0 0 0 INCONST
1 1 8 0 INCONST
2 2 16 0 INCONST
3 3 24 0 INCONST
4 4 255 0 INCONST
5 5 0 0 INVAR
6 6 0 0 INVAR
7 7 0 0 INVAR
8 8 0 0 INVAR
9 9 0 0 INVAR
10 10 0 0 INVAR
11 11 0 0 INVAR
12 12 0 0 INVAR
13 13 0 0 INVAR
14 14 0 0 INVAR
15 15 0 0 INVAR
16 16 0 0 INVAR
17 17 0 0 INVAR
18 18 0 0 INVAR
19 19 0 0 INVAR
20 20 0 0 INVAR
21 21 0 0 INVAR
22 22 0 0 INVAR
23 23 0 0 INVAR
24 24 0 0 INVAR
25 25 0 0 INVAR
26 26 0 0 INVAR
27 27 0 0 INVAR
28 28 0 0 INVAR
29 29 0 0 INVAR
30 30 0 0 INVAR
31 31 0 0 INVAR
32 32 0 0 INVAR
33 33 0 0 INVAR
34 34 0 0 INVAR
35 35 0 0 INVAR
36 36 0 0 INVAR
37 37 0 0 INVAR
38 38 0 0 INVAR
39 39 0 0 INVAR
40 40 0 0 INVAR
41 41 -1 0 INVAR
42 42 0 0 INVAR
43 43 1 0 INVAR
44 44 -2 0 INVAR
45 45 0 0 INVAR
46 46 2 0 INVAR
47 47 -1 0 INVAR
48 48 0 0 INVAR
49 49 1 0 INVAR
50 50 1 0 INVAR
51 51 2 0 INVAR
52 52 1 0 INVAR
53 53 0 0 INVAR
54 54 0 0 INVAR
55 55 0 0 INVAR
56 56 -1 0 INVAR
57 57 -2 0 INVAR
58 58 -1 0 INVAR
59 0 0 1 OUTVAR
60 1 0 1 OUTVAR
61 2 0 1 OUTVAR
62 3 0 1 OUTVAR
63 4 -1 1 OUTVAR
64 5 0 1 OUTVAR
65 6 0 1 OUTVAR
66 7 -1 1 OUTVAR
67 8 0 1 OUTVAR
68 9 0 1 OUTVAR
69 10 -1 1 OUTVAR
70 11 0 1 OUTVAR
71 12 0 1 OUTVAR
72 13 -1 1 OUTVAR
73 14 0 1 OUTVAR
74 15 0 1 OUTVAR
75 16 -1 1 OUTVAR
76 17 0 1 OUTVAR
77 18 0 1 OUTVAR
78 19 -1 1 OUTVAR
79 20 0 1 OUTVAR
80 21 0 1 OUTVAR
81 22 -1 1 OUTVAR
82 23 0 1 OUTVAR
83 24 0 1 OUTVAR
84 25 -1 1 OUTVAR
85 26 0 1 OUTVAR
86 27 0 1 OUTVAR
87 28 -1 1 OUTVAR
88 29 0 1 OUTVAR
89 30 0 1 OUTVAR
90 31 -1 1 OUTVAR
91 32 0 1 OUTVAR
92 33 0 1 OUTVAR
93 34 0 1 OUTVAR
94 35 0 1 OUTVAR
95 -1 0 -1 IM
96 -1 0 -1 IM
97 -1 255 -1 IM
98 -1 0 -1 IM
99 -1 0 -1 IM
100 -1 255 -1 IM
101 -1 0 -1 IM
102 -1 0 -1 IM
103 -1 255 -1 IM
104 -1 0 -1 IM
105 -1 0 -1 IM
106 -1 255 -1 IM
107 -1 0 -1 IM
108 -1 0 -1 IM
109 -1 0 -1 IM
110 -1 0 -1 IM
111 -1 0 -1 IM
112 -1 0 -1 IM
113 -1 0 -1 IM
114 -1 0 -1 IM
115 -1 0 -1 IM
116 -1 0 -1 IM
117 -1 0 -1 IM
118 -1 0 -1 IM
119 -1 0 -1 IM
120 -1 0 -1 IM
121 -1 0 -1 IM
122 -1 0 -1 IM
123 -1 0 -1 IM
124 -1 0 -1 IM
125 -1 0 -1 IM
126 -1 0 -1 IM
127 -1 0 -1 IM
128 -1 0 -1 IM
129 -1 0 -1 IM
130 -1 0 -1 IM
131 -1 0 -1 IM
132 -1 0 -1 IM
133 -1 0 -1 IM
134 -1 0 -1 IM
135 -1 0 -1 IM
136 -1 0 -1 IM
137 -1 0 -1 IM
138 -1 0 -1 IM
139 -1 0 -1 IM
140 -1 0 -1 IM
141 -1 0 -1 IM
142 -1 0 -1 IM
143 -1 0 -1 IM
144 -1 0 -1 IM
145 -1 0 -1 IM
146 -1 0 -1 IM
147 -1 0 -1 IM
148 -1 0 -1 IM
149 -1 0 -1 IM
150 -1 0 -1 IM
151 -1 0 -1 IM
152 -1 0 -1 IM
153 -1 0 -1 IM
154 -1 0 -1 IM
155 -1 0 -1 IM
156 -1 0 -1 IM
157 -1 0 -1 IM
158 -1 0 -1 IM
159 -1 0 -1 IM
160 -1 0 -1 IM
161 -1 0 -1 IM
162 -1 0 -1 IM
163 -1 0 -1 IM
164 -1 0 -1 IM
165 -1 0 -1 IM
166 -1 0 -1 IM
167 -1 0 -1 IM
168 -1 0 -1 IM
169 -1 0 -1 IM
170 -1 0 -1 IM
171 -1 0 -1 IM
172 -1 0 -1 IM
173 -1 0 -1 IM
174 -1 0 -1 IM
175 -1 0 -1 IM
176 -1 0 -1 IM
177 -1 0 -1 IM
178 -1 0 -1 IM
179 -1 0 -1 IM
180 -1 0 -1 IM
181 -1 0 -1 IM
182 -1 0 -1 IM
183 -1 0 -1 IM
184 -1 0 -1 IM
185 -1 0 -1 IM
186 -1 0 -1 IM
187 -1 0 -1 IM
188 -1 0 -1 IM
189 -1 0 -1 IM
190 -1 0 -1 IM
191 -1 0 -1 IM
192 -1 0 -1 IM
193 -1 0 -1 IM
194 -1 0 -1 IM
195 -1 0 -1 IM
196 -1 0 -1 IM
197 -1 0 -1 IM
198 -1 0 -1 IM
199 -1 0 -1 IM
200 -1 0 -1 IM
201 -1 0 -1 IM
202 -1 0 -1 IM
203 -1 0 -1 IM
204 -1 0 -1 IM
205 -1 0 -1 IM
206 -1 0 -1 IM
207 -1 0 -1 IM
208 -1 0 -1 IM
209 -1 0 -1 IM
210 -1 0 -1 IM
211 -1 255 -1 IM
212 -1 0 -1 IM
213 -1 0 -1 IM
214 -1 0 -1 IM
215 -1 0 -1 IM
216 -1 255 -1 IM
217 -1 0 -1 IM
218 -1 0 -1 IM
219 -1 0 -1 IM
220 -1 0 -1 IM
221 -1 255 -1 IM
222 -1 0 -1 IM
223 -1 0 -1 IM
224 -1 0 -1 IM
225 -1 0 -1 IM
226 -1 255 -1 IM
227 -1 65535 -1 IM
228 -1 16777215 -1 IM
229 -1 0 -1 IM
230 -1 0 -1 IM
231 -1 255 -1 IM
232 -1 0 -1 IM
233 -1 0 -1 IM
234 -1 255 -1 IM
235 -1 0 -1 IM
236 -1 0 -1 IM
237 -1 255 -1 IM
238 -1 0 -1 IM
239 -1 0 -1 IM
240 -1 255 -1 IM
241 -1 0 -1 IM
242 -1 0 -1 IM
243 -1 0 -1 IM
244 -1 0 -1 IM
245 -1 0 -1 IM
246 -1 0 -1 IM
247 -1 0 -1 IM
248 -1 0 -1 IM
249 -1 0 -1 IM
250 -1 0 -1 IM
251 -1 0 -1 IM
252 -1 0 -1 IM
253 -1 0 -1 IM
254 -1 0 -1 IM
255 -1 0 -1 IM
256 -1 0 -1 IM
257 -1 0 -1 IM
258 -1 0 -1 IM
259 -1 0 -1 IM
260 -1 0 -1 IM
261 -1 0 -1 IM
262 -1 0 -1 IM
263 -1 0 -1 IM
264 -1 0 -1 IM
265 -1 0 -1 IM
266 -1 0 -1 IM
267 -1 0 -1 IM
268 -1 0 -1 IM
269 -1 0 -1 IM
270 -1 0 -1 IM
271 -1 0 -1 IM
272 -1 0 -1 IM
273 -1 0 -1 IM
274 -1 0 -1 IM
275 -1 0 -1 IM
276 -1 0 -1 IM
277 -1 0 -1 IM
278 -1 0 -1 IM
279 -1 0 -1 IM
280 -1 0 -1 IM
281 -1 0 -1 IM
282 -1 0 -1 IM
283 -1 0 -1 IM
284 -1 0 -1 IM
285 -1 0 -1 IM
286 -1 0 -1 IM
287 -1 0 -1 IM
288 -1 0 -1 IM
289 -1 0 -1 IM
290 -1 0 -1 IM
291 -1 0 -1 IM
292 -1 0 -1 IM
293 -1 0 -1 IM
294 -1 0 -1 IM
295 -1 0 -1 IM
296 -1 0 -1 IM
297 -1 0 -1 IM
298 -1 0 -1 IM
299 -1 0 -1 IM
300 -1 0 -1 IM
301 -1 0 -1 IM
302 -1 0 -1 IM
303 -1 0 -1 IM
304 -1 0 -1 IM
305 -1 0 -1 IM
306 -1 0 -1 IM
307 -1 0 -1 IM
308 -1 0 -1 IM
309 -1 0 -1 IM
310 -1 0 -1 IM
311 -1 0 -1 IM
312 -1 0 -1 IM
313 -1 0 -1 IM
314 -1 0 -1 IM
315 -1 0 -1 IM
316 -1 0 -1 IM
317 -1 0 -1 IM
318 -1 0 -1 IM
319 -1 0 -1 IM
320 -1 0 -1 IM
321 -1 0 -1 IM
322 -1 0 -1 IM
323 -1 0 -1 IM
324 -1 0 -1 IM
325 -1 0 -1 IM
326 -1 0 -1 IM
327 -1 0 -1 IM
328 -1 0 -1 IM
329 -1 0 -1 IM
330 -1 0 -1 IM
331 -1 0 -1 IM
332 -1 0 -1 IM
333 -1 0 -1 IM
334 -1 0 -1 IM
335 -1 0 -1 IM
336 -1 0 -1 IM
337 -1 0 -1 IM
338 -1 0 -1 IM
339 -1 0 -1 IM
340 -1 0 -1 IM
341 -1 0 -1 IM
342 -1 0 -1 IM
343 -1 0 -1 IM
344 -1 0 -1 IM
345 -1 255 -1 IM
346 -1 0 -1 IM
347 -1 0 -1 IM
348 -1 0 -1 IM
349 -1 0 -1 IM
350 -1 255 -1 IM
351 -1 0 -1 IM
352 -1 0 -1 IM
353 -1 0 -1 IM
354 -1 0 -1 IM
355 -1 255 -1 IM
356 -1 0 -1 IM
357 -1 0 -1 IM
358 -1 0 -1 IM
359 -1 0 -1 IM
360 -1 255 -1 IM
361 -1 65535 -1 IM
362 -1 16777215 -1 IM
363 -1 0 -1 IM
364 -1 0 -1 IM
365 -1 255 -1 IM
366 -1 0 -1 IM
367 -1 0 -1 IM
368 -1 255 -1 IM
369 -1 0 -1 IM
370 -1 0 -1 IM
371 -1 255 -1 IM
372 -1 0 -1 IM
373 -1 0 -1 IM
374 -1 255 -1 IM
375 -1 0 -1 IM
376 -1 0 -1 IM
377 -1 0 -1 IM
378 -1 0 -1 IM
379 -1 0 -1 IM
380 -1 0 -1 IM
381 -1 0 -1 IM
382 -1 0 -1 IM
383 -1 0 -1 IM
384 -1 0 -1 IM
385 -1 0 -1 IM
386 -1 0 -1 IM
387 -1 0 -1 IM
388 -1 0 -1 IM
389 -1 0 -1 IM
390 -1 0 -1 IM
391 -1 0 -1 IM
392 -1 0 -1 IM
393 -1 0 -1 IM
394 -1 0 -1 IM
395 -1 0 -1 IM
396 -1 0 -1 IM
397 -1 0 -1 IM
398 -1 0 -1 IM
399 -1 0 -1 IM
400 -1 0 -1 IM
401 -1 0 -1 IM
402 -1 0 -1 IM
403 -1 0 -1 IM
404 -1 0 -1 IM
405 -1 0 -1 IM
406 -1 0 -1 IM
407 -1 0 -1 IM
408 -1 0 -1 IM
409 -1 0 -1 IM
410 -1 0 -1 IM
411 -1 0 -1 IM
412 -1 0 -1 IM
413 -1 0 -1 IM
414 -1 0 -1 IM
415 -1 0 -1 IM
416 -1 0 -1 IM
417 -1 0 -1 IM
418 -1 0 -1 IM
419 -1 0 -1 IM
420 -1 0 -1 IM
421 -1 0 -1 IM
422 -1 0 -1 IM
423 -1 0 -1 IM
424 -1 0 -1 IM
425 -1 0 -1 IM
426 -1 0 -1 IM
427 -1 0 -1 IM
428 -1 0 -1 IM
429 -1 0 -1 IM
430 -1 0 -1 IM
431 -1 0 -1 IM
432 -1 0 -1 IM
433 -1 0 -1 IM
434 -1 0 -1 IM
435 -1 0 -1 IM
436 -1 0 -1 IM
437 -1 0 -1 IM
438 -1 0 -1 IM
439 -1 0 -1 IM
440 -1 0 -1 IM
441 -1 0 -1 IM
442 -1 0 -1 IM
443 -1 0 -1 IM
444 -1 0 -1 IM
445 -1 0 -1 IM
446 -1 0 -1 IM
447 -1 0 -1 IM
448 -1 0 -1 IM
449 -1 0 -1 IM
450 -1 0 -1 IM
451 -1 0 -1 IM
452 -1 0 -1 IM
453 -1 0 -1 IM
454 -1 0 -1 IM
455 -1 0 -1 IM
456 -1 0 -1 IM
457 -1 0 -1 IM
458 -1 0 -1 IM
459 -1 0 -1 IM
460 -1 0 -1 IM
461 -1 0 -1 IM
462 -1 0 -1 IM
463 -1 0 -1 IM
464 -1 0 -1 IM
465 -1 0 -1 IM
466 -1 0 -1 IM
467 -1 0 -1 IM
468 -1 0 -1 IM
469 -1 0 -1 IM
470 -1 0 -1 IM
471 -1 0 -1 IM
472 -1 0 -1 IM
473 -1 0 -1 IM
474 -1 0 -1 IM
475 -1 0 -1 IM
476 -1 0 -1 IM
477 -1 0 -1 IM
478 -1 0 -1 IM
479 -1 255 -1 IM
480 -1 0 -1 IM
481 -1 0 -1 IM
482 -1 0 -1 IM
483 -1 0 -1 IM
484 -1 255 -1 IM
485 -1 0 -1 IM
486 -1 0 -1 IM
487 -1 0 -1 IM
488 -1 0 -1 IM
489 -1 255 -1 IM
490 -1 0 -1 IM
491 -1 0 -1 IM
492 -1 0 -1 IM
493 -1 0 -1 IM
494 -1 255 -1 IM
495 -1 65535 -1 IM
496 -1 16777215 -1 IM
497 -1 0 -1 IM
498 -1 0 -1 IM
499 -1 255 -1 IM
500 -1 0 -1 IM
501 -1 0 -1 IM
502 -1 255 -1 IM
503 -1 0 -1 IM
504 -1 0 -1 IM
505 -1 255 -1 IM
506 -1 0 -1 IM
507 -1 0 -1 IM
508 -1 255 -1 IM
509 -1 0 -1 IM
510 -1 0 -1 IM
511 -1 0 -1 IM
512 -1 0 -1 IM
513 -1 0 -1 IM
514 -1 0 -1 IM
515 -1 0 -1 IM
516 -1 0 -1 IM
517 -1 0 -1 IM
518 -1 0 -1 IM
519 -1 0 -1 IM
520 -1 0 -1 IM
521 -1 0 -1 IM
522 -1 0 -1 IM
523 -1 0 -1 IM
524 -1 0 -1 IM
525 -1 0 -1 IM
526 -1 0 -1 IM
527 -1 0 -1 IM
528 -1 0 -1 IM
529 -1 0 -1 IM
530 -1 0 -1 IM
531 -1 0 -1 IM
532 -1 0 -1 IM
533 -1 0 -1 IM
534 -1 0 -1 IM
535 -1 0 -1 IM
536 -1 0 -1 IM
537 -1 0 -1 IM
538 -1 0 -1 IM
539 -1 0 -1 IM
540 -1 0 -1 IM
541 -1 0 -1 IM
542 -1 0 -1 IM
543 -1 0 -1 IM
544 -1 0 -1 IM
545 -1 0 -1 IM
546 -1 0 -1 IM
547 -1 0 -1 IM
548 -1 0 -1 IM
549 -1 0 -1 IM
550 -1 0 -1 IM
551 -1 0 -1 IM
552 -1 0 -1 IM
553 -1 0 -1 IM
554 -1 0 -1 IM
555 -1 0 -1 IM
556 -1 0 -1 IM
557 -1 0 -1 IM
558 -1 0 -1 IM
559 -1 0 -1 IM
560 -1 0 -1 IM
561 -1 0 -1 IM
562 -1 0 -1 IM
563 -1 0 -1 IM
564 -1 0 -1 IM
565 -1 0 -1 IM
566 -1 0 -1 IM
567 -1 0 -1 IM
568 -1 0 -1 IM
569 -1 0 -1 IM
570 -1 0 -1 IM
571 -1 0 -1 IM
572 -1 0 -1 IM
573 -1 0 -1 IM
574 -1 0 -1 IM
575 -1 0 -1 IM
576 -1 0 -1 IM
577 -1 0 -1 IM
578 -1 0 -1 IM
579 -1 0 -1 IM
580 -1 0 -1 IM
581 -1 0 -1 IM
582 -1 0 -1 IM
583 -1 0 -1 IM
584 -1 0 -1 IM
585 -1 0 -1 IM
586 -1 0 -1 IM
587 -1 0 -1 IM
588 -1 0 -1 IM
589 -1 0 -1 IM
590 -1 0 -1 IM
591 -1 0 -1 IM
592 -1 0 -1 IM
593 -1 0 -1 IM
594 -1 0 -1 IM
595 -1 0 -1 IM
596 -1 0 -1 IM
597 -1 0 -1 IM
598 -1 0 -1 IM
599 -1 0 -1 IM
600 -1 0 -1 IM
601 -1 0 -1 IM
602 -1 0 -1 IM
603 -1 0 -1 IM
604 -1 0 -1 IM
605 -1 0 -1 IM
606 -1 0 -1 IM
607 -1 0 -1 IM
608 -1 0 -1 IM
609 -1 0 -1 IM
610 -1 0 -1 IM
611 -1 0 -1 IM
612 -1 0 -1 IM
613 -1 255 -1 IM
614 -1 0 -1 IM
615 -1 0 -1 IM
616 -1 0 -1 IM
617 -1 0 -1 IM
618 -1 255 -1 IM
619 -1 0 -1 IM
620 -1 0 -1 IM
621 -1 0 -1 IM
622 -1 0 -1 IM
623 -1 255 -1 IM
624 -1 0 -1 IM
625 -1 0 -1 IM
626 -1 0 -1 IM
627 -1 0 -1 IM
628 -1 255 -1 IM
629 -1 65535 -1 IM
630 -1 16777215 -1 IM
631 -1 0 -1 IM
632 -1 0 -1 IM
633 -1 255 -1 IM
634 -1 0 -1 IM
635 -1 0 -1 IM
636 -1 255 -1 IM
637 -1 0 -1 IM
638 -1 0 -1 IM
639 -1 255 -1 IM
640 -1 0 -1 IM
641 -1 0 -1 IM
642 -1 255 -1 IM
643 -1 0 -1 IM
644 -1 0 -1 IM
645 -1 0 -1 IM
646 -1 0 -1 IM
647 -1 0 -1 IM
648 -1 0 -1 IM
649 -1 0 -1 IM
650 -1 0 -1 IM
651 -1 0 -1 IM
652 -1 0 -1 IM
653 -1 0 -1 IM
654 -1 0 -1 IM
655 -1 0 -1 IM
656 -1 0 -1 IM
657 -1 0 -1 IM
658 -1 0 -1 IM
659 -1 0 -1 IM
660 -1 0 -1 IM
661 -1 0 -1 IM
662 -1 0 -1 IM
663 -1 0 -1 IM
664 -1 0 -1 IM
665 -1 0 -1 IM
666 -1 0 -1 IM
667 -1 0 -1 IM
668 -1 0 -1 IM
669 -1 0 -1 IM
670 -1 0 -1 IM
671 -1 0 -1 IM
672 -1 0 -1 IM
673 -1 0 -1 IM
674 -1 0 -1 IM
675 -1 0 -1 IM
676 -1 0 -1 IM
677 -1 0 -1 IM
678 -1 0 -1 IM
679 -1 0 -1 IM
680 -1 0 -1 IM
681 -1 0 -1 IM
682 -1 0 -1 IM
683 -1 0 -1 IM
684 -1 0 -1 IM
685 -1 0 -1 IM
686 -1 0 -1 IM
687 -1 0 -1 IM
688 -1 0 -1 IM
689 -1 0 -1 IM
690 -1 0 -1 IM
691 -1 0 -1 IM
692 -1 0 -1 IM
693 -1 0 -1 IM
694 -1 0 -1 IM
695 -1 0 -1 IM
696 -1 0 -1 IM
697 -1 0 -1 IM
698 -1 0 -1 IM
699 -1 0 -1 IM
700 -1 0 -1 IM
701 -1 0 -1 IM
702 -1 0 -1 IM
703 -1 0 -1 IM
704 -1 0 -1 IM
705 -1 0 -1 IM
706 -1 0 -1 IM
707 -1 0 -1 IM
708 -1 0 -1 IM
709 -1 0 -1 IM
710 -1 0 -1 IM
711 -1 0 -1 IM
712 -1 0 -1 IM
713 -1 0 -1 IM
714 -1 0 -1 IM
715 -1 0 -1 IM
716 -1 0 -1 IM
717 -1 0 -1 IM
718 -1 0 -1 IM
719 -1 0 -1 IM
720 -1 0 -1 IM
721 -1 0 -1 IM
722 -1 0 -1 IM
723 -1 0 -1 IM
724 -1 0 -1 IM
725 -1 0 -1 IM
726 -1 0 -1 IM
727 -1 0 -1 IM
728 -1 0 -1 IM
729 -1 0 -1 IM
730 -1 0 -1 IM
731 -1 0 -1 IM
732 -1 0 -1 IM
733 -1 0 -1 IM
734 -1 0 -1 IM
735 -1 0 -1 IM
736 -1 0 -1 IM
737 -1 0 -1 IM
738 -1 0 -1 IM
739 -1 0 -1 IM
740 -1 0 -1 IM
741 -1 0 -1 IM
742 -1 0 -1 IM
743 -1 0 -1 IM
744 -1 0 -1 IM
745 -1 0 -1 IM
746 -1 0 -1 IM
747 -1 255 -1 IM
748 -1 0 -1 IM
749 -1 0 -1 IM
750 -1 0 -1 IM
751 -1 0 -1 IM
752 -1 255 -1 IM
753 -1 0 -1 IM
754 -1 0 -1 IM
755 -1 0 -1 IM
756 -1 0 -1 IM
757 -1 255 -1 IM
758 -1 0 -1 IM
759 -1 0 -1 IM
760 -1 0 -1 IM
761 -1 0 -1 IM
762 -1 255 -1 IM
763 -1 65535 -1 IM
764 -1 16777215 -1 IM
765 -1 0 -1 IM
766 -1 0 -1 IM
767 -1 255 -1 IM
768 -1 0 -1 IM
769 -1 0 -1 IM
770 -1 255 -1 IM
771 -1 0 -1 IM
772 -1 0 -1 IM
773 -1 255 -1 IM
774 -1 0 -1 IM
775 -1 0 -1 IM
776 -1 255 -1 IM
777 -1 0 -1 IM
778 -1 0 -1 IM
779 -1 0 -1 IM
780 -1 0 -1 IM
781 -1 0 -1 IM
782 -1 0 -1 IM
783 -1 0 -1 IM
784 -1 0 -1 IM
785 -1 0 -1 IM
786 -1 0 -1 IM
787 -1 0 -1 IM
788 -1 0 -1 IM
789 -1 0 -1 IM
790 -1 0 -1 IM
791 -1 0 -1 IM
792 -1 0 -1 IM
793 -1 0 -1 IM
794 -1 0 -1 IM
795 -1 0 -1 IM
796 -1 0 -1 IM
797 -1 0 -1 IM
798 -1 0 -1 IM
799 -1 0 -1 IM
800 -1 0 -1 IM
801 -1 0 -1 IM
802 -1 0 -1 IM
803 -1 0 -1 IM
804 -1 0 -1 IM
805 -1 0 -1 IM
806 -1 0 -1 IM
807 -1 0 -1 IM
808 -1 0 -1 IM
809 -1 0 -1 IM
810 -1 0 -1 IM
811 -1 0 -1 IM
812 -1 0 -1 IM
813 -1 0 -1 IM
814 -1 0 -1 IM
815 -1 0 -1 IM
816 -1 0 -1 IM
817 -1 0 -1 IM
818 -1 0 -1 IM
819 -1 0 -1 IM
820 -1 0 -1 IM
821 -1 0 -1 IM
822 -1 0 -1 IM
823 -1 0 -1 IM
824 -1 0 -1 IM
825 -1 0 -1 IM
826 -1 0 -1 IM
827 -1 0 -1 IM
828 -1 0 -1 IM
829 -1 0 -1 IM
830 -1 0 -1 IM
831 -1 0 -1 IM
832 -1 0 -1 IM
833 -1 0 -1 IM
834 -1 0 -1 IM
835 -1 0 -1 IM
836 -1 0 -1 IM
837 -1 0 -1 IM
838 -1 0 -1 IM
839 -1 0 -1 IM
840 -1 0 -1 IM
841 -1 0 -1 IM
842 -1 0 -1 IM
843 -1 0 -1 IM
844 -1 0 -1 IM
845 -1 0 -1 IM
846 -1 0 -1 IM
847 -1 0 -1 IM
848 -1 0 -1 IM
849 -1 0 -1 IM
850 -1 0 -1 IM
851 -1 0 -1 IM
852 -1 0 -1 IM
853 -1 0 -1 IM
854 -1 0 -1 IM
855 -1 0 -1 IM
856 -1 0 -1 IM
857 -1 0 -1 IM
858 -1 0 -1 IM
859 -1 0 -1 IM
860 -1 0 -1 IM
861 -1 0 -1 IM
862 -1 0 -1 IM
863 -1 0 -1 IM
864 -1 0 -1 IM
865 -1 0 -1 IM
866 -1 0 -1 IM
867 -1 0 -1 IM
868 -1 0 -1 IM
869 -1 0 -1 IM
870 -1 0 -1 IM
871 -1 0 -1 IM
872 -1 0 -1 IM
873 -1 0 -1 IM
874 -1 0 -1 IM
875 -1 0 -1 IM
876 -1 0 -1 IM
877 -1 0 -1 IM
878 -1 0 -1 IM
879 -1 0 -1 IM
880 -1 0 -1 IM
881 -1 255 -1 IM
882 -1 0 -1 IM
883 -1 0 -1 IM
884 -1 0 -1 IM
885 -1 0 -1 IM
886 -1 255 -1 IM
887 -1 0 -1 IM
888 -1 0 -1 IM
889 -1 0 -1 IM
890 -1 0 -1 IM
891 -1 255 -1 IM
892 -1 0 -1 IM
893 -1 0 -1 IM
894 -1 0 -1 IM
895 -1 0 -1 IM
896 -1 255 -1 IM
897 -1 65535 -1 IM
898 -1 16777215 -1 IM
899 -1 0 -1 IM
900 -1 0 -1 IM
901 -1 255 -1 IM
902 -1 0 -1 IM
903 -1 0 -1 IM
904 -1 255 -1 IM
905 -1 0 -1 IM
906 -1 0 -1 IM
907 -1 255 -1 IM
908 -1 0 -1 IM
909 -1 0 -1 IM
910 -1 255 -1 IM
911 -1 0 -1 IM
912 -1 0 -1 IM
913 -1 0 -1 IM
914 -1 0 -1 IM
915 -1 0 -1 IM
916 -1 0 -1 IM
917 -1 0 -1 IM
918 -1 0 -1 IM
919 -1 0 -1 IM
920 -1 0 -1 IM
921 -1 0 -1 IM
922 -1 0 -1 IM
923 -1 0 -1 IM
924 -1 0 -1 IM
925 -1 0 -1 IM
926 -1 0 -1 IM
927 -1 0 -1 IM
928 -1 0 -1 IM
929 -1 0 -1 IM
930 -1 0 -1 IM
931 -1 0 -1 IM
932 -1 0 -1 IM
933 -1 0 -1 IM
934 -1 0 -1 IM
935 -1 0 -1 IM
936 -1 0 -1 IM
937 -1 0 -1 IM
938 -1 0 -1 IM
939 -1 0 -1 IM
940 -1 0 -1 IM
941 -1 0 -1 IM
942 -1 0 -1 IM
943 -1 0 -1 IM
944 -1 0 -1 IM
945 -1 0 -1 IM
946 -1 0 -1 IM
947 -1 0 -1 IM
948 -1 0 -1 IM
949 -1 0 -1 IM
950 -1 0 -1 IM
951 -1 0 -1 IM
952 -1 0 -1 IM
953 -1 0 -1 IM
954 -1 0 -1 IM
955 -1 0 -1 IM
956 -1 0 -1 IM
957 -1 0 -1 IM
958 -1 0 -1 IM
959 -1 0 -1 IM
960 -1 0 -1 IM
961 -1 0 -1 IM
962 -1 0 -1 IM
963 -1 0 -1 IM
964 -1 0 -1 IM
965 -1 0 -1 IM
966 -1 0 -1 IM
967 -1 0 -1 IM
968 -1 0 -1 IM
969 -1 0 -1 IM
970 -1 0 -1 IM
971 -1 0 -1 IM
972 -1 0 -1 IM
973 -1 0 -1 IM
974 -1 0 -1 IM
975 -1 0 -1 IM
976 -1 0 -1 IM
977 -1 0 -1 IM
978 -1 0 -1 IM
979 -1 0 -1 IM
980 -1 0 -1 IM
981 -1 0 -1 IM
982 -1 0 -1 IM
983 -1 0 -1 IM
984 -1 0 -1 IM
985 -1 0 -1 IM
986 -1 0 -1 IM
987 -1 0 -1 IM
988 -1 0 -1 IM
989 -1 0 -1 IM
990 -1 0 -1 IM
991 -1 0 -1 IM
992 -1 0 -1 IM
993 -1 0 -1 IM
994 -1 0 -1 IM
995 -1 0 -1 IM
996 -1 0 -1 IM
997 -1 0 -1 IM
998 -1 0 -1 IM
999 -1 0 -1 IM
1000 -1 0 -1 IM
1001 -1 0 -1 IM
1002 -1 0 -1 IM
1003 -1 0 -1 IM
1004 -1 0 -1 IM
1005 -1 0 -1 IM
1006 -1 0 -1 IM
1007 -1 0 -1 IM
1008 -1 0 -1 IM
1009 -1 0 -1 IM
1010 -1 0 -1 IM
1011 -1 0 -1 IM
1012 -1 0 -1 IM
1013 -1 0 -1 IM
1014 -1 0 -1 IM
1015 -1 255 -1 IM
1016 -1 0 -1 IM
1017 -1 0 -1 IM
1018 -1 0 -1 IM
1019 -1 0 -1 IM
1020 -1 255 -1 IM
1021 -1 0 -1 IM
1022 -1 0 -1 IM
1023 -1 0 -1 IM
1024 -1 0 -1 IM
1025 -1 255 -1 IM
1026 -1 0 -1 IM
1027 -1 0 -1 IM
1028 -1 0 -1 IM
1029 -1 0 -1 IM
1030 -1 255 -1 IM
1031 -1 65535 -1 IM
1032 -1 16777215 -1 IM
1033 -1 0 -1 IM
1034 -1 0 -1 IM
1035 -1 255 -1 IM
1036 -1 0 -1 IM
1037 -1 0 -1 IM
1038 -1 255 -1 IM
1039 -1 0 -1 IM
1040 -1 0 -1 IM
1041 -1 255 -1 IM
1042 -1 0 -1 IM
1043 -1 0 -1 IM
1044 -1 255 -1 IM
1045 -1 0 -1 IM
1046 -1 0 -1 IM
1047 -1 0 -1 IM
1048 -1 0 -1 IM
1049 -1 0 -1 IM
1050 -1 0 -1 IM
1051 -1 0 -1 IM
1052 -1 0 -1 IM
1053 -1 0 -1 IM
1054 -1 0 -1 IM
1055 -1 0 -1 IM
1056 -1 0 -1 IM
1057 -1 0 -1 IM
1058 -1 0 -1 IM
1059 -1 0 -1 IM
1060 -1 0 -1 IM
1061 -1 0 -1 IM
1062 -1 0 -1 IM
1063 -1 0 -1 IM
1064 -1 0 -1 IM
1065 -1 0 -1 IM
1066 -1 0 -1 IM
1067 -1 0 -1 IM
1068 -1 0 -1 IM
1069 -1 0 -1 IM
1070 -1 0 -1 IM
1071 -1 0 -1 IM
1072 -1 0 -1 IM
1073 -1 0 -1 IM
1074 -1 0 -1 IM
1075 -1 0 -1 IM
1076 -1 0 -1 IM
1077 -1 0 -1 IM
1078 -1 0 -1 IM
1079 -1 0 -1 IM
1080 -1 0 -1 IM
1081 -1 0 -1 IM
1082 -1 0 -1 IM
1083 -1 0 -1 IM
1084 -1 0 -1 IM
1085 -1 0 -1 IM
1086 -1 0 -1 IM
1087 -1 0 -1 IM
1088 -1 0 -1 IM
1089 -1 0 -1 IM
1090 -1 0 -1 IM
1091 -1 0 -1 IM
1092 -1 0 -1 IM
1093 -1 0 -1 IM
1094 -1 0 -1 IM
1095 -1 0 -1 IM
1096 -1 0 -1 IM
1097 -1 0 -1 IM
1098 -1 0 -1 IM
1099 -1 0 -1 IM
1100 -1 0 -1 IM
1101 -1 0 -1 IM
1102 -1 0 -1 IM
1103 -1 0 -1 IM
1104 -1 0 -1 IM
1105 -1 0 -1 IM
1106 -1 0 -1 IM
1107 -1 0 -1 IM
1108 -1 0 -1 IM
1109 -1 0 -1 IM
1110 -1 0 -1 IM
1111 -1 0 -1 IM
1112 -1 0 -1 IM
1113 -1 0 -1 IM
1114 -1 0 -1 IM
1115 -1 0 -1 IM
1116 -1 0 -1 IM
1117 -1 0 -1 IM
1118 -1 0 -1 IM
1119 -1 0 -1 IM
1120 -1 0 -1 IM
1121 -1 0 -1 IM
1122 -1 0 -1 IM
1123 -1 0 -1 IM
1124 -1 0 -1 IM
1125 -1 0 -1 IM
1126 -1 0 -1 IM
1127 -1 0 -1 IM
1128 -1 0 -1 IM
1129 -1 0 -1 IM
1130 -1 0 -1 IM
1131 -1 0 -1 IM
1132 -1 0 -1 IM
1133 -1 0 -1 IM
1134 -1 0 -1 IM
1135 -1 0 -1 IM
1136 -1 0 -1 IM
1137 -1 0 -1 IM
1138 -1 0 -1 IM
1139 -1 0 -1 IM
1140 -1 0 -1 IM
1141 -1 0 -1 IM
1142 -1 0 -1 IM
1143 -1 0 -1 IM
1144 -1 0 -1 IM
1145 -1 0 -1 IM
1146 -1 0 -1 IM
1147 -1 0 -1 IM
1148 -1 0 -1 IM
1149 -1 255 -1 IM
1150 -1 0 -1 IM
1151 -1 0 -1 IM
1152 -1 0 -1 IM
1153 -1 0 -1 IM
1154 -1 255 -1 IM
1155 -1 0 -1 IM
1156 -1 0 -1 IM
1157 -1 0 -1 IM
1158 -1 0 -1 IM
1159 -1 255 -1 IM
1160 -1 0 -1 IM
1161 -1 0 -1 IM
1162 -1 0 -1 IM
1163 -1 0 -1 IM
1164 -1 255 -1 IM
1165 -1 65535 -1 IM
1166 -1 16777215 -1 IM
1167 -1 0 -1 IM
1168 -1 0 -1 IM
1169 -1 255 -1 IM
1170 -1 0 -1 IM
1171 -1 0 -1 IM
1172 -1 255 -1 IM
1173 -1 0 -1 IM
1174 -1 0 -1 IM
1175 -1 255 -1 IM
1176 -1 0 -1 IM
1177 -1 0 -1 IM
1178 -1 255 -1 IM
1179 -1 0 -1 IM
1180 -1 0 -1 IM
1181 -1 0 -1 IM
1182 -1 0 -1 IM
1183 -1 0 -1 IM
1184 -1 0 -1 IM
1185 -1 0 -1 IM
1186 -1 0 -1 IM
1187 -1 0 -1 IM
1188 -1 0 -1 IM
1189 -1 0 -1 IM
1190 -1 0 -1 IM
1191 -1 0 -1 IM
1192 -1 0 -1 IM
1193 -1 0 -1 IM
1194 -1 0 -1 IM
1195 -1 0 -1 IM
1196 -1 0 -1 IM
1197 -1 0 -1 IM
1198 -1 0 -1 IM
1199 -1 0 -1 IM
1200 -1 0 -1 IM
1201 -1 0 -1 IM
1202 -1 0 -1 IM
1203 -1 0 -1 IM
1204 -1 0 -1 IM
1205 -1 0 -1 IM
1206 -1 0 -1 IM
1207 -1 0 -1 IM
1208 -1 0 -1 IM
1209 -1 0 -1 IM
1210 -1 0 -1 IM
1211 -1 0 -1 IM
1212 -1 0 -1 IM
1213 -1 0 -1 IM
1214 -1 0 -1 IM
1215 -1 0 -1 IM
1216 -1 0 -1 IM
1217 -1 0 -1 IM
1218 -1 0 -1 IM
1219 -1 0 -1 IM
1220 -1 0 -1 IM
1221 -1 0 -1 IM
1222 -1 0 -1 IM
1223 -1 0 -1 IM
1224 -1 0 -1 IM
1225 -1 0 -1 IM
1226 -1 0 -1 IM
1227 -1 0 -1 IM
1228 -1 0 -1 IM
1229 -1 0 -1 IM
1230 -1 0 -1 IM
1231 -1 0 -1 IM
1232 -1 0 -1 IM
1233 -1 0 -1 IM
1234 -1 0 -1 IM
1235 -1 0 -1 IM
1236 -1 0 -1 IM
1237 -1 0 -1 IM
1238 -1 0 -1 IM
1239 -1 0 -1 IM
1240 -1 0 -1 IM
1241 -1 0 -1 IM
1242 -1 0 -1 IM
1243 -1 0 -1 IM
1244 -1 0 -1 IM
1245 -1 0 -1 IM
1246 -1 0 -1 IM
1247 -1 0 -1 IM
1248 -1 0 -1 IM
1249 -1 0 -1 IM
1250 -1 0 -1 IM
1251 -1 0 -1 IM
1252 -1 0 -1 IM
1253 -1 0 -1 IM
1254 -1 0 -1 IM
1255 -1 0 -1 IM
1256 -1 0 -1 IM
1257 -1 0 -1 IM
1258 -1 0 -1 IM
1259 -1 0 -1 IM
1260 -1 0 -1 IM
1261 -1 0 -1 IM
1262 -1 0 -1 IM
1263 -1 0 -1 IM
1264 -1 0 -1 IM
1265 -1 0 -1 IM
1266 -1 0 -1 IM
1267 -1 0 -1 IM
1268 -1 0 -1 IM
1269 -1 0 -1 IM
1270 -1 0 -1 IM
1271 -1 0 -1 IM
1272 -1 0 -1 IM
1273 -1 0 -1 IM
1274 -1 0 -1 IM
1275 -1 0 -1 IM
1276 -1 0 -1 IM
1277 -1 0 -1 IM
1278 -1 0 -1 IM
1279 -1 0 -1 IM
1280 -1 0 -1 IM
1281 -1 0 -1 IM
1282 -1 0 -1 IM
1283 -1 255 -1 IM
1284 -1 0 -1 IM
1285 -1 0 -1 IM
1286 -1 0 -1 IM
1287 -1 0 -1 IM
1288 -1 255 -1 IM
1289 -1 0 -1 IM
1290 -1 0 -1 IM
1291 -1 0 -1 IM
1292 -1 0 -1 IM
1293 -1 255 -1 IM
1294 -1 0 -1 IM
1295 -1 0 -1 IM
1296 -1 0 -1 IM
1297 -1 0 -1 IM
1298 -1 255 -1 IM
1299 -1 65535 -1 IM
1300 -1 16777215 -1 IM
1301 -1 0 -1 IM
1302 -1 0 -1 IM
1303 -1 255 -1 IM
1304 -1 0 -1 IM
1305 -1 0 -1 IM
1306 -1 255 -1 IM
1307 -1 0 -1 IM
1308 -1 0 -1 IM
1309 -1 255 -1 IM
1310 -1 0 -1 IM
1311 -1 0 -1 IM
1312 -1 255 -1 IM
1313 -1 0 -1 IM
1314 -1 0 -1 IM
1315 -1 0 -1 IM
1316 -1 0 -1 IM
1317 -1 0 -1 IM
1318 -1 0 -1 IM
1319 -1 0 -1 IM
1320 -1 0 -1 IM
1321 -1 0 -1 IM
1322 -1 0 -1 IM
1323 -1 0 -1 IM
1324 -1 0 -1 IM
1325 -1 0 -1 IM
1326 -1 0 -1 IM
1327 -1 0 -1 IM
1328 -1 0 -1 IM
1329 -1 0 -1 IM
1330 -1 0 -1 IM
1331 -1 0 -1 IM
1332 -1 0 -1 IM
1333 -1 0 -1 IM
1334 -1 0 -1 IM
1335 -1 0 -1 IM
1336 -1 0 -1 IM
1337 -1 0 -1 IM
1338 -1 0 -1 IM
1339 -1 0 -1 IM
1340 -1 0 -1 IM
1341 -1 0 -1 IM
1342 -1 0 -1 IM
1343 -1 0 -1 IM
1344 -1 0 -1 IM
1345 -1 0 -1 IM
1346 -1 0 -1 IM
1347 -1 0 -1 IM
1348 -1 0 -1 IM
1349 -1 0 -1 IM
1350 -1 0 -1 IM
1351 -1 0 -1 IM
1352 -1 0 -1 IM
1353 -1 0 -1 IM
1354 -1 0 -1 IM
1355 -1 0 -1 IM
1356 -1 0 -1 IM
1357 -1 0 -1 IM
1358 -1 0 -1 IM
1359 -1 0 -1 IM
1360 -1 0 -1 IM
1361 -1 0 -1 IM
1362 -1 0 -1 IM
1363 -1 0 -1 IM
1364 -1 0 -1 IM
1365 -1 0 -1 IM
1366 -1 0 -1 IM
1367 -1 0 -1 IM
1368 -1 0 -1 IM
1369 -1 0 -1 IM
1370 -1 0 -1 IM
1371 -1 0 -1 IM
1372 -1 0 -1 IM
1373 -1 0 -1 IM
1374 -1 0 -1 IM
1375 -1 0 -1 IM
1376 -1 0 -1 IM
1377 -1 0 -1 IM
1378 -1 0 -1 IM
1379 -1 0 -1 IM
1380 -1 0 -1 IM
1381 -1 0 -1 IM
1382 -1 0 -1 IM
1383 -1 0 -1 IM
1384 -1 0 -1 IM
1385 -1 0 -1 IM
1386 -1 0 -1 IM
1387 -1 0 -1 IM
1388 -1 0 -1 IM
1389 -1 0 -1 IM
1390 -1 0 -1 IM
1391 -1 0 -1 IM
1392 -1 0 -1 IM
1393 -1 0 -1 IM
1394 -1 0 -1 IM
1395 -1 0 -1 IM
1396 -1 0 -1 IM
1397 -1 0 -1 IM
1398 -1 0 -1 IM
1399 -1 0 -1 IM
1400 -1 0 -1 IM
1401 -1 0 -1 IM
1402 -1 0 -1 IM
1403 -1 0 -1 IM
1404 -1 0 -1 IM
1405 -1 0 -1 IM
1406 -1 0 -1 IM
1407 -1 0 -1 IM
1408 -1 0 -1 IM
1409 -1 0 -1 IM
1410 -1 0 -1 IM
1411 -1 0 -1 IM
1412 -1 0 -1 IM
1413 -1 0 -1 IM
1414 -1 0 -1 IM
1415 -1 0 -1 IM
1416 -1 0 -1 IM
1417 -1 255 -1 IM
1418 -1 0 -1 IM
1419 -1 0 -1 IM
1420 -1 0 -1 IM
1421 -1 0 -1 IM
1422 -1 255 -1 IM
1423 -1 0 -1 IM
1424 -1 0 -1 IM
1425 -1 0 -1 IM
1426 -1 0 -1 IM
1427 -1 255 -1 IM
1428 -1 0 -1 IM
1429 -1 0 -1 IM
1430 -1 0 -1 IM
1431 -1 0 -1 IM
1432 -1 255 -1 IM
1433 -1 65535 -1 IM
1434 -1 16777215 -1 IM
