0 0 -1 
1 3 0 
2 6 0 
3 7 0 
4 5 0 
5 3 0 
6 5 0 
7 6 0 
8 2 0 
9 9 0 
10 1 0 
11 2 0 
12 7 0 
13 0 0 
14 9 0 
15 3 0 
16 6 0 
17 0 0 
18 6 0 
19 2 0 
20 6 0 
21 1 0 
22 8 0 
23 7 0 
24 9 0 
25 2 0 
26 0 0 
27 2 0 
28 3 0 
29 7 0 
30 5 0 
31 9 0 
32 2 0 
33 2 0 
34 8 0 
35 9 0 
36 7 0 
37 3 0 
38 6 0 
39 1 0 
40 2 0 
41 9 0 
42 3 0 
43 1 0 
44 9 0 
45 4 0 
46 7 0 
47 8 0 
48 4 0 
49 5 0 
50 0 0 
51 3 0 
52 6 0 
53 1 0 
54 0 0 
55 6 0 
56 3 0 
57 2 0 
58 0 0 
59 6 0 
60 1 0 
61 5 0 
62 5 0 
63 4 0 
64 7 0 
65 6 0 
66 5 0 
67 6 0 
68 9 0 
69 3 0 
70 7 0 
71 4 0 
72 5 0 
73 2 0 
74 127 13 
75 149 7 
76 87 1 
77 148 6 
78 152 0 
79 80 34 
80 125 27 
81 132 5 
82 74 25 
83 145 14 
84 127 25 
85 74 27 
86 98 10 
87 155 2 
88 77 6 
89 125 27 
90 137 18 
91 74 0 
92 156 1 
93 208 23 
94 102 21 
95 166 34 
96 195 30 
97 120 31 
98 101 26 
99 103 12 
100 59 28 
101 102 26 
102 102 29 
103 71 23 
104 176 7 
105 206 30 
106 98 22 
107 158 28 
108 231 35 
109 125 31 
110 9 0 
111 11 24 
112 6 1 
113 17 25 
114 35 5 
115 52 31 
116 30 6 
117 82 1 
118 15 30 
119 97 7 
120 30 0 
121 18 6 
122 20 6 
123 54 2 
124 74 7 
125 0 11 
126 74 6 
127 15 7 
128 89 7 
129 15 31 
130 104 6 
131 45 0 
132 3 7 
133 5 7 
134 24 3 
135 29 8 
136 21 35 
137 50 9 
138 10 8 
139 60 15 
140 12 30 
141 72 14 
142 15 0 
143 6 8 
144 8 8 
145 42 4 
146 50 9 
147 42 11 
148 92 9 
149 0 9 
150 92 8 
151 21 24 
152 113 8 
153 35 0 
154 27 9 
155 29 9 
156 48 10 
157 77 9 
158 7 5 
159 84 4 
160 30 12 
161 114 17 
162 18 25 
163 132 17 
164 20 5 
165 9 12 
166 11 12 
167 24 33 
168 35 18 
169 0 35 
170 35 24 
171 5 13 
172 40 30 
173 15 32 
174 55 33 
175 25 30 
176 18 20 
177 20 27 
178 2 2 
179 22 26 
180 45 10 
181 67 32 
182 6 17 
183 73 32 
184 10 30 
185 83 33 
186 42 34 
187 36 18 
188 38 18 
189 18 3 
190 56 24 
191 0 17 
192 56 18 
193 3 23 
194 59 24 
195 10 31 
196 69 29 
197 63 0 
198 6 13 
199 8 13 
200 8 4 
201 16 14 
202 27 22 
203 43 14 
204 2 14 
205 45 13 
206 8 29 
207 53 19 
208 21 4 
209 12 14 
210 14 14 
211 14 34 
212 28 8 
213 54 23 
214 82 9 
215 0 15 
216 82 8 
217 14 24 
218 96 14 
219 49 1 
220 54 15 
221 56 21 
222 16 10 
223 72 20 
224 9 35 
225 81 29 
226 6 16 
227 87 17 
228 12 25 
229 99 19 
230 28 35 
231 18 19 
232 20 23 
233 8 26 
234 28 20 
235 0 29 
236 28 23 
237 1 20 
238 29 19 
239 10 32 
240 39 26 
241 35 34 
242 0 14 
243 2 16 
244 9 1 
245 11 15 
246 15 5 
247 26 4 
248 36 22 
249 62 34 
250 0 18 
251 62 22 
252 36 11 
253 0 6 
254 2 11 
255 81 33 
256 83 3 
257 0 11 
258 83 3 
259 18 24 
260 101 33 
261 0 31 
262 101 3 
263 54 0 
264 0 7 
265 2 13 
266 36 31 
267 38 19 
268 9 16 
269 47 13 
270 12 25 
271 59 19 
272 0 29 
273 59 18 
274 18 0 
275 0 13 
276 2 12 
277 63 28 
278 65 22 
279 18 17 
280 83 28 
281 0 21 
282 83 28 
283 0 24 
284 83 22 
285 42 2 
286 0 8 
287 2 9 
288 72 34 
289 74 4 
290 3 22 
291 77 16 
292 36 18 
293 113 22 
294 0 25 
295 113 29 
296 24 17 
297 0 20 
298 2 20 
299 36 27 
300 38 14 
301 0 23 
302 38 15 
303 6 19 
304 44 14 
305 0 29 
306 44 15 
307 30 30 
308 6 19 
309 8 25 
310 6 1 
311 14 31 
312 5 10 
313 19 20 
314 48 28 
315 67 27 
316 35 30 
317 102 20 
318 54 6 
319 12 10 
320 14 10 
321 54 3 
322 68 4 
323 0 9 
324 68 10 
325 24 29 
326 92 11 
327 35 25 
328 127 11 
329 81 18 
330 2 15 
331 4 15 
332 24 4 
333 28 16 
334 3 16 
335 31 15 
336 16 26 
337 47 20 
338 28 35 
339 75 21 
340 27 34 
341 4 16 
342 6 16 
343 42 27 
344 48 21 
345 6 15 
346 54 21 
347 0 27 
348 54 27 
349 49 23 
350 103 28 
351 63 33 
352 18 21 
353 20 22 
354 48 28 
355 68 28 
356 1 5 
357 69 29 
358 48 18 
359 117 18 
360 42 24 
361 159 24 
362 36 5 
363 6 12 
364 8 17 
365 24 21 
366 32 15 
367 0 35 
368 32 34 
369 8 32 
370 40 33 
371 35 31 
372 75 32 
373 45 35 
374 6 1 
375 8 31 
376 0 2 
377 8 32 
378 10 28 
379 18 27 
380 18 6 
381 36 21 
382 35 30 
383 71 20 
384 30 12 
385 12 1 
386 14 1 
387 0 33 
388 14 3 
389 0 11 
390 14 5 
391 9 7 
392 23 11 
393 35 31 
394 58 5 
395 45 18 
396 2 2 
397 4 2 
398 0 3 
399 4 3 
400 6 34 
401 10 33 
402 6 8 
403 16 32 
404 28 35 
405 44 35 
406 15 22 
407 4 2 
408 6 3 
409 0 34 
410 6 4 
411 12 17 
412 18 5 
413 0 14 
414 18 4 
415 49 24 
416 67 25 
417 35 1 
418 18 3 
419 20 4 
420 0 4 
421 20 34 
422 2 22 
423 22 22 
424 18 9 
425 40 21 
426 42 25 
427 82 25 
428 20 23 
429 6 32 
430 8 32 
431 0 26 
432 8 26 
433 0 23 
434 8 20 
435 3 12 
436 11 13 
437 35 29 
438 46 12 
439 25 29 
440 27 19 
441 29 19 
442 2 1 
443 31 13 
444 10 5 
445 41 12 
446 48 16 
447 89 16 
448 45 30 
449 134 10 
450 42 1 
451 54 6 
452 56 6 
453 18 2 
454 74 0 
455 0 10 
456 74 0 
457 24 21 
458 98 0 
459 45 26 
460 143 24 
461 63 2 
462 9 7 
463 11 7 
464 8 32 
465 19 2 
466 6 17 
467 25 3 
468 16 19 
469 41 2 
470 36 27 
471 77 26 
472 21 23 
473 18 13 
474 20 19 
475 14 33 
476 34 32 
477 12 11 
478 46 33 
479 0 20 
480 46 21 
481 63 23 
482 109 16 
483 49 31 
484 81 8 
485 83 8 
486 16 27 
487 99 9 
488 2 11 
489 101 10 
490 48 15 
491 149 10 
492 54 26 
493 203 35 
494 28 12 
495 27 12 
496 29 17 
497 8 26 
498 37 16 
499 0 5 
500 37 17 
501 8 13 
502 45 11 
503 45 33 
504 90 35 
505 35 30 
