0 0 -1 
1 1 -1 
2 0 -1 
3 0 0 
4 0 0 
5 0 0 
6 0 0 
7 0 0 
8 0 0 
9 0 0 
10 0 0 
11 0 0 
12 0 0 
13 0 0 
14 0 0 
15 0 0 
16 0 0 
17 0 0 
18 0 0 
19 0 0 
20 0 0 
21 0 0 
22 0 0 
23 0 0 
24 0 0 
25 0 0 
26 0 0 
27 0 0 
28 0 0 
29 0 0 
30 0 0 
31 0 0 
32 0 0 
33 0 0 
34 0 0 
35 0 0 
36 0 0 
37 0 0 
38 0 0 
39 0 0 
40 0 0 
41 0 0 
42 0 0 
43 0 0 
44 0 0 
45 0 0 
46 0 0 
47 0 0 
48 0 0 
49 0 0 
50 0 0 
51 0 0 
52 3 0 
53 6 0 
54 7 0 
55 5 0 
56 3 0 
57 5 0 
58 6 0 
59 2 0 
60 9 0 
61 1 0 
62 2 0 
63 7 0 
64 0 0 
65 9 0 
66 3 0 
67 6 0 
68 0 0 
69 6 0 
70 2 0 
71 6 0 
72 1 0 
73 8 0 
74 7 0 
75 9 0 
76 2 0 
77 0 0 
78 2 0 
79 3 0 
80 7 0 
81 5 0 
82 9 0 
83 2 0 
84 2 0 
85 8 0 
86 9 0 
87 7 0 
88 3 0 
89 6 0 
90 1 0 
91 2 0 
92 9 0 
93 3 0 
94 1 0 
95 9 0 
96 4 0 
97 7 0 
98 8 0 
99 4 0 
100 5 0 
101 0 0 
102 3 0 
103 6 0 
104 1 0 
105 0 0 
106 6 0 
107 3 0 
108 2 0 
109 0 0 
110 6 0 
111 1 0 
112 5 0 
113 5 0 
114 4 0 
115 7 0 
116 6 0 
117 5 0 
118 6 0 
119 9 0 
120 3 0 
121 7 0 
122 3 0 
123 30 1 
124 76 1 
125 130 1 
126 152 0 
127 139 0 
128 132 3 
129 143 0 
130 171 0 
131 239 1 
132 230 2 
133 264 2 
134 251 0 
135 245 2 
136 359 2 
137 372 2 
138 454 0 
139 359 2 
140 409 2 
141 367 1 
142 3 0 
143 3 0 
144 3 0 
145 3 0 
146 3 0 
147 3 0 
148 3 0 
149 3 0 
150 3 0 
151 3 0 
152 3 0 
153 3 0 
154 3 0 
155 3 0 
156 3 0 
157 3 0 
158 3 0 
159 3 0 
160 3 0 
161 3 0 
162 3 0 
163 3 0 
164 3 0 
165 3 0 
166 3 0 
167 3 0 
168 3 0 
169 3 0 
170 3 0 
171 3 0 
172 3 0 
173 3 0 
174 3 0 
175 3 0 
176 3 0 
177 3 0 
178 3 0 
179 3 0 
180 3 0 
181 3 0 
182 3 0 
183 3 0 
184 3 0 
185 3 0 
186 3 0 
187 3 0 
188 3 0 
189 3 0 
190 3 0 
191 6 1 
192 30 1 
193 30 1 
194 30 1 
195 30 1 
196 30 1 
197 30 1 
198 30 1 
199 30 1 
200 30 1 
201 30 1 
202 30 1 
203 30 1 
204 30 1 
205 30 1 
206 30 1 
207 30 1 
208 30 1 
209 30 1 
210 30 1 
211 30 1 
212 30 1 
213 30 1 
214 30 1 
215 30 1 
216 30 1 
217 30 1 
218 30 1 
219 30 1 
220 30 1 
221 30 1 
222 30 1 
223 30 1 
224 30 1 
225 30 1 
226 30 1 
227 30 1 
228 30 1 
229 30 1 
230 30 1 
231 30 1 
232 30 1 
233 30 1 
234 30 1 
235 30 1 
236 30 1 
237 30 1 
238 30 1 
239 30 1 
240 7 2 
241 55 2 
242 76 2 
243 76 2 
244 76 3 
245 76 1 
246 76 1 
247 76 1 
248 76 1 
249 76 1 
250 76 1 
251 76 1 
252 76 1 
253 76 1 
254 76 1 
255 76 1 
256 76 1 
257 76 1 
258 76 1 
259 76 1 
260 76 1 
261 76 1 
262 76 1 
263 76 1 
264 76 1 
265 76 1 
266 76 1 
267 76 1 
268 76 1 
269 76 1 
270 76 1 
271 76 1 
272 76 1 
273 76 1 
274 76 1 
275 76 1 
276 76 1 
277 76 1 
278 76 1 
279 76 1 
280 76 1 
281 76 1 
282 76 1 
283 76 1 
284 76 1 
285 76 1 
286 76 1 
287 76 1 
288 76 1 
289 5 3 
290 61 3 
291 103 3 
292 130 2 
293 130 2 
294 130 3 
295 130 3 
296 130 1 
297 130 1 
298 130 1 
299 130 1 
300 130 1 
301 130 1 
302 130 1 
303 130 1 
304 130 1 
305 130 1 
306 130 1 
307 130 1 
308 130 1 
309 130 1 
310 130 1 
311 130 1 
312 130 1 
313 130 1 
314 130 1 
315 130 1 
316 130 1 
317 130 1 
318 130 1 
319 130 1 
320 130 1 
321 130 1 
322 130 1 
323 130 1 
324 130 1 
325 130 1 
326 130 1 
327 130 1 
328 130 1 
329 130 1 
330 130 1 
331 130 1 
332 130 1 
333 130 1 
334 130 1 
335 130 1 
336 130 1 
337 130 1 
338 3 0 
339 43 0 
340 92 0 
341 146 0 
342 152 0 
343 152 0 
344 152 0 
345 152 0 
346 152 0 
347 152 0 
348 152 0 
349 152 0 
350 152 0 
351 152 0 
352 152 0 
353 152 0 
354 152 0 
355 152 0 
356 152 0 
357 152 0 
358 152 0 
359 152 0 
360 152 0 
361 152 0 
362 152 0 
363 152 0 
364 152 0 
365 152 0 
366 152 0 
367 152 0 
368 152 0 
369 152 0 
370 152 0 
371 152 0 
372 152 0 
373 152 0 
374 152 0 
375 152 0 
376 152 0 
377 152 0 
378 152 0 
379 152 0 
380 152 0 
381 152 0 
382 152 0 
383 152 0 
384 152 0 
385 152 0 
386 152 0 
387 5 1 
388 29 1 
389 64 3 
390 127 3 
391 139 3 
392 139 3 
393 139 3 
394 139 3 
395 139 3 
396 139 3 
397 139 3 
398 139 3 
399 139 1 
400 139 1 
401 139 1 
402 139 1 
403 139 1 
404 139 1 
405 139 1 
406 139 1 
407 139 1 
408 139 1 
409 139 1 
410 139 1 
411 139 1 
412 139 1 
413 139 1 
414 139 1 
415 139 1 
416 139 1 
417 139 1 
418 139 1 
419 139 1 
420 139 1 
421 139 1 
422 139 1 
423 139 1 
424 139 1 
425 139 1 
426 139 1 
427 139 1 
428 139 1 
429 139 1 
430 139 1 
431 139 1 
432 139 1 
433 139 1 
434 139 1 
435 139 0 
436 6 2 
437 46 2 
438 67 2 
439 112 2 
440 126 2 
441 126 2 
442 132 2 
443 132 2 
444 132 3 
445 132 3 
446 132 3 
447 132 3 
448 132 3 
449 132 3 
450 132 3 
451 132 3 
452 132 3 
453 132 3 
454 132 3 
455 132 3 
456 132 3 
457 132 3 
458 132 3 
459 132 3 
460 132 3 
461 132 3 
462 132 3 
463 132 3 
464 132 3 
465 132 3 
466 132 3 
467 132 3 
468 132 3 
469 132 3 
470 132 3 
471 132 3 
472 132 3 
473 132 3 
474 132 3 
475 132 3 
476 132 3 
477 132 3 
478 132 3 
479 132 3 
480 132 3 
481 132 3 
482 132 3 
483 132 1 
484 132 0 
485 2 3 
486 50 3 
487 85 2 
488 112 2 
489 122 2 
490 122 2 
491 134 2 
492 143 2 
493 143 2 
494 143 2 
495 143 2 
496 143 3 
497 143 3 
498 143 3 
499 143 3 
500 143 3 
501 143 3 
502 143 3 
503 143 3 
504 143 3 
505 143 3 
506 143 3 
507 143 3 
508 143 3 
509 143 3 
510 143 3 
511 143 3 
512 143 3 
513 143 3 
514 143 3 
515 143 3 
516 143 3 
517 143 3 
518 143 3 
519 143 3 
520 143 3 
521 143 3 
522 143 3 
523 143 3 
524 143 3 
525 143 3 
526 143 3 
527 143 3 
528 143 3 
529 143 3 
530 143 3 
531 143 3 
532 143 0 
533 143 0 
534 9 0 
535 25 0 
536 67 0 
537 112 0 
538 118 0 
539 118 0 
540 132 0 
541 150 0 
542 171 0 
543 171 0 
544 171 0 
545 171 0 
546 171 0 
547 171 0 
548 171 0 
549 171 0 
550 171 0 
551 171 0 
552 171 0 
553 171 0 
554 171 0 
555 171 0 
556 171 0 
557 171 0 
558 171 0 
559 171 0 
560 171 0 
561 171 0 
562 171 0 
563 171 0 
564 171 0 
565 171 0 
566 171 0 
567 171 0 
568 171 0 
569 171 0 
570 171 0 
571 171 0 
572 171 0 
573 171 0 
574 171 0 
575 171 0 
576 171 0 
577 171 0 
578 171 0 
579 171 0 
580 171 0 
581 171 0 
582 171 0 
583 1 1 
584 73 1 
585 87 3 
586 141 3 
587 151 1 
588 151 1 
589 161 3 
590 182 3 
591 224 3 
592 239 3 
593 239 3 
594 239 3 
595 239 3 
596 239 3 
597 239 3 
598 239 3 
599 239 3 
600 239 3 
601 239 3 
602 239 3 
603 239 3 
604 239 3 
605 239 3 
606 239 3 
607 239 3 
608 239 3 
609 239 3 
610 239 3 
611 239 3 
612 239 3 
613 239 3 
614 239 3 
615 239 3 
616 239 3 
617 239 3 
618 239 3 
619 239 3 
620 239 3 
621 239 3 
622 239 3 
623 239 3 
624 239 3 
625 239 3 
626 239 3 
627 239 3 
628 239 3 
629 239 3 
630 239 3 
631 239 3 
632 2 2 
633 10 2 
634 73 2 
635 91 2 
636 103 2 
637 103 2 
638 109 2 
639 124 2 
640 173 2 
641 203 2 
642 230 2 
643 230 2 
644 230 2 
645 230 2 
646 230 2 
647 230 2 
648 230 2 
649 230 2 
650 230 2 
651 230 2 
652 230 2 
653 230 2 
654 230 2 
655 230 2 
656 230 2 
657 230 2 
658 230 2 
659 230 2 
660 230 2 
661 230 2 
662 230 2 
663 230 2 
664 230 2 
665 230 2 
666 230 2 
667 230 2 
668 230 2 
669 230 2 
670 230 2 
671 230 2 
672 230 2 
673 230 2 
674 230 2 
675 230 2 
676 230 2 
677 230 2 
678 230 2 
679 230 2 
680 230 2 
681 7 3 
682 23 3 
683 30 1 
684 111 1 
685 115 1 
686 115 3 
687 125 3 
688 134 2 
689 169 3 
690 204 3 
691 258 3 
692 264 3 
693 264 3 
694 264 3 
695 264 3 
696 264 3 
697 264 3 
698 264 3 
699 264 3 
700 264 3 
701 264 3 
702 264 3 
703 264 3 
704 264 3 
705 264 3 
706 264 3 
707 264 3 
708 264 3 
709 264 3 
710 264 3 
711 264 3 
712 264 3 
713 264 3 
714 264 3 
715 264 3 
716 264 3 
717 264 3 
718 264 3 
719 264 3 
720 264 3 
721 264 3 
722 264 3 
723 264 3 
724 264 3 
725 264 2 
726 264 2 
727 264 2 
728 264 2 
729 264 2 
730 0 0 
731 56 0 
732 70 0 
733 79 0 
734 97 0 
735 97 0 
736 109 0 
737 124 0 
738 145 0 
739 170 0 
740 233 0 
741 245 0 
742 251 0 
743 251 0 
744 251 0 
745 251 0 
746 251 0 
747 251 0 
748 251 0 
749 251 0 
750 251 0 
751 251 0 
752 251 0 
753 251 0 
754 251 0 
755 251 0 
756 251 0 
757 251 0 
758 251 0 
759 251 0 
760 251 0 
761 251 0 
762 251 0 
763 251 0 
764 251 0 
765 251 0 
766 251 0 
767 251 0 
768 251 0 
769 251 0 
770 251 0 
771 251 0 
772 251 0 
773 251 0 
774 251 0 
775 251 0 
776 251 0 
777 251 0 
778 251 0 
779 9 1 
780 9 1 
781 58 3 
782 76 3 
783 78 3 
784 78 3 
785 82 3 
786 100 2 
787 135 2 
788 150 2 
789 195 2 
790 209 2 
791 221 2 
792 245 2 
793 245 2 
794 245 2 
795 245 2 
796 245 2 
797 245 2 
798 245 2 
799 245 2 
800 245 2 
801 245 2 
802 245 2 
803 245 2 
804 245 2 
805 245 2 
806 245 2 
807 245 2 
808 245 2 
809 245 2 
810 245 2 
811 245 2 
812 245 2 
813 245 2 
814 245 2 
815 245 2 
816 245 2 
817 245 2 
818 245 2 
819 245 2 
820 245 2 
821 245 2 
822 245 2 
823 245 2 
824 245 2 
825 245 2 
826 245 2 
827 245 2 
828 3 2 
829 75 2 
830 75 2 
831 138 2 
832 142 3 
833 142 3 
834 160 3 
835 166 3 
836 208 3 
837 233 3 
838 260 2 
839 270 2 
840 284 2 
841 332 2 
842 359 2 
843 359 2 
844 359 2 
845 359 2 
846 359 2 
847 359 2 
848 359 2 
849 359 2 
850 359 2 
851 359 2 
852 359 2 
853 359 2 
854 359 2 
855 359 2 
856 359 2 
857 359 2 
858 359 2 
859 359 2 
860 359 2 
861 359 2 
862 359 2 
863 359 2 
864 359 2 
865 359 2 
866 359 2 
867 359 2 
868 359 2 
869 359 2 
870 359 2 
871 359 2 
872 359 2 
873 359 2 
874 359 2 
875 359 2 
876 359 2 
877 6 3 
878 30 2 
879 93 2 
880 93 2 
881 107 2 
882 107 2 
883 109 2 
884 136 2 
885 150 2 
886 180 2 
887 225 2 
888 231 2 
889 241 2 
890 297 2 
891 351 2 
892 372 2 
893 372 2 
894 372 2 
895 372 2 
896 372 2 
897 372 2 
898 372 2 
899 372 2 
900 372 2 
901 372 2 
902 372 2 
903 372 2 
904 372 2 
905 372 2 
906 372 2 
907 372 2 
908 372 2 
909 372 2 
910 372 2 
911 372 2 
912 372 2 
913 372 2 
914 372 2 
915 372 2 
916 372 2 
917 372 2 
918 372 2 
919 372 2 
920 372 2 
921 372 2 
922 372 2 
923 372 2 
924 372 2 
925 372 2 
926 0 0 
927 48 0 
928 69 0 
929 150 0 
930 150 0 
931 150 0 
932 154 0 
933 157 0 
934 220 0 
935 230 0 
936 284 0 
937 294 0 
938 300 0 
939 340 0 
940 403 0 
941 445 0 
942 454 0 
943 454 0 
944 454 0 
945 454 0 
946 454 0 
947 454 0 
948 454 0 
949 454 0 
950 454 0 
951 454 0 
952 454 0 
953 454 0 
954 454 0 
955 454 0 
956 454 0 
957 454 0 
958 454 0 
959 454 0 
960 454 0 
961 454 0 
962 454 0 
963 454 0 
964 454 0 
965 454 0 
966 454 0 
967 454 0 
968 454 0 
969 454 0 
970 454 0 
971 454 0 
972 454 0 
973 454 0 
974 454 0 
975 6 1 
976 6 1 
977 48 1 
978 75 1 
979 93 1 
980 93 1 
981 107 3 
982 113 3 
983 120 3 
984 165 3 
985 183 3 
986 195 3 
987 205 3 
988 229 3 
989 274 3 
990 323 3 
991 341 3 
992 359 3 
993 359 3 
994 359 3 
995 359 3 
996 359 3 
997 359 3 
998 359 3 
999 359 3 
1000 359 3 
1001 359 3 
1002 359 3 
1003 359 3 
1004 359 3 
1005 359 3 
1006 359 3 
1007 359 3 
1008 359 3 
1009 359 3 
1010 359 3 
1011 359 3 
1012 359 3 
1013 359 3 
1014 359 3 
1015 359 3 
1016 359 3 
1017 359 3 
1018 359 2 
1019 359 0 
1020 359 0 
1021 359 0 
1022 359 0 
1023 359 0 
1024 2 2 
1025 50 3 
1026 50 3 
1027 104 3 
1028 110 3 
1029 110 2 
1030 110 2 
1031 131 2 
1032 145 2 
1033 150 2 
1034 231 2 
1035 235 2 
1036 247 2 
1037 287 2 
1038 314 2 
1039 349 2 
1040 370 2 
1041 406 2 
1042 409 2 
1043 409 2 
1044 409 2 
1045 409 2 
1046 409 2 
1047 409 2 
1048 409 2 
1049 409 2 
1050 409 2 
1051 409 2 
1052 409 2 
1053 409 2 
1054 409 2 
1055 409 2 
1056 409 2 
1057 409 2 
1058 409 2 
1059 409 2 
1060 409 2 
1061 409 2 
1062 409 2 
1063 409 2 
1064 409 2 
1065 409 2 
1066 409 2 
1067 409 2 
1068 409 2 
1069 409 2 
1070 409 2 
1071 409 2 
1072 409 2 
1073 6 0 
1074 22 1 
1075 64 1 
1076 64 1 
1077 76 1 
1078 76 1 
1079 94 1 
1080 94 1 
1081 143 3 
1082 153 3 
1083 162 3 
1084 180 3 
1085 184 3 
1086 232 3 
1087 277 3 
1088 298 3 
1089 313 3 
1090 355 3 
1091 361 3 
1092 367 3 
1093 367 3 
1094 367 3 
1095 367 3 
1096 367 3 
1097 367 3 
1098 367 3 
1099 367 3 
1100 367 3 
1101 367 3 
1102 367 3 
1103 367 3 
1104 367 3 
1105 367 3 
1106 367 3 
1107 367 3 
1108 367 3 
1109 367 3 
1110 367 3 
1111 367 3 
1112 367 3 
1113 367 3 
1114 367 3 
1115 367 3 
1116 367 3 
1117 367 1 
1118 367 1 
1119 367 1 
1120 367 1 
1121 367 1 
