0 0 -1 
1 3 0 
2 6 0 
3 7 0 
4 5 0 
5 3 0 
6 5 0 
7 6 0 
8 2 0 
9 9 0 
10 1 0 
11 2 0 
12 7 0 
13 0 0 
14 9 0 
15 3 0 
16 6 0 
17 0 0 
18 6 0 
19 2 0 
20 6 0 
21 1 0 
22 8 0 
23 7 0 
24 9 0 
25 2 0 
26 0 0 
27 2 0 
28 3 0 
29 7 0 
30 5 0 
31 9 0 
32 2 0 
33 2 0 
34 8 0 
35 9 0 
36 7 0 
37 3 0 
38 6 0 
39 1 0 
40 2 0 
41 9 0 
42 3 0 
43 1 0 
44 9 0 
45 4 0 
46 7 0 
47 8 0 
48 4 0 
49 5 0 
50 0 0 
51 3 0 
52 6 0 
53 1 0 
54 0 0 
55 6 0 
56 3 0 
57 2 0 
58 0 0 
59 6 0 
60 1 0 
61 5 0 
62 5 0 
63 4 0 
64 7 0 
65 6 0 
66 5 0 
67 6 0 
68 9 0 
69 3 0 
70 7 0 
71 4 0 
72 5 0 
73 2 0 
74 5 0 
75 4 0 
76 7 0 
77 4 0 
78 4 0 
79 3 0 
80 0 0 
81 7 0 
82 8 0 
83 6 0 
84 8 0 
85 8 0 
86 4 0 
87 3 0 
88 1 0 
89 4 0 
90 9 0 
91 2 0 
92 0 0 
93 6 0 
94 8 0 
95 9 0 
96 2 0 
97 6 0 
98 6 0 
99 4 0 
100 9 0 
101 5 0 
102 0 0 
103 4 0 
104 8 0 
105 7 0 
106 1 0 
107 7 0 
108 2 0 
109 7 0 
110 2 0 
111 2 0 
112 6 0 
113 1 0 
114 0 0 
115 6 0 
116 1 0 
117 5 0 
118 9 0 
119 4 0 
120 9 0 
121 0 0 
122 9 0 
123 1 0 
124 7 0 
125 7 0 
126 1 0 
127 1 0 
128 5 0 
129 9 0 
130 7 0 
131 7 0 
132 6 0 
133 7 0 
134 3 0 
135 6 0 
136 5 0 
137 6 0 
138 3 0 
139 9 0 
140 4 0 
141 8 0 
142 1 0 
143 2 0 
144 9 0 
145 3 0 
146 9 0 
147 0 0 
148 8 0 
149 8 0 
150 5 0 
151 0 0 
152 9 0 
153 6 0 
154 3 0 
155 8 0 
156 5 0 
157 6 0 
158 1 0 
159 1 0 
160 5 0 
161 9 0 
162 8 0 
163 4 0 
164 8 0 
165 1 0 
166 0 0 
167 3 0 
168 0 0 
169 4 0 
170 4 0 
171 4 0 
172 4 0 
173 7 0 
174 6 0 
175 3 0 
176 1 0 
177 7 0 
178 5 0 
179 9 0 
180 6 0 
181 2 0 
182 1 0 
183 7 0 
184 8 0 
185 5 0 
186 7 0 
187 4 0 
188 1 0 
189 8 0 
190 5 0 
191 9 0 
192 7 0 
193 5 0 
194 3 0 
195 8 0 
196 8 0 
197 3 0 
198 1 0 
199 8 0 
200 9 0 
201 6 0 
202 4 0 
203 3 0 
204 3 0 
205 3 0 
206 8 0 
207 6 0 
208 0 0 
209 4 0 
210 8 0 
211 8 0 
212 8 0 
213 9 0 
214 7 0 
215 7 0 
216 6 0 
217 4 0 
218 3 0 
219 0 0 
220 3 0 
221 0 0 
222 9 0 
223 2 0 
224 5 0 
225 4 0 
226 0 0 
227 5 0 
228 9 0 
229 4 0 
230 6 0 
231 9 0 
232 2 0 
233 2 0 
234 4 0 
235 7 0 
236 7 0 
237 5 0 
238 4 0 
239 8 0 
240 1 0 
241 2 0 
242 8 0 
243 9 0 
244 3 0 
245 6 0 
246 8 0 
247 0 0 
248 2 0 
249 1 0 
250 0 0 
251 5 0 
252 1 0 
253 1 0 
254 0 0 
255 8 0 
256 5 0 
257 0 0 
258 6 0 
259 4 0 
260 6 0 
261 2 0 
262 5 0 
263 8 0 
264 6 0 
265 2 0 
266 8 0 
267 4 0 
268 7 0 
269 2 0 
270 4 0 
271 0 0 
272 6 0 
273 2 0 
274 9 0 
275 9 0 
276 0 0 
277 8 0 
278 1 0 
279 3 0 
280 1 0 
281 1 0 
282 0 0 
283 3 0 
284 4 0 
285 0 0 
286 3 0 
287 9 0 
288 1 0 
289 9 0 
290 6 0 
291 9 0 
292 3 0 
293 3 0 
294 8 0 
295 0 0 
296 5 0 
297 6 0 
298 6 0 
299 4 0 
300 0 0 
301 0 0 
302 4 0 
303 6 0 
304 2 0 
305 6 0 
306 7 0 
307 5 0 
308 6 0 
309 9 0 
310 8 0 
311 7 0 
312 2 0 
313 8 0 
314 2 0 
315 9 0 
316 9 0 
317 6 0 
318 0 0 
319 2 0 
320 7 0 
321 6 0 
322 1 0 
323 3 0 
324 2 0 
325 1 0 
326 5 0 
327 9 0 
328 9 0 
329 1 0 
330 4 0 
331 9 0 
332 1 0 
333 0 0 
334 7 0 
335 5 0 
336 8 0 
337 7 0 
338 0 0 
339 4 0 
340 8 0 
341 0 0 
342 4 0 
343 2 0 
344 9 0 
345 6 0 
346 1 0 
347 0 0 
348 4 0 
349 2 0 
350 2 0 
351 2 0 
352 0 0 
353 5 0 
354 5 0 
355 2 0 
356 9 0 
357 0 0 
358 2 0 
359 8 0 
360 3 0 
361 8 0 
362 0 0 
363 4 0 
364 0 0 
365 9 0 
366 1 0 
367 9 0 
368 6 0 
369 2 0 
370 5 0 
371 4 0 
372 4 0 
373 9 0 
374 9 0 
375 3 0 
376 6 0 
377 0 0 
378 5 0 
379 0 0 
380 2 0 
381 9 0 
382 4 0 
383 3 0 
384 5 0 
385 1 0 
386 7 0 
387 4 0 
388 3 0 
389 1 0 
390 4 0 
391 6 0 
392 9 0 
393 4 0 
394 2 0 
395 2 0 
396 6 0 
397 4 0 
398 1 0 
399 2 0 
400 8 0 
401 8 0 
402 9 0 
403 2 0 
404 8 0 
405 8 0 
406 8 0 
407 6 0 
408 8 0 
409 3 0 
410 8 0 
411 3 0 
412 3 0 
413 3 0 
414 8 0 
415 0 0 
416 4 0 
417 7 0 
418 6 0 
419 8 0 
420 9 0 
421 0 0 
422 6 0 
423 8 0 
424 7 0 
425 9 0 
426 0 0 
427 3 0 
428 3 0 
429 3 0 
430 7 0 
431 3 0 
432 2 0 
433 6 0 
434 5 0 
435 2 0 
436 6 0 
437 5 0 
438 8 0 
439 7 0 
440 9 0 
441 6 0 
442 0 0 
443 4 0 
444 1 0 
445 0 0 
446 4 0 
447 8 0 
448 7 0 
449 0 0 
450 8 0 
451 6 0 
452 223 24 
453 316 21 
454 346 6 
455 288 23 
456 400 3 
457 306 24 
458 213 15 
459 245 21 
460 271 21 
461 252 6 
462 392 18 
463 262 0 
464 326 11 
465 294 15 
466 302 15 
467 280 12 
468 264 20 
469 284 10 
470 308 4 
471 401 15 
472 308 22 
473 200 13 
474 225 22 
475 276 3 
476 227 3 
477 333 18 
478 299 24 
479 343 0 
480 336 11 
481 249 13 
482 249 24 
483 355 24 
484 365 4 
485 373 3 
486 472 10 
487 433 21 
488 301 21 
489 223 6 
490 344 10 
491 296 0 
492 363 0 
493 308 12 
494 372 1 
495 333 18 
496 278 8 
497 189 15 
498 243 9 
499 296 6 
500 197 3 
501 357 17 
502 257 17 
503 200 22 
504 178 9 
505 174 13 
506 197 18 
507 266 13 
508 203 17 
509 275 16 
510 214 10 
511 216 13 
512 342 23 
513 339 2 
514 338 13 
515 344 7 
516 490 15 
517 405 2 
518 324 9 
519 242 20 
520 311 12 
521 294 11 
522 362 16 
523 333 9 
524 389 5 
525 375 18 
526 336 11 
527 336 5 
528 275 6 
529 385 9 
530 277 23 
531 478 10 
532 389 8 
533 264 12 
534 283 5 
535 285 0 
536 290 16 
537 407 15 
538 333 7 
539 414 9 
540 350 13 
541 369 10 
542 351 2 
543 302 10 
544 326 9 
545 374 3 
546 530 7 
547 331 5 
548 326 12 
549 276 0 
550 326 11 
551 224 6 
552 340 6 
553 332 10 
554 441 4 
555 356 18 
556 277 6 
557 309 2 
558 340 4 
559 343 7 
560 271 19 
561 455 20 
562 277 18 
563 220 15 
564 200 14 
565 220 12 
566 153 14 
567 280 16 
568 316 3 
569 344 10 
570 260 14 
571 342 19 
572 339 4 
573 342 4 
574 371 5 
575 316 21 
576 453 18 
577 377 13 
578 274 1 
579 237 14 
580 306 6 
581 193 7 
582 380 13 
583 305 15 
584 328 19 
585 373 10 
586 366 3 
587 253 19 
588 330 5 
589 454 1 
590 338 13 
591 504 12 
592 375 6 
593 281 22 
594 282 13 
595 380 6 
596 235 7 
597 417 13 
598 266 18 
599 384 13 
600 351 14 
601 359 18 
602 322 18 
603 374 16 
604 372 17 
605 278 17 
606 442 8 
607 395 7 
608 271 2 
609 257 8 
610 318 15 
611 231 4 
612 407 0 
613 335 20 
614 379 16 
615 285 7 
616 355 3 
617 277 5 
618 314 5 
619 298 7 
620 298 4 
621 401 10 
622 291 23 
623 224 4 
624 188 13 
625 253 13 
626 249 13 
627 293 16 
628 285 7 
629 309 21 
630 330 5 
631 322 3 
632 335 5 
633 321 11 
634 391 19 
635 313 13 
636 475 10 
637 379 9 
638 303 14 
639 305 3 
640 362 12 
641 237 16 
642 455 17 
643 353 9 
644 418 15 
645 344 6 
646 375 18 
647 266 9 
648 368 19 
649 356 1 
650 347 9 
651 452 3 
652 440 16 
653 268 3 
654 226 2 
655 310 6 
656 253 11 
657 387 2 
658 337 7 
659 365 2 
660 310 15 
661 300 11 
662 269 0 
663 409 13 
664 397 10 
665 352 3 
666 482 13 
667 400 10 
668 283 18 
669 250 2 
670 310 23 
671 285 7 
672 401 4 
673 341 18 
674 377 17 
675 327 13 
676 343 11 
677 0 0 
678 6 0 
679 12 1 
680 18 1 
681 35 4 
682 53 1 
683 0 5 
684 53 6 
685 9 0 
686 62 1 
687 0 0 
688 62 1 
689 54 0 
690 116 1 
691 18 0 
692 134 0 
693 9 0 
694 143 5 
695 8 0 
696 151 5 
697 12 0 
698 163 0 
699 42 0 
700 205 20 
701 0 0 
702 205 15 
703 0 0 
704 205 20 
705 18 0 
706 15 0 
707 21 0 
708 48 2 
709 69 1 
710 0 9 
711 69 6 
712 30 6 
713 99 1 
714 27 0 
715 126 1 
716 20 0 
717 146 1 
718 36 0 
719 182 0 
720 2 0 
721 184 0 
722 0 0 
723 184 1 
724 0 0 
725 184 1 
726 0 0 
727 184 1 
728 63 0 
729 247 1 
730 0 0 
731 247 0 
732 54 0 
733 301 1 
734 15 0 
735 27 0 
736 33 1 
737 54 3 
738 87 2 
739 42 14 
740 129 7 
741 10 7 
742 139 8 
743 3 0 
744 142 9 
745 30 0 
746 172 9 
747 0 0 
748 172 9 
749 0 0 
750 172 9 
751 36 5 
752 208 9 
753 4 4 
754 212 9 
755 10 15 
756 222 9 
757 28 20 
758 250 5 
759 0 0 
760 250 10 
761 72 1 
762 322 11 
763 24 0 
764 12 0 
765 18 0 
766 18 8 
767 36 5 
768 28 19 
769 64 9 
770 45 10 
771 109 5 
772 27 0 
773 136 0 
774 10 0 
775 146 0 
776 12 0 
777 158 5 
778 14 0 
779 172 5 
780 18 9 
781 190 9 
782 0 23 
783 190 9 
784 0 19 
785 190 14 
786 14 24 
787 204 19 
788 0 0 
789 204 24 
790 63 2 
791 267 23 
792 21 0 
793 18 0 
794 24 0 
795 36 13 
796 60 8 
797 42 24 
798 102 8 
799 45 11 
800 147 8 
801 18 0 
802 165 8 
803 30 0 
804 195 8 
805 42 0 
806 237 8 
807 10 0 
808 247 8 
809 18 9 
810 265 8 
811 9 18 
812 274 8 
813 4 10 
814 278 8 
815 14 24 
816 292 8 
817 0 0 
818 292 8 
819 81 21 
820 373 3 
821 27 0 
822 27 0 
823 33 1 
824 48 18 
825 81 23 
826 14 9 
827 95 23 
828 0 12 
829 95 23 
830 27 0 
831 122 23 
832 35 0 
833 157 23 
834 36 0 
835 193 23 
836 16 0 
837 209 23 
838 18 8 
839 227 23 
840 1 22 
841 228 23 
842 18 16 
843 246 23 
844 42 24 
845 288 23 
846 0 0 
847 288 23 
848 0 1 
849 288 23 
850 18 0 
851 6 0 
852 12 0 
853 0 21 
854 12 1 
855 35 4 
856 47 0 
857 40 15 
858 87 20 
859 9 0 
860 96 20 
861 25 0 
862 121 20 
863 6 0 
864 127 20 
865 14 0 
866 141 20 
867 0 11 
868 141 15 
869 9 13 
870 150 10 
871 8 16 
872 158 10 
873 28 20 
874 186 10 
875 0 0 
876 186 10 
877 27 21 
878 213 15 
879 0 0 
880 6 0 
881 12 1 
882 12 22 
883 24 2 
884 56 24 
885 80 22 
886 5 16 
887 85 22 
888 9 0 
889 94 22 
890 30 0 
891 124 21 
892 18 0 
893 142 21 
894 0 0 
895 142 21 
896 45 12 
897 187 21 
898 6 2 
899 193 21 
900 6 15 
901 199 21 
902 7 20 
903 206 21 
904 0 0 
905 206 21 
906 27 21 
907 233 21 
908 12 0 
909 12 0 
910 18 0 
911 6 23 
912 24 4 
913 42 9 
914 66 4 
915 15 17 
916 81 22 
917 24 0 
918 105 21 
919 45 0 
920 150 21 
921 12 0 
922 162 20 
923 8 0 
924 170 21 
925 45 14 
926 215 16 
927 2 23 
928 217 21 
929 10 15 
930 227 16 
931 14 20 
932 241 21 
933 0 0 
934 241 21 
935 27 1 
936 268 21 
937 3 0 
938 21 0 
939 27 1 
940 0 1 
941 27 1 
942 14 4 
943 41 0 
944 5 5 
945 46 5 
946 0 0 
947 46 0 
948 40 6 
949 86 5 
950 6 20 
951 92 5 
952 16 0 
953 108 5 
954 18 17 
955 126 6 
956 5 4 
957 131 6 
958 2 15 
959 133 6 
960 56 20 
961 189 6 
962 0 4 
963 189 6 
964 63 21 
965 252 6 
966 0 5 
967 21 0 
968 27 0 
969 30 2 
970 57 1 
971 56 24 
972 113 21 
973 5 6 
974 118 21 
975 15 0 
976 133 21 
977 35 7 
978 168 21 
979 30 22 
980 198 21 
981 0 0 
982 198 21 
983 81 8 
984 279 3 
985 4 23 
986 283 3 
987 14 15 
988 297 19 
989 56 20 
990 353 15 
991 0 9 
992 353 19 
993 27 2 
994 380 18 
995 12 10 
996 15 0 
997 21 1 
998 6 3 
999 27 2 
1000 28 4 
1001 55 3 
1002 0 10 
1003 55 5 
1004 18 0 
1005 73 5 
1006 10 13 
1007 83 5 
1008 54 23 
1009 137 24 
1010 8 0 
1011 145 20 
1012 0 14 
1013 145 24 
1014 4 23 
1015 149 20 
1016 8 15 
1017 157 24 
1018 63 20 
1019 220 4 
1020 0 24 
1021 220 0 
1022 18 1 
1023 238 4 
1024 24 15 
1025 12 0 
1026 18 0 
1027 6 8 
1028 24 4 
1029 49 4 
1030 73 9 
1031 15 7 
1032 88 8 
1033 18 0 
1034 106 3 
1035 40 14 
1036 146 3 
1037 54 16 
1038 200 17 
1039 4 0 
1040 204 16 
1041 18 9 
1042 222 11 
1043 9 4 
1044 231 11 
1045 6 10 
1046 237 11 
1047 14 20 
1048 251 11 
1049 0 4 
1050 251 11 
1051 54 21 
1052 305 16 
1053 21 5 
1054 24 0 
1055 30 0 
1056 0 21 
1057 30 20 
1058 14 4 
1059 44 0 
1060 20 11 
1061 64 5 
1062 12 0 
1063 76 5 
1064 10 12 
1065 86 6 
1066 6 17 
1067 92 11 
1068 18 0 
1069 110 10 
1070 72 17 
1071 182 15 
1072 9 4 
1073 191 15 
1074 2 10 
1075 193 15 
1076 56 24 
1077 249 15 
1078 0 9 
1079 249 15 
1080 45 21 
1081 294 15 
1082 0 10 
1083 3 0 
1084 9 1 
1085 48 1 
1086 57 1 
1087 28 24 
1088 85 21 
1089 0 12 
1090 85 21 
1091 0 0 
1092 85 21 
1093 45 12 
1094 130 21 
1095 24 21 
1096 154 21 
1097 12 0 
1098 166 21 
1099 27 5 
1100 193 21 
1101 3 4 
1102 196 21 
1103 8 10 
1104 204 20 
1105 56 24 
1106 260 24 
1107 0 24 
1108 260 24 
1109 18 1 
1110 278 20 
1111 24 5 
1112 0 0 
1113 6 0 
1114 0 15 
1115 6 20 
1116 30 20 
1117 36 20 
1118 0 10 
1119 36 15 
1120 18 0 
1121 54 20 
1122 0 3 
1123 54 24 
1124 72 12 
1125 126 19 
1126 63 0 
1127 189 19 
1128 9 15 
1129 198 14 
1130 16 2 
1131 214 7 
1132 0 5 
1133 214 7 
1134 12 4 
1135 226 7 
1136 24 19 
1137 250 12 
1138 0 8 
1139 250 12 
1140 30 19 
1141 30 0 
1142 36 0 
1143 0 22 
1144 36 22 
1145 0 18 
1146 36 22 
1147 12 6 
1148 48 21 
1149 54 0 
1150 102 21 
1151 4 8 
1152 106 22 
1153 48 18 
1154 154 23 
1155 7 0 
1156 161 23 
1157 0 17 
1158 161 23 
1159 0 7 
1160 161 22 
1161 0 6 
1162 161 2 
1163 18 4 
1164 179 2 
1165 18 3 
1166 197 2 
1167 42 17 
1168 239 2 
1169 25 15 
1170 54 0 
1171 60 0 
1172 0 3 
1173 60 4 
1174 36 19 
1175 96 4 
1176 4 7 
1177 100 9 
1178 6 0 
1179 106 9 
1180 6 14 
1181 112 9 
1182 0 3 
1183 112 9 
1184 0 0 
1185 112 9 
1186 36 6 
1187 148 5 
1188 8 3 
1189 156 5 
1190 0 9 
1191 156 5 
1192 8 3 
1193 164 5 
1194 24 4 
1195 188 9 
1196 56 1 
1197 244 5 
1198 40 16 
1199 24 0 
1200 30 0 
1201 0 8 
1202 30 4 
1203 24 20 
1204 54 24 
1205 18 14 
1206 72 24 
1207 54 0 
1208 126 24 
1209 2 7 
1210 128 4 
1211 16 24 
1212 144 4 
1213 49 0 
1214 193 4 
1215 18 8 
1216 211 4 
1217 0 3 
1218 211 4 
1219 0 19 
1220 211 4 
1221 4 9 
1222 215 4 
1223 9 24 
1224 224 4 
1225 49 22 
1226 273 4 
1227 35 19 
1228 36 0 
1229 42 20 
1230 0 13 
1231 42 15 
1232 36 24 
1233 78 15 
1234 18 11 
1235 96 15 
1236 36 0 
1237 132 15 
1238 6 1 
1239 138 15 
1240 56 15 
1241 194 15 
1242 35 0 
1243 229 15 
1244 18 14 
1245 247 15 
1246 18 23 
1247 265 15 
1248 0 10 
1249 265 15 
1250 4 4 
1251 269 15 
1252 24 9 
1253 293 15 
1254 63 21 
1255 356 15 
1256 45 15 
1257 54 4 
1258 60 4 
1259 0 17 
1260 60 22 
1261 12 19 
1262 72 22 
1263 0 13 
1264 72 22 
1265 54 0 
1266 126 22 
1267 7 19 
1268 133 22 
1269 48 21 
1270 181 22 
1271 56 0 
1272 237 22 
1273 18 13 
1274 255 22 
1275 2 22 
1276 257 22 
1277 0 11 
1278 257 22 
1279 12 23 
1280 269 22 
1281 9 8 
1282 278 22 
1283 0 1 
1284 278 22 
1285 30 6 
1286 12 5 
1287 18 5 
1288 0 21 
1289 18 5 
1290 30 23 
1291 48 0 
1292 16 15 
1293 64 0 
1294 18 1 
1295 82 0 
1296 5 12 
1297 87 5 
1298 8 22 
1299 95 6 
1300 49 0 
1301 144 6 
1302 0 11 
1303 144 6 
1304 18 18 
1305 162 11 
1306 0 16 
1307 162 10 
1308 8 24 
1309 170 14 
1310 9 10 
1311 179 13 
1312 21 22 
1313 200 13 
1314 0 11 
1315 12 9 
1316 18 9 
1317 0 22 
1318 18 2 
1319 48 18 
1320 66 2 
1321 2 16 
1322 68 2 
1323 18 1 
1324 86 2 
1325 6 6 
1326 92 2 
1327 24 16 
1328 116 2 
1329 0 0 
1330 116 2 
1331 45 7 
1332 161 2 
1333 12 3 
1334 173 2 
1335 0 9 
1336 173 2 
1337 2 9 
1338 175 7 
1339 9 9 
1340 184 8 
1341 21 17 
1342 205 13 
1343 20 21 
1344 24 4 
1345 30 4 
1346 0 23 
1347 30 3 
1348 36 20 
1349 66 4 
1350 6 22 
1351 72 24 
1352 48 1 
1353 120 24 
1354 9 9 
1355 129 24 
1356 16 21 
1357 145 24 
1358 28 0 
1359 173 24 
1360 45 10 
1361 218 19 
1362 4 24 
1363 222 19 
1364 0 15 
1365 222 19 
1366 4 3 
1367 226 19 
1368 24 2 
1369 250 3 
1370 21 6 
1371 271 3 
1372 5 5 
1373 42 5 
1374 48 5 
1375 0 21 
1376 48 6 
1377 12 14 
1378 60 11 
1379 2 5 
1380 62 11 
1381 0 16 
1382 62 11 
1383 8 11 
1384 70 10 
1385 8 20 
1386 78 15 
1387 56 5 
1388 134 10 
1389 18 12 
1390 152 11 
1391 10 3 
1392 162 12 
1393 0 15 
1394 162 12 
1395 16 9 
1396 178 12 
1397 0 4 
1398 178 3 
1399 49 22 
1400 227 3 
1401 0 5 
1402 42 9 
1403 48 8 
1404 0 2 
1405 48 7 
1406 48 19 
1407 96 18 
1408 2 5 
1409 98 19 
1410 30 17 
1411 128 19 
1412 7 2 
1413 135 18 
1414 40 22 
1415 175 18 
1416 0 20 
1417 175 18 
1418 81 7 
1419 256 18 
1420 8 17 
1421 264 18 
1422 0 19 
1423 264 18 
1424 16 23 
1425 280 18 
1426 12 9 
1427 292 18 
1428 21 7 
1429 313 18 
1430 20 10 
1431 30 4 
1432 36 4 
1433 0 23 
1434 36 3 
1435 24 20 
1436 60 4 
1437 0 15 
1438 60 24 
1439 36 23 
1440 96 23 
1441 2 18 
1442 98 23 
1443 72 23 
1444 170 23 
1445 28 20 
1446 198 23 
1447 0 19 
1448 198 23 
1449 8 24 
1450 206 23 
1451 0 5 
1452 206 0 
1453 18 3 
1454 224 0 
1455 21 24 
1456 245 4 
1457 14 6 
1458 259 4 
1459 40 15 
1460 24 14 
1461 30 14 
1462 0 9 
1463 30 14 
1464 42 20 
1465 72 10 
1466 6 2 
1467 78 5 
1468 36 13 
1469 114 8 
1470 8 13 
1471 122 8 
1472 72 16 
1473 194 11 
1474 14 20 
1475 208 11 
1476 18 5 
1477 226 11 
1478 18 13 
1479 244 11 
1480 0 10 
1481 244 11 
1482 4 9 
1483 248 11 
1484 18 4 
1485 266 0 
1486 42 22 
1487 308 1 
1488 35 10 
1489 48 19 
1490 54 19 
1491 0 16 
1492 54 15 
1493 12 20 
1494 66 15 
1495 8 12 
1496 74 10 
1497 24 18 
1498 98 10 
1499 2 12 
1500 100 10 
1501 8 17 
1502 108 10 
1503 63 0 
1504 171 10 
1505 72 16 
1506 243 10 
1507 18 19 
1508 261 10 
1509 0 5 
1510 261 10 
1511 16 9 
1512 277 14 
1513 24 14 
1514 301 13 
1515 35 16 
1516 336 12 
1517 0 10 
1518 6 6 
1519 12 6 
1520 0 1 
1521 12 6 
1522 24 19 
1523 36 15 
1524 0 17 
1525 36 16 
1526 0 2 
1527 36 16 
1528 9 6 
1529 45 16 
1530 32 21 
1531 77 16 
1532 42 21 
1533 119 16 
1534 27 5 
1535 146 16 
1536 6 8 
1537 152 17 
1538 0 15 
1539 152 17 
1540 16 4 
1541 168 18 
1542 27 19 
1543 195 18 
1544 14 2 
1545 209 18 
1546 40 5 
1547 0 20 
1548 6 20 
1549 4 1 
1550 10 21 
1551 10 20 
1552 20 21 
1553 0 10 
1554 20 16 
1555 27 0 
1556 47 15 
1557 0 3 
1558 47 20 
1559 27 2 
1560 74 20 
1561 54 0 
1562 128 20 
1563 1 11 
1564 129 20 
1565 16 2 
1566 145 20 
1567 54 5 
1568 199 20 
1569 18 4 
1570 217 20 
1571 8 19 
1572 225 20 
1573 0 8 
1574 225 24 
1575 24 19 
1576 45 5 
1577 51 6 
1578 16 22 
1579 67 7 
1580 0 9 
1581 67 7 
1582 48 6 
1583 115 7 
1584 81 23 
1585 196 8 
1586 28 8 
1587 224 9 
1588 18 20 
1589 242 5 
1590 6 0 
1591 248 5 
1592 0 22 
1593 248 0 
1594 0 8 
1595 248 0 
1596 0 11 
1597 248 0 
1598 27 4 
1599 275 0 
1600 6 3 
1601 281 4 
1602 54 17 
1603 335 24 
1604 20 15 
1605 81 20 
1606 87 21 
1607 18 3 
1608 105 22 
1609 12 15 
1610 117 17 
1611 16 7 
1612 133 17 
1613 9 2 
1614 142 17 
1615 42 14 
1616 184 17 
1617 0 2 
1618 184 17 
1619 0 10 
1620 184 17 
1621 4 6 
1622 188 17 
1623 8 3 
1624 196 17 
1625 45 14 
1626 241 12 
1627 12 20 
1628 253 15 
1629 8 4 
1630 261 20 
1631 72 1 
1632 333 0 
1633 32 19 
1634 36 5 
1635 42 5 
1636 6 24 
1637 48 9 
1638 8 14 
1639 56 14 
1640 72 14 
1641 128 14 
1642 81 9 
1643 209 14 
1644 14 7 
1645 223 9 
1646 6 23 
1647 229 8 
1648 42 11 
1649 271 7 
1650 2 9 
1651 273 7 
1652 0 3 
1653 273 7 
1654 0 19 
1655 273 8 
1656 6 24 
1657 279 3 
1658 3 24 
1659 282 4 
1660 63 22 
1661 345 3 
1662 28 24 
1663 54 5 
1664 60 6 
1665 12 13 
1666 72 7 
1667 12 24 
1668 84 4 
1669 72 11 
1670 156 10 
1671 54 1 
1672 210 5 
1673 42 1 
1674 252 5 
1675 21 17 
1676 273 6 
1677 30 10 
1678 303 11 
1679 2 8 
1680 305 6 
1681 18 23 
1682 323 7 
1683 18 10 
1684 341 12 
1685 6 24 
1686 347 13 
1687 8 14 
1688 355 10 
1689 81 21 
1690 436 5 
1691 36 16 
1692 81 4 
1693 87 4 
1694 16 23 
1695 103 3 
1696 4 19 
1697 107 3 
1698 0 12 
1699 107 8 
1700 81 19 
1701 188 9 
1702 49 18 
1703 237 8 
1704 18 22 
1705 255 8 
1706 48 24 
1707 303 8 
1708 2 13 
1709 305 8 
1710 2 2 
1711 307 8 
1712 81 16 
1713 388 17 
1714 18 24 
1715 406 22 
1716 3 8 
1717 409 23 
1718 0 1 
1719 409 22 
1720 24 6 
1721 18 5 
1722 24 5 
1723 0 21 
1724 24 6 
1725 10 4 
1726 34 5 
1727 64 16 
1728 98 6 
1729 27 12 
1730 125 7 
1731 35 11 
1732 160 6 
1733 3 22 
1734 163 7 
1735 42 6 
1736 205 7 
1737 0 11 
1738 205 7 
1739 18 8 
1740 223 7 
1741 36 18 
1742 259 7 
1743 12 15 
1744 271 10 
1745 3 15 
1746 274 14 
1747 27 21 
1748 301 16 
1749 0 6 
1750 18 9 
1751 24 8 
1752 4 22 
1753 28 7 
1754 16 23 
1755 44 8 
1756 8 16 
1757 52 13 
1758 27 7 
1759 79 12 
1760 42 6 
1761 121 12 
1762 9 20 
1763 130 21 
1764 0 17 
1765 130 16 
1766 5 6 
1767 135 21 
1768 12 3 
1769 147 21 
1770 27 19 
1771 174 21 
1772 3 20 
1773 177 21 
1774 3 14 
1775 180 16 
1776 27 16 
1777 207 11 
1778 16 5 
1779 36 4 
1780 42 4 
1781 2 23 
1782 44 3 
1783 12 20 
1784 56 3 
1785 24 17 
1786 80 23 
1787 72 6 
1788 152 22 
1789 63 8 
1790 215 23 
1791 6 23 
1792 221 23 
1793 24 5 
1794 245 24 
1795 5 11 
1796 250 10 
1797 4 23 
1798 254 5 
1799 45 16 
1800 299 5 
1801 6 20 
1802 305 5 
1803 8 7 
1804 313 5 
1805 27 1 
1806 340 5 
1807 4 5 
1808 63 5 
1809 69 5 
1810 0 1 
1811 69 6 
1812 4 14 
1813 73 6 
1814 8 6 
1815 81 1 
1816 0 11 
1817 81 6 
1818 56 11 
1819 137 6 
1820 3 20 
1821 140 6 
1822 48 5 
1823 188 6 
1824 2 12 
1825 190 6 
1826 10 2 
1827 200 6 
1828 9 19 
1829 209 14 
1830 24 15 
1831 233 19 
1832 0 3 
1833 233 24 
1834 63 21 
1835 296 20 
1836 0 9 
1837 63 9 
1838 69 8 
1839 10 3 
1840 79 8 
1841 16 19 
1842 95 9 
1843 8 7 
1844 103 8 
1845 45 17 
1846 148 7 
1847 49 1 
1848 197 7 
1849 15 17 
1850 212 7 
1851 0 20 
1852 212 0 
1853 9 6 
1854 221 0 
1855 8 23 
1856 229 0 
1857 63 19 
1858 292 0 
1859 24 15 
1860 316 0 
1861 4 8 
1862 320 0 
1863 27 2 
1864 347 0 
1865 16 15 
1866 45 4 
1867 51 4 
1868 2 3 
1869 53 3 
1870 8 4 
1871 61 3 
1872 0 11 
1873 61 8 
1874 54 18 
1875 115 8 
1876 14 13 
1877 129 8 
1878 27 23 
1879 156 8 
1880 24 16 
1881 180 11 
1882 0 18 
1883 180 11 
1884 8 24 
1885 188 11 
1886 36 5 
1887 224 11 
1888 27 14 
1889 251 11 
1890 7 22 
1891 258 12 
1892 18 8 
1893 276 12 
1894 32 19 
1895 36 9 
1896 42 8 
1897 2 8 
1898 44 8 
1899 14 9 
1900 58 8 
1901 24 8 
1902 82 8 
1903 54 13 
1904 136 8 
1905 56 8 
1906 192 3 
1907 27 16 
1908 219 2 
1909 12 21 
1910 231 2 
1911 2 5 
1912 233 2 
1913 18 9 
1914 251 2 
1915 27 10 
1916 278 5 
1917 6 14 
1918 284 5 
1919 6 24 
1920 290 5 
1921 54 23 
1922 344 0 
1923 28 5 
1924 72 20 
1925 78 21 
1926 0 16 
1927 78 16 
1928 4 9 
1929 82 15 
1930 32 13 
1931 114 15 
1932 36 14 
1933 150 15 
1934 14 11 
1935 164 16 
1936 3 17 
1937 167 16 
1938 54 15 
1939 221 16 
1940 8 17 
1941 229 16 
1942 18 18 
1943 247 16 
1944 9 9 
1945 256 5 
1946 24 24 
1947 280 9 
1948 8 13 
1949 288 9 
1950 45 17 
1951 333 18 
1952 0 15 
1953 9 6 
1954 15 6 
1955 16 2 
1956 31 7 
1957 8 15 
1958 39 10 
1959 0 18 
1960 39 15 
1961 0 22 
1962 39 22 
1963 63 6 
1964 102 22 
1965 12 21 
1966 114 22 
1967 36 21 
1968 150 22 
1969 3 9 
1970 153 8 
1971 6 8 
1972 159 3 
1973 36 15 
1974 195 20 
1975 24 19 
1976 219 24 
1977 9 17 
1978 228 23 
1979 18 17 
1980 246 3 
1981 32 9 
1982 0 19 
1983 6 18 
1984 16 15 
1985 22 17 
1986 20 20 
1987 42 17 
1988 0 5 
1989 42 16 
1990 0 15 
1991 42 16 
1992 0 12 
1993 42 16 
1994 54 2 
1995 96 16 
1996 9 0 
1997 105 16 
1998 0 10 
1999 105 15 
2000 48 1 
2001 153 20 
2002 18 5 
2003 171 0 
2004 12 4 
2005 183 4 
2006 0 18 
2007 183 24 
2008 0 24 
2009 183 20 
2010 6 19 
2011 35 19 
2012 41 18 
2013 64 22 
2014 105 17 
2015 0 13 
2016 105 17 
2017 30 6 
2018 135 17 
2019 0 15 
2020 135 17 
2021 12 12 
2022 147 17 
2023 36 13 
2024 183 17 
2025 1 6 
2026 184 16 
2027 0 17 
2028 184 16 
2029 0 8 
2030 184 13 
2031 0 7 
2032 184 8 
2033 18 4 
2034 202 9 
2035 0 3 
2036 202 9 
2037 36 20 
2038 238 9 
2039 5 23 
2040 63 19 
2041 69 15 
2042 72 3 
2043 141 20 
2044 24 14 
2045 165 20 
2046 10 7 
2047 175 21 
2048 0 15 
2049 175 21 
2050 18 14 
2051 193 16 
2052 0 7 
2053 193 11 
2054 0 10 
2055 193 16 
2056 0 10 
2057 193 11 
2058 24 3 
2059 217 6 
2060 15 8 
2061 232 6 
2062 8 3 
2063 240 6 
2064 0 4 
2065 240 6 
2066 48 20 
2067 288 6 
2068 8 11 
2069 28 19 
2070 34 15 
2071 24 8 
2072 58 10 
2073 16 20 
2074 74 10 
2075 45 10 
2076 119 10 
2077 0 15 
2078 119 10 
2079 6 7 
2080 125 10 
2081 12 3 
2082 137 8 
2083 7 1 
2084 144 3 
2085 0 8 
2086 144 3 
2087 0 23 
2088 144 3 
2089 0 12 
2090 144 3 
2091 4 8 
2092 148 3 
2093 0 4 
2094 148 3 
2095 42 22 
2096 190 3 
2097 7 13 
2098 42 24 
2099 48 24 
2100 48 14 
2101 96 19 
2102 24 4 
2103 120 19 
2104 45 11 
2105 165 15 
2106 0 15 
2107 165 16 
2108 18 1 
2109 183 16 
2110 42 12 
2111 225 16 
2112 5 11 
2113 230 16 
2114 0 9 
2115 230 14 
2116 54 1 
2117 284 6 
2118 6 10 
2119 290 11 
2120 4 24 
2121 294 16 
2122 0 7 
2123 294 17 
2124 54 24 
2125 348 22 
2126 9 16 
2127 63 4 
2128 69 4 
2129 64 18 
2130 133 3 
2131 8 13 
2132 141 3 
2133 0 12 
2134 141 8 
2135 0 15 
2136 141 13 
2137 21 12 
2138 162 13 
2139 36 21 
2140 198 18 
2141 8 24 
2142 206 19 
2143 0 12 
2144 206 18 
2145 6 2 
2146 212 17 
2147 27 6 
2148 239 17 
2149 12 18 
2150 251 17 
2151 0 8 
2152 251 17 
2153 0 6 
2154 251 17 
2155 6 6 
2156 14 14 
2157 20 13 
2158 0 21 
2159 20 22 
2160 20 4 
2161 40 22 
2162 40 15 
2163 80 22 
2164 0 17 
2165 80 22 
2166 15 11 
2167 95 22 
2168 6 7 
2169 101 22 
2170 7 6 
2171 108 22 
2172 0 16 
2173 108 22 
2174 54 13 
2175 162 22 
2176 12 11 
2177 174 22 
2178 8 20 
2179 182 22 
2180 0 4 
2181 182 22 
2182 18 22 
2183 200 22 
2184 0 7 
2185 14 9 
2186 20 14 
2187 16 21 
2188 36 20 
2189 32 17 
2190 68 20 
2191 5 13 
2192 73 24 
2193 0 13 
2194 73 14 
2195 18 6 
2196 91 9 
2197 18 20 
2198 109 5 
2199 0 16 
2200 109 5 
2201 0 7 
2202 109 5 
2203 36 7 
2204 145 5 
2205 9 15 
2206 154 5 
2207 2 9 
2208 156 5 
2209 0 13 
2210 156 5 
2211 18 21 
2212 174 5 
2213 4 5 
2214 28 4 
2215 34 4 
2216 8 23 
2217 42 3 
2218 24 8 
2219 66 3 
2220 15 17 
2221 81 2 
2222 0 12 
2223 81 2 
2224 27 18 
2225 108 2 
2226 12 18 
2227 120 2 
2228 4 10 
2229 124 1 
2230 0 14 
2231 124 6 
2232 12 18 
2233 136 11 
2234 15 12 
2235 151 13 
2236 4 4 
2237 155 14 
2238 0 2 
2239 155 13 
2240 18 11 
2241 173 18 
2242 1 6 
2243 49 23 
2244 55 23 
2245 0 1 
2246 55 22 
2247 8 4 
2248 63 2 
2249 5 5 
2250 68 7 
2251 0 15 
2252 68 10 
2253 24 12 
2254 92 14 
2255 6 23 
2256 98 19 
2257 8 11 
2258 106 19 
2259 0 22 
2260 106 19 
2261 30 3 
2262 136 19 
2263 3 14 
2264 139 14 
2265 16 19 
2266 155 19 
2267 0 2 
2268 155 18 
2269 42 21 
2270 197 18 
2271 0 8 
2272 49 9 
2273 55 14 
2274 40 2 
2275 95 7 
2276 32 19 
2277 127 8 
2278 5 8 
2279 132 3 
2280 0 17 
2281 132 23 
2282 21 2 
2283 153 22 
2284 30 17 
2285 183 22 
2286 0 20 
2287 183 22 
2288 0 15 
2289 183 17 
2290 24 12 
2291 207 12 
2292 21 19 
2293 228 13 
2294 16 23 
2295 244 8 
2296 0 7 
2297 244 7 
2298 18 2 
2299 262 12 
2300 4 10 
2301 35 4 
2302 41 4 
2303 8 24 
2304 49 4 
2305 16 20 
2306 65 4 
2307 0 10 
2308 65 9 
2309 0 4 
2310 65 9 
2311 6 13 
2312 71 9 
2313 54 23 
2314 125 8 
2315 4 16 
2316 129 13 
2317 0 17 
2318 129 12 
2319 24 2 
2320 153 17 
2321 12 9 
2322 165 18 
2323 18 14 
2324 183 18 
2325 0 23 
2326 183 18 
2327 12 13 
2328 195 18 
2329 8 18 
2330 28 9 
2331 34 9 
2332 8 9 
2333 42 9 
2334 28 14 
2335 70 14 
2336 15 2 
2337 85 7 
2338 0 8 
2339 85 8 
2340 24 13 
2341 109 8 
2342 54 16 
2343 163 16 
2344 2 21 
2345 165 16 
2346 0 14 
2347 165 16 
2348 54 14 
2349 219 16 
2350 9 14 
2351 228 16 
2352 4 14 
2353 232 16 
2354 0 3 
2355 232 16 
2356 36 23 
2357 268 16 
2358 7 5 
2359 56 19 
2360 62 18 
2361 0 15 
2362 62 19 
2363 8 9 
2364 70 19 
2365 20 12 
2366 90 18 
2367 0 15 
2368 90 18 
2369 6 1 
2370 96 21 
2371 6 22 
2372 102 21 
2373 9 24 
2374 111 21 
2375 0 17 
2376 111 21 
2377 54 17 
2378 165 21 
2379 3 8 
2380 168 3 
2381 16 14 
2382 184 8 
2383 0 13 
2384 184 9 
2385 30 22 
2386 214 5 
2387 0 19 
2388 7 15 
2389 13 15 
2390 64 22 
2391 77 16 
2392 16 18 
2393 93 16 
2394 0 19 
2395 93 16 
2396 0 18 
2397 93 16 
2398 27 12 
2399 120 16 
2400 24 20 
2401 144 16 
2402 6 21 
2403 150 16 
2404 0 17 
2405 150 16 
2406 18 8 
2407 168 13 
2408 12 14 
2409 180 13 
2410 16 19 
2411 196 13 
2412 0 17 
2413 196 13 
2414 12 7 
2415 208 13 
2416 8 5 
2417 0 0 
2418 6 4 
2419 10 1 
2420 16 4 
2421 20 20 
2422 36 4 
2423 0 5 
2424 36 9 
2425 18 4 
2426 54 4 
2427 0 2 
2428 54 4 
2429 54 12 
2430 108 7 
2431 81 0 
2432 189 6 
2433 3 11 
2434 192 7 
2435 56 1 
2436 248 2 
2437 24 5 
2438 272 2 
2439 30 4 
2440 302 2 
2441 16 19 
2442 318 3 
2443 0 24 
2444 318 3 
2445 24 15 
2446 25 3 
2447 31 3 
2448 40 2 
2449 71 3 
2450 0 9 
2451 71 8 
2452 42 6 
2453 113 8 
2454 54 3 
2455 167 8 
2456 20 8 
2457 187 13 
2458 36 18 
2459 223 18 
2460 9 1 
2461 232 2 
2462 0 22 
2463 232 2 
2464 0 21 
2465 232 2 
2466 0 7 
2467 232 2 
2468 45 4 
2469 277 2 
2470 12 1 
2471 289 2 
2472 30 20 
2473 319 2 
2474 20 4 
2475 45 14 
2476 51 13 
2477 45 1 
2478 96 6 
2479 24 19 
2480 120 15 
2481 14 7 
2482 134 16 
2483 6 2 
2484 140 21 
2485 30 14 
2486 170 16 
2487 0 10 
2488 170 16 
2489 0 15 
2490 170 16 
2491 12 5 
2492 182 11 
2493 28 3 
2494 210 12 
2495 20 9 
2496 230 13 
2497 20 3 
2498 250 13 
2499 16 4 
2500 266 13 
2501 40 20 
2502 306 13 
2503 32 11 
2504 20 5 
2505 26 5 
2506 15 13 
2507 41 9 
2508 16 14 
2509 57 8 
2510 63 10 
2511 120 13 
2512 54 24 
2513 174 14 
2514 10 7 
2515 184 13 
2516 12 23 
2517 196 13 
2518 63 1 
2519 259 12 
2520 6 13 
2521 265 12 
2522 0 3 
2523 265 12 
2524 0 14 
2525 265 12 
2526 10 13 
2527 275 12 
2528 6 24 
2529 281 23 
2530 35 6 
2531 316 7 
2532 28 12 
2533 30 5 
2534 36 6 
2535 30 12 
2536 66 11 
2537 24 4 
2538 90 10 
2539 63 11 
2540 153 10 
2541 36 18 
2542 189 15 
2543 30 1 
2544 219 20 
2545 42 17 
2546 261 20 
2547 45 11 
2548 306 15 
2549 6 14 
2550 312 10 
2551 63 22 
2552 375 15 
2553 8 10 
2554 383 20 
2555 10 24 
2556 393 15 
2557 16 9 
2558 409 10 
2559 45 24 
2560 454 15 
2561 36 17 
2562 45 4 
2563 51 4 
2564 40 16 
2565 91 15 
2566 8 19 
2567 99 15 
2568 0 12 
2569 99 15 
2570 54 3 
2571 153 4 
2572 35 12 
2573 188 3 
2574 36 22 
2575 224 3 
2576 72 23 
2577 296 3 
2578 6 12 
2579 302 3 
2580 7 2 
2581 309 3 
2582 36 6 
2583 345 3 
2584 30 18 
2585 375 3 
2586 6 4 
2587 381 3 
2588 0 11 
2589 381 2 
2590 24 13 
2591 10 10 
2592 16 10 
2593 0 21 
2594 16 10 
2595 20 20 
2596 36 10 
2597 56 16 
2598 92 11 
2599 18 8 
2600 110 12 
2601 25 1 
2602 135 11 
2603 6 1 
2604 141 6 
2605 63 7 
2606 204 6 
2607 0 6 
2608 204 5 
2609 63 13 
2610 267 5 
2611 16 13 
2612 283 9 
2613 20 20 
2614 303 4 
2615 6 4 
2616 309 9 
2617 15 23 
2618 324 4 
2619 0 7 
2620 10 8 
2621 16 8 
2622 10 17 
2623 26 13 
2624 32 24 
2625 58 13 
2626 7 13 
2627 65 13 
2628 18 8 
2629 83 13 
2630 30 6 
2631 113 12 
2632 18 16 
2633 131 12 
2634 0 17 
2635 131 12 
2636 15 6 
2637 146 12 
2638 42 21 
2639 188 17 
2640 12 4 
2641 200 24 
2642 5 14 
2643 205 24 
2644 6 9 
2645 211 24 
2646 15 15 
2647 226 20 
2648 16 5 
2649 20 4 
2650 26 4 
2651 5 18 
2652 31 3 
2653 24 8 
2654 55 8 
2655 21 17 
2656 76 7 
2657 48 12 
2658 124 7 
2659 45 9 
2660 169 7 
2661 12 21 
2662 181 7 
2663 36 7 
2664 217 7 
2665 15 6 
2666 232 7 
2667 14 1 
2668 246 7 
2669 20 15 
2670 266 12 
2671 10 2 
2672 276 12 
2673 16 2 
2674 292 12 
2675 15 12 
2676 307 12 
2677 4 10 
2678 35 3 
2679 41 2 
2680 0 1 
2681 41 2 
2682 8 19 
2683 49 22 
2684 7 10 
2685 56 15 
2686 0 24 
2687 56 15 
2688 40 11 
2689 96 15 
2690 6 20 
2691 102 15 
2692 72 16 
2693 174 15 
2694 6 11 
2695 180 15 
2696 35 2 
2697 215 16 
2698 4 19 
2699 219 16 
2700 40 19 
2701 259 16 
2702 0 9 
2703 259 11 
2704 35 16 
2705 294 11 
2706 0 8 
2707 35 10 
2708 41 11 
2709 25 22 
2710 66 12 
2711 32 19 
2712 98 13 
2713 7 5 
2714 105 8 
2715 30 24 
2716 135 9 
2717 35 1 
2718 170 9 
2719 30 21 
2720 200 1 
2721 0 20 
2722 200 1 
2723 27 7 
2724 227 1 
2725 28 12 
2726 255 1 
2727 28 18 
2728 283 21 
2729 40 23 
2730 323 21 
2731 8 8 
2732 331 16 
2733 15 7 
2734 346 16 
2735 16 14 
2736 25 17 
2737 31 22 
2738 5 2 
2739 36 2 
2740 16 20 
2741 52 2 
2742 0 14 
2743 52 7 
2744 36 24 
2745 88 4 
2746 10 13 
2747 98 4 
2748 54 23 
2749 152 4 
2750 36 20 
2751 188 4 
2752 0 19 
2753 188 4 
2754 28 2 
2755 216 4 
2756 16 8 
2757 232 4 
2758 45 14 
2759 277 9 
2760 14 24 
2761 291 14 
2762 10 6 
2763 301 9 
2764 32 23 
2765 20 13 
2766 26 13 
2767 5 8 
2768 31 13 
2769 28 14 
2770 59 13 
2771 21 6 
2772 80 13 
2773 36 13 
2774 116 13 
2775 40 12 
2776 156 13 
2777 54 11 
2778 210 13 
2779 18 22 
2780 228 13 
2781 6 5 
2782 234 8 
2783 63 1 
2784 297 7 
2785 12 12 
2786 309 12 
2787 10 4 
2788 319 3 
2789 12 8 
2790 331 3 
2791 30 23 
2792 361 3 
2793 28 10 
2794 40 16 
2795 46 16 
2796 0 11 
2797 46 16 
2798 8 14 
2799 54 11 
2800 28 7 
2801 82 11 
2802 24 24 
2803 106 16 
2804 10 11 
2805 116 16 
2806 6 17 
2807 122 16 
2808 81 15 
2809 203 16 
2810 24 7 
2811 227 16 
2812 63 22 
2813 290 16 
2814 4 3 
2815 294 23 
2816 40 14 
2817 334 23 
2818 16 9 
2819 350 23 
2820 25 16 
2821 375 23 
2822 0 10 
2823 5 7 
2824 11 7 
2825 40 17 
2826 51 12 
2827 16 18 
2828 67 17 
2829 0 18 
2830 67 18 
2831 0 22 
2832 67 17 
2833 45 12 
2834 112 17 
2835 24 20 
2836 136 17 
2837 54 2 
2838 190 17 
2839 9 5 
2840 199 16 
2841 21 8 
2842 220 11 
2843 16 11 
2844 236 16 
2845 40 14 
2846 276 11 
2847 18 24 
2848 294 16 
2849 10 7 
2850 304 11 
2851 32 14 
2852 0 14 
2853 6 13 
2854 8 16 
2855 14 13 
2856 20 4 
2857 34 14 
2858 0 5 
2859 34 14 
2860 0 3 
2861 34 9 
2862 0 2 
2863 34 9 
2864 72 2 
2865 106 9 
2866 54 4 
2867 160 9 
2868 8 11 
2869 168 9 
2870 64 1 
2871 232 5 
2872 24 5 
2873 256 10 
2874 18 14 
2875 274 5 
2876 8 14 
2877 282 5 
2878 0 24 
2879 282 5 
2880 54 19 
2881 35 10 
2882 41 11 
2883 32 2 
2884 73 12 
2885 0 8 
2886 73 12 
2887 18 6 
2888 91 12 
2889 0 8 
2890 91 12 
2891 28 12 
2892 119 12 
2893 48 20 
2894 167 11 
2895 6 1 
2896 173 11 
2897 0 10 
2898 173 11 
2899 0 21 
2900 173 11 
2901 0 7 
2902 173 11 
2903 27 14 
2904 200 11 
2905 6 3 
2906 206 6 
2907 24 20 
2908 230 6 
2909 45 4 
2910 63 14 
2911 69 13 
2912 36 3 
2913 105 8 
2914 24 18 
2915 129 13 
2916 6 7 
2917 135 8 
2918 0 2 
2919 135 8 
2920 42 10 
2921 177 13 
2922 0 3 
2923 177 13 
2924 0 15 
2925 177 18 
2926 32 10 
2927 209 18 
2928 32 16 
2929 241 18 
2930 20 9 
2931 261 19 
2932 12 23 
2933 273 19 
2934 8 3 
2935 281 24 
2936 32 1 
2937 313 4 
2938 72 11 
2939 28 14 
2940 34 14 
2941 12 24 
2942 46 19 
2943 16 19 
2944 62 18 
2945 27 10 
2946 89 13 
2947 0 9 
2948 89 13 
2949 14 7 
2950 103 13 
2951 16 24 
2952 119 18 
2953 42 0 
2954 161 23 
2955 16 12 
2956 177 23 
2957 0 22 
2958 177 23 
2959 0 2 
2960 177 23 
2961 6 8 
2962 183 23 
2963 3 18 
2964 186 23 
2965 28 22 
2966 214 23 
2967 63 8 
2968 42 10 
2969 48 11 
2970 24 7 
2971 72 12 
2972 24 4 
2973 96 7 
2974 27 11 
2975 123 6 
2976 0 18 
2977 123 17 
2978 42 1 
2979 165 16 
2980 56 16 
2981 221 11 
2982 30 8 
2983 251 11 
2984 16 12 
2985 267 11 
2986 72 22 
2987 339 11 
2988 8 4 
2989 347 10 
2990 6 17 
2991 353 10 
2992 8 14 
2993 361 10 
2994 36 21 
2995 397 10 
2996 81 15 
2997 63 6 
2998 69 6 
2999 32 23 
3000 101 1 
3001 8 8 
3002 109 1 
3003 0 14 
3004 109 9 
3005 0 2 
3006 109 9 
3007 49 11 
3008 158 9 
3009 48 21 
3010 206 4 
3011 48 24 
3012 254 4 
3013 16 12 
3014 270 13 
3015 8 17 
3016 278 14 
3017 36 6 
3018 314 10 
3019 18 23 
3020 332 11 
3021 3 3 
3022 335 8 
3023 0 1 
3024 335 13 
3025 54 6 
3026 14 11 
3027 20 11 
3028 0 21 
3029 20 16 
3030 20 23 
3031 40 17 
3032 24 15 
3033 64 17 
3034 0 8 
3035 64 12 
3036 35 1 
3037 99 11 
3038 8 22 
3039 107 12 
3040 42 8 
3041 149 12 
3042 0 16 
3043 149 12 
3044 72 17 
3045 221 12 
3046 16 13 
3047 237 12 
3048 12 10 
3049 249 12 
3050 3 10 
3051 252 12 
3052 12 21 
3053 264 12 
3054 0 7 
3055 14 14 
3056 20 14 
3057 8 22 
3058 28 19 
3059 32 3 
3060 60 4 
3061 3 16 
3062 63 15 
3063 0 13 
3064 63 10 
3065 42 6 
3066 105 10 
3067 24 16 
3068 129 10 
3069 0 16 
3070 129 10 
3071 40 7 
3072 169 10 
3073 48 16 
3074 217 10 
3075 12 3 
3076 229 5 
3077 3 14 
3078 232 5 
3079 3 14 
3080 235 5 
3081 12 16 
3082 247 5 
3083 36 5 
3084 28 11 
3085 34 12 
3086 4 17 
3087 38 12 
3088 24 8 
3089 62 13 
3090 9 9 
3091 71 8 
3092 0 12 
3093 71 13 
3094 63 18 
3095 134 18 
3096 16 22 
3097 150 23 
3098 24 5 
3099 174 0 
3100 40 10 
3101 214 0 
3102 16 21 
3103 230 0 
3104 20 6 
3105 250 0 
3106 6 3 
3107 256 0 
3108 8 7 
3109 264 0 
3110 12 20 
3111 276 0 
3112 9 10 
3113 49 10 
3114 55 11 
3115 0 21 
3116 55 16 
3117 8 14 
3118 63 11 
3119 3 5 
3120 66 10 
3121 0 21 
3122 66 10 
3123 56 11 
3124 122 10 
3125 8 18 
3126 130 10 
3127 48 8 
3128 178 5 
3129 16 12 
3130 194 10 
3131 40 2 
3132 234 1 
3133 4 24 
3134 238 1 
3135 24 19 
3136 262 21 
3137 0 3 
3138 262 21 
3139 28 16 
3140 290 21 
3141 0 9 
3142 49 10 
3143 55 11 
3144 20 3 
3145 75 6 
3146 32 24 
3147 107 20 
3148 3 6 
3149 110 20 
3150 0 22 
3151 110 20 
3152 49 2 
3153 159 20 
3154 40 21 
3155 199 20 
3156 0 20 
3157 199 24 
3158 72 16 
3159 271 20 
3160 32 17 
3161 303 20 
3162 28 4 
3163 331 20 
3164 24 23 
3165 355 20 
3166 4 13 
3167 359 15 
3168 12 20 
3169 371 15 
3170 36 14 
3171 35 16 
3172 41 17 
3173 4 3 
3174 45 17 
3175 16 20 
3176 61 22 
3177 0 10 
3178 61 21 
3179 0 17 
3180 61 22 
3181 14 13 
3182 75 23 
3183 72 23 
3184 147 18 
3185 24 19 
3186 171 23 
3187 0 18 
3188 171 18 
3189 32 17 
3190 203 17 
3191 16 5 
3192 219 16 
3193 27 13 
3194 246 16 
3195 7 23 
3196 253 16 
3197 8 8 
3198 261 7 
3199 72 13 
3200 28 14 
3201 34 13 
3202 4 23 
3203 38 18 
3204 28 4 
3205 66 19 
3206 9 9 
3207 75 19 
3208 0 8 
3209 75 19 
3210 56 16 
3211 131 19 
3212 72 24 
3213 203 19 
3214 12 10 
3215 215 14 
3216 16 13 
3217 231 14 
3218 72 1 
3219 303 9 
3220 12 9 
3221 315 9 
3222 6 8 
3223 321 9 
3224 6 24 
3225 327 9 
3226 24 24 
3227 351 9 
3228 63 5 
3229 56 16 
3230 62 21 
3231 0 11 
3232 62 16 
3233 8 3 
3234 70 17 
3235 12 12 
3236 82 17 
3237 0 14 
3238 82 17 
3239 14 1 
3240 96 22 
3241 8 22 
3242 104 22 
3243 54 10 
3244 158 15 
3245 64 17 
3246 222 19 
3247 72 17 
3248 294 15 
3249 4 3 
3250 298 23 
3251 24 24 
3252 322 22 
3253 8 14 
3254 330 21 
3255 20 22 
3256 350 17 
3257 0 16 
3258 7 16 
3259 13 21 
3260 32 12 
3261 45 22 
3262 16 23 
3263 61 22 
3264 0 19 
3265 61 17 
3266 0 22 
3267 61 17 
3268 63 6 
3269 124 17 
3270 32 20 
3271 156 17 
3272 36 13 
3273 192 17 
3274 24 16 
3275 216 17 
3276 24 17 
3277 240 17 
3278 16 9 
3279 256 18 
3280 24 14 
3281 280 18 
3282 9 12 
3283 289 18 
3284 8 2 
3285 297 18 
3286 72 5 
3287 0 19 
3288 6 15 
3289 0 1 
3290 6 16 
3291 30 20 
3292 36 15 
3293 0 5 
3294 36 15 
3295 27 23 
3296 63 19 
3297 0 3 
3298 63 24 
3299 54 21 
3300 117 23 
3301 54 3 
3302 171 23 
3303 4 11 
3304 175 18 
3305 72 1 
3306 247 2 
3307 30 5 
3308 277 2 
3309 0 4 
3310 277 2 
3311 32 1 
3312 309 2 
3313 0 24 
3314 309 2 
3315 42 3 
3316 10 19 
3317 16 18 
3318 0 2 
3319 16 17 
3320 0 18 
3321 16 17 
3322 48 6 
3323 64 12 
3324 81 23 
3325 145 17 
3326 8 9 
3327 153 18 
3328 36 20 
3329 189 18 
3330 6 1 
3331 195 23 
3332 0 10 
3333 195 18 
3334 0 21 
3335 195 18 
3336 0 6 
3337 195 13 
3338 0 4 
3339 195 14 
3340 24 1 
3341 219 10 
3342 48 20 
3343 267 14 
3344 35 22 
3345 18 19 
3346 24 14 
3347 0 3 
3348 24 13 
3349 36 19 
3350 60 13 
3351 16 7 
3352 76 13 
3353 9 7 
3354 85 13 
3355 12 10 
3356 97 13 
3357 0 15 
3358 97 13 
3359 0 10 
3360 97 13 
3361 16 5 
3362 113 14 
3363 36 16 
3364 149 19 
3365 25 9 
3366 174 19 
3367 0 3 
3368 174 24 
3369 32 1 
3370 206 4 
3371 64 20 
3372 270 4 
3373 56 7 
3374 8 13 
3375 14 12 
3376 0 24 
3377 14 23 
3378 24 16 
3379 38 23 
3380 72 10 
3381 110 24 
3382 81 9 
3383 191 14 
3384 4 4 
3385 195 9 
3386 12 22 
3387 207 2 
3388 42 0 
3389 249 2 
3390 8 12 
3391 257 2 
3392 0 22 
3393 257 2 
3394 0 19 
3395 257 3 
3396 0 8 
3397 257 4 
3398 12 24 
3399 269 3 
3400 56 6 
3401 325 3 
3402 49 12 
3403 12 13 
3404 18 13 
3405 0 18 
3406 18 13 
3407 36 24 
3408 54 13 
3409 72 11 
3410 126 13 
3411 54 23 
3412 180 13 
3413 12 4 
3414 192 13 
3415 42 15 
3416 234 18 
3417 30 8 
3418 264 23 
3419 8 9 
3420 272 23 
3421 81 23 
3422 353 23 
3423 10 10 
3424 363 18 
3425 0 3 
3426 363 18 
3427 32 6 
3428 395 7 
3429 72 21 
3430 467 7 
3431 63 17 
3432 18 11 
3433 24 11 
3434 0 16 
3435 24 11 
3436 12 8 
3437 36 12 
3438 0 12 
3439 36 7 
3440 81 9 
3441 117 7 
3442 14 11 
3443 131 7 
3444 36 21 
3445 167 6 
3446 48 4 
3447 215 5 
3448 8 13 
3449 223 10 
3450 9 2 
3451 232 1 
3452 45 6 
3453 277 1 
3454 0 23 
3455 277 1 
3456 12 8 
3457 289 1 
3458 0 1 
3459 289 0 
3460 42 6 
3461 4 13 
3462 10 12 
3463 0 21 
3464 10 17 
3465 30 23 
3466 40 17 
3467 64 15 
3468 104 17 
3469 27 9 
3470 131 18 
3471 10 10 
3472 141 18 
3473 6 22 
3474 147 18 
3475 42 6 
3476 189 11 
3477 0 6 
3478 189 6 
3479 81 16 
3480 270 11 
3481 20 13 
3482 290 11 
3483 0 23 
3484 290 12 
3485 12 19 
3486 302 12 
3487 24 21 
3488 326 12 
3489 0 2 
3490 4 13 
3491 10 13 
3492 0 22 
3493 10 13 
3494 48 24 
3495 58 14 
3496 8 11 
3497 66 14 
3498 27 13 
3499 93 14 
3500 12 14 
3501 105 14 
3502 18 20 
3503 123 10 
3504 0 22 
3505 123 21 
3506 20 7 
3507 143 21 
3508 54 7 
3509 197 21 
3510 15 9 
3511 212 5 
3512 0 12 
3513 212 5 
3514 12 13 
3515 224 5 
3516 24 16 
3517 248 5 
3518 28 5 
3519 8 12 
3520 14 12 
3521 0 23 
3522 14 13 
3523 36 9 
3524 50 8 
3525 24 15 
3526 74 19 
3527 72 19 
3528 146 19 
3529 18 9 
3530 164 19 
3531 12 21 
3532 176 19 
3533 24 5 
3534 200 15 
3535 20 14 
3536 220 10 
3537 18 21 
3538 238 11 
3539 25 19 
3540 263 10 
3541 0 7 
3542 263 11 
3543 32 6 
3544 295 11 
3545 24 1 
3546 319 11 
3547 7 10 
3548 14 18 
3549 20 18 
3550 0 1 
3551 20 2 
3552 12 4 
3553 32 2 
3554 8 5 
3555 40 2 
3556 0 23 
3557 40 2 
3558 16 11 
3559 56 2 
3560 6 15 
3561 62 1 
3562 48 17 
3563 110 1 
3564 8 11 
3565 118 1 
3566 45 2 
3567 163 1 
3568 5 14 
3569 168 6 
3570 0 8 
3571 168 6 
3572 0 2 
3573 168 6 
3574 56 22 
3575 224 6 
3576 0 9 
3577 14 9 
3578 20 9 
3579 0 2 
3580 20 8 
3581 48 24 
3582 68 9 
3583 8 8 
3584 76 9 
3585 45 23 
3586 121 9 
3587 14 3 
3588 135 9 
3589 30 22 
3590 165 8 
3591 0 20 
3592 165 3 
3593 36 11 
3594 201 2 
3595 36 7 
3596 237 2 
3597 35 18 
3598 272 2 
3599 0 3 
3600 272 2 
3601 16 7 
3602 288 2 
3603 24 2 
3604 312 7 
3605 28 11 
3606 10 24 
3607 16 23 
3608 0 3 
3609 16 3 
3610 24 14 
3611 40 3 
3612 0 6 
3613 40 8 
3614 54 23 
3615 94 8 
3616 4 23 
3617 98 8 
3618 54 19 
3619 152 9 
3620 24 15 
3621 176 5 
3622 0 18 
3623 176 9 
3624 36 23 
3625 212 9 
3626 20 5 
3627 232 9 
3628 0 2 
3629 232 9 
3630 28 23 
3631 260 9 
3632 16 6 
3633 276 5 
3634 56 18 
3635 8 13 
3636 14 12 
3637 0 13 
3638 14 12 
3639 42 18 
3640 56 17 
3641 24 8 
3642 80 12 
3643 54 19 
3644 134 13 
3645 16 14 
3646 150 13 
3647 54 16 
3648 204 12 
3649 12 21 
3650 216 17 
3651 8 5 
3652 224 12 
3653 81 1 
3654 305 12 
3655 15 10 
3656 320 13 
3657 0 8 
3658 320 13 
3659 24 2 
3660 344 8 
3661 48 22 
3662 392 3 
3663 49 14 
3664 16 16 
3665 22 17 
3666 0 21 
3667 22 16 
3668 12 3 
3669 34 21 
3670 32 10 
3671 66 21 
3672 36 19 
3673 102 16 
3674 4 19 
3675 106 16 
3676 6 16 
3677 112 11 
3678 54 23 
3679 166 22 
3680 32 7 
3681 198 22 
3682 81 22 
3683 279 23 
3684 5 10 
3685 284 18 
3686 0 24 
3687 284 18 
3688 32 7 
3689 316 18 
3690 40 16 
3691 356 18 
3692 0 17 
3693 2 19 
3694 8 18 
3695 0 16 
3696 8 17 
3697 24 24 
3698 32 18 
3699 0 7 
3700 32 17 
3701 0 19 
3702 32 18 
3703 18 8 
3704 50 23 
3705 24 20 
3706 74 23 
3707 36 2 
3708 110 22 
3709 12 5 
3710 122 0 
3711 27 7 
3712 149 0 
3713 20 13 
3714 169 5 
3715 0 24 
3716 169 5 
3717 36 17 
3718 205 6 
3719 16 20 
3720 221 6 
3721 56 13 
3722 0 20 
3723 6 20 
3724 14 1 
3725 20 21 
3726 10 20 
3727 30 21 
3728 0 5 
3729 30 5 
3730 6 3 
3731 36 5 
3732 0 17 
3733 36 10 
3734 54 21 
3735 90 10 
3736 9 4 
3737 99 10 
3738 0 11 
3739 99 10 
3740 48 1 
3741 147 10 
3742 6 5 
3743 153 10 
3744 30 4 
3745 183 10 
3746 72 1 
3747 255 11 
3748 0 24 
3749 255 16 
3750 54 3 
3751 5 5 
3752 11 6 
3753 56 22 
3754 67 7 
3755 0 18 
3756 67 12 
3757 42 6 
3758 109 7 
3759 18 0 
3760 127 6 
3761 8 12 
3762 135 11 
3763 36 20 
3764 171 16 
3765 1 12 
3766 172 16 
3767 0 17 
3768 172 16 
3769 0 7 
3770 172 11 
3771 0 11 
3772 172 12 
3773 45 4 
3774 217 9 
3775 54 1 
3776 271 4 
3777 24 20 
3778 295 24 
3779 45 4 
3780 9 19 
3781 15 18 
3782 63 3 
3783 78 23 
3784 12 17 
3785 90 22 
3786 14 7 
3787 104 22 
3788 2 7 
3789 106 22 
3790 12 13 
3791 118 22 
3792 0 2 
3793 118 22 
3794 0 14 
3795 118 23 
3796 0 6 
3797 118 3 
3798 24 11 
3799 142 2 
3800 5 9 
3801 147 7 
3802 20 3 
3803 167 2 
3804 72 6 
3805 239 7 
3806 32 15 
3807 271 6 
3808 72 11 
3809 4 24 
3810 10 19 
3811 21 12 
3812 31 14 
3813 8 19 
3814 39 14 
3815 63 10 
3816 102 14 
3817 18 9 
3818 120 14 
3819 4 24 
3820 124 14 
3821 12 22 
3822 136 19 
3823 7 12 
3824 143 19 
3825 0 12 
3826 143 19 
3827 0 23 
3828 143 19 
3829 0 14 
3830 143 19 
3831 10 19 
3832 153 18 
3833 27 24 
3834 180 19 
3835 28 22 
3836 208 19 
3837 63 24 
3838 6 10 
3839 12 10 
3840 42 12 
3841 54 11 
3842 12 24 
3843 66 20 
3844 63 11 
3845 129 20 
3846 12 18 
3847 141 20 
3848 12 21 
3849 153 20 
3850 42 16 
3851 195 20 
3852 5 14 
3853 200 20 
3854 0 12 
3855 200 15 
3856 54 18 
3857 254 19 
3858 2 10 
3859 256 15 
3860 10 19 
3861 266 20 
3862 72 6 
3863 338 0 
3864 36 21 
3865 374 20 
3866 81 16 
3867 9 6 
3868 15 7 
3869 56 23 
3870 71 8 
3871 4 13 
3872 75 8 
3873 0 16 
3874 75 11 
3875 18 2 
3876 93 11 
3877 14 17 
3878 107 11 
3879 36 21 
3880 143 11 
3881 8 23 
3882 151 22 
3883 0 13 
3884 151 23 
3885 6 17 
3886 157 22 
3887 9 11 
3888 166 17 
3889 30 19 
3890 196 17 
3891 27 3 
3892 223 17 
3893 0 11 
3894 223 17 
3895 54 4 
3896 2 12 
3897 8 12 
3898 0 21 
3899 8 11 
3900 10 23 
3901 18 16 
3902 56 16 
3903 74 16 
3904 6 12 
3905 80 16 
3906 10 17 
3907 90 16 
3908 6 22 
3909 96 16 
3910 7 12 
3911 103 16 
3912 0 16 
3913 103 16 
3914 54 11 
3915 157 16 
3916 4 13 
3917 161 16 
3918 20 19 
3919 181 16 
3920 27 1 
3921 208 16 
3922 12 13 
3923 220 16 
3924 0 16 
3925 2 7 
3926 8 2 
3927 14 17 
3928 22 22 
3929 16 17 
3930 38 22 
3931 7 11 
3932 45 17 
3933 6 13 
3934 51 17 
3935 12 19 
3936 63 17 
3937 18 20 
3938 81 16 
3939 0 12 
3940 81 16 
3941 0 12 
3942 81 16 
3943 36 2 
3944 117 21 
3945 3 15 
3946 120 21 
3947 5 14 
3948 125 10 
3949 27 9 
3950 152 14 
3951 12 15 
3952 164 19 
3953 36 5 
3954 4 12 
3955 10 12 
3956 7 22 
3957 17 17 
3958 12 8 
3959 29 17 
3960 21 15 
3961 50 17 
3962 16 1 
3963 66 16 
3964 18 8 
3965 84 13 
3966 12 23 
3967 96 13 
3968 4 12 
3969 100 13 
3970 0 12 
3971 100 13 
3972 12 6 
3973 112 13 
3974 5 15 
3975 117 13 
3976 10 4 
3977 127 13 
3978 72 2 
3979 199 12 
3980 12 15 
3981 211 12 
3982 9 10 
3983 7 11 
3984 13 11 
3985 0 1 
3986 13 11 
3987 4 14 
3988 17 11 
3989 7 5 
3990 24 11 
3991 0 21 
3992 24 11 
3993 16 15 
3994 40 11 
3995 6 18 
3996 46 12 
3997 8 16 
3998 54 12 
3999 0 22 
4000 54 17 
4001 30 7 
4002 84 12 
4003 1 19 
4004 85 12 
4005 40 19 
4006 125 17 
4007 0 2 
4008 125 17 
4009 28 15 
4010 153 16 
4011 0 9 
4012 7 14 
4013 13 14 
4014 35 2 
4015 48 7 
4016 16 18 
4017 64 7 
4018 7 6 
4019 71 7 
4020 10 22 
4021 81 7 
4022 14 15 
4023 95 16 
4024 30 21 
4025 125 16 
4026 0 22 
4027 125 21 
4028 0 7 
4029 125 21 
4030 24 12 
4031 149 21 
4032 7 11 
4033 156 21 
4034 40 19 
4035 196 21 
4036 36 7 
4037 232 21 
4038 12 20 
4039 244 21 
4040 36 14 
4041 5 12 
4042 11 7 
4043 7 2 
4044 18 7 
4045 8 4 
4046 26 8 
4047 0 10 
4048 26 13 
4049 12 17 
4050 38 18 
4051 4 23 
4052 42 18 
4053 54 24 
4054 96 23 
4055 4 12 
4056 100 23 
4057 0 19 
4058 100 18 
4059 24 13 
4060 124 23 
4061 4 5 
4062 128 3 
4063 45 9 
4064 173 4 
4065 63 4 
4066 236 3 
4067 8 12 
4068 244 3 
4069 72 18 
4070 4 14 
4071 10 14 
4072 7 12 
4073 17 13 
4074 14 17 
4075 31 12 
4076 21 7 
4077 52 7 
4078 12 12 
4079 64 12 
4080 16 16 
4081 80 11 
4082 54 16 
4083 134 16 
4084 2 21 
4085 136 21 
4086 0 14 
4087 136 20 
4088 54 13 
4089 190 24 
4090 3 10 
4091 193 20 
4092 10 8 
4093 203 24 
4094 54 7 
4095 257 10 
4096 24 12 
4097 281 14 
4098 63 5 
4099 8 12 
4100 14 7 
4101 0 21 
4102 14 2 
4103 4 18 
4104 18 3 
4105 28 15 
4106 46 19 
4107 8 8 
4108 54 9 
4109 4 20 
4110 58 9 
4111 6 22 
4112 64 4 
4113 9 18 
4114 73 4 
4115 0 21 
4116 73 4 
4117 54 13 
4118 127 4 
4119 1 9 
4120 128 4 
4121 40 14 
4122 168 9 
4123 72 14 
4124 240 5 
4125 20 16 
4126 260 10 
4127 0 19 
4128 1 15 
4129 7 16 
4130 56 22 
4131 63 16 
4132 8 15 
4133 71 16 
4134 0 17 
4135 71 16 
4136 0 12 
4137 71 11 
4138 18 15 
4139 89 16 
4140 24 20 
4141 113 15 
4142 6 13 
4143 119 19 
4144 0 18 
4145 119 19 
4146 18 12 
4147 137 19 
4148 4 11 
4149 141 19 
4150 40 19 
4151 181 19 
4152 81 19 
4153 262 19 
4154 8 15 
4155 270 19 
4156 72 18 
4157 0 20 
4158 6 20 
4159 18 1 
4160 24 21 
4161 5 20 
4162 29 21 
4163 0 5 
4164 29 5 
4165 21 23 
4166 50 0 
4167 0 4 
4168 50 0 
4169 9 21 
4170 59 0 
4171 45 4 
4172 104 0 
4173 9 10 
4174 113 0 
4175 56 1 
4176 169 0 
4177 42 5 
4178 211 0 
4179 36 4 
4180 247 0 
4181 56 18 
4182 303 4 
4183 0 24 
4184 303 4 
4185 36 19 
4186 0 5 
4187 6 5 
4188 72 2 
4189 78 7 
4190 0 23 
4191 78 8 
4192 42 6 
4193 120 7 
4194 63 7 
4195 183 8 
4196 4 17 
4197 187 7 
4198 6 20 
4199 193 2 
4200 5 1 
4201 198 2 
4202 0 18 
4203 198 2 
4204 0 21 
4205 198 1 
4206 0 7 
4207 198 2 
4208 54 4 
4209 252 1 
4210 42 21 
4211 294 1 
4212 18 20 
4213 312 0 
4214 30 9 
4215 0 19 
4216 6 19 
4217 81 1 
4218 87 15 
4219 6 15 
4220 93 10 
4221 14 7 
4222 107 5 
4223 7 2 
4224 114 5 
4225 6 14 
4226 120 5 
4227 0 15 
4228 120 5 
4229 0 0 
4230 120 5 
4231 36 5 
4232 156 10 
4233 28 3 
4234 184 14 
4235 35 8 
4236 219 9 
4237 24 3 
4238 243 9 
4239 56 20 
4240 299 5 
4241 24 15 
4242 323 0 
4243 48 11 
4244 0 5 
4245 6 5 
4246 27 12 
4247 33 10 
4248 4 19 
4249 37 10 
4250 63 10 
4251 100 15 
4252 63 24 
4253 163 19 
4254 2 4 
4255 165 19 
4256 2 22 
4257 167 24 
4258 35 1 
4259 202 24 
4260 18 9 
4261 220 24 
4262 0 22 
4263 220 24 
4264 0 12 
4265 220 19 
4266 12 24 
4267 232 15 
4268 21 20 
4269 253 15 
4270 21 2 
4271 274 16 
4272 42 15 
4273 0 10 
4274 6 10 
4275 54 7 
4276 60 11 
4277 6 24 
4278 66 20 
4279 63 11 
4280 129 21 
4281 42 23 
4282 171 21 
4283 6 1 
4284 177 21 
4285 7 17 
4286 184 21 
4287 25 0 
4288 209 21 
4289 18 14 
4290 227 19 
4291 63 1 
4292 290 24 
4293 14 10 
4294 304 19 
4295 12 3 
4296 316 19 
4297 56 7 
4298 372 18 
4299 27 24 
4300 399 19 
4301 54 16 
4302 0 6 
4303 6 6 
4304 72 16 
4305 78 11 
4306 2 19 
4307 80 10 
4308 0 12 
4309 80 10 
4310 63 2 
4311 143 11 
4312 7 17 
4313 150 16 
4314 6 21 
4315 156 21 
4316 40 4 
4317 196 20 
4318 18 13 
4319 214 24 
4320 7 2 
4321 221 4 
4322 63 17 
4323 284 18 
4324 36 24 
4325 320 18 
4326 21 3 
4327 341 18 
4328 0 10 
4329 341 18 
4330 36 6 
4331 0 10 
4332 6 10 
4333 0 21 
4334 6 11 
4335 5 4 
4336 11 0 
4337 56 15 
4338 67 0 
4339 21 17 
4340 88 20 
4341 5 1 
4342 93 0 
4343 1 22 
4344 94 20 
4345 35 3 
4346 129 20 
4347 0 11 
4348 129 15 
4349 63 16 
4350 192 15 
4351 28 17 
4352 220 16 
4353 24 20 
4354 244 15 
4355 21 21 
4356 265 20 
4357 9 21 
4358 274 0 
4359 0 6 
4360 0 14 
4361 6 14 
4362 18 22 
4363 24 23 
4364 8 3 
4365 32 24 
4366 7 13 
4367 39 24 
4368 21 7 
4369 60 4 
4370 6 21 
4371 66 24 
4372 3 20 
4373 69 4 
4374 0 6 
4375 69 9 
4376 45 12 
4377 114 14 
4378 42 11 
4379 156 10 
4380 21 18 
4381 177 10 
4382 6 20 
4383 183 10 
4384 21 23 
4385 204 14 
4386 9 15 
4387 213 10 
4388 24 5 
4389 0 6 
4390 6 6 
4391 9 17 
4392 15 11 
4393 6 20 
4394 21 11 
4395 21 9 
4396 42 6 
4397 56 2 
4398 98 7 
4399 9 18 
4400 107 12 
4401 2 23 
4402 109 17 
4403 20 7 
4404 129 17 
4405 45 14 
4406 174 17 
4407 14 6 
4408 188 17 
4409 35 12 
4410 223 17 
4411 12 4 
4412 235 22 
4413 56 22 
4414 291 17 
4415 9 20 
4416 300 22 
4417 6 5 
4418 0 15 
4419 6 15 
4420 0 21 
4421 6 16 
4422 2 4 
4423 8 24 
4424 7 9 
4425 15 24 
4426 0 17 
4427 15 23 
4428 8 22 
4429 23 24 
4430 1 10 
4431 24 24 
4432 40 8 
4433 64 24 
4434 18 5 
4435 82 24 
4436 35 3 
4437 117 24 
4438 7 19 
4439 124 19 
4440 48 9 
4441 172 14 
4442 0 2 
4443 172 7 
4444 21 21 
4445 193 7 
4446 0 9 
4447 0 14 
4448 6 14 
4449 45 2 
4450 51 7 
4451 8 24 
4452 59 8 
4453 7 5 
4454 66 8 
4455 35 17 
4456 101 8 
4457 7 3 
4458 108 8 
4459 5 17 
4460 113 8 
4461 0 20 
4462 113 0 
4463 81 7 
4464 194 0 
4465 28 6 
4466 222 0 
4467 49 17 
4468 271 5 
4469 48 15 
4470 319 11 
4471 28 2 
4472 347 10 
4473 9 2 
4474 356 11 
4475 24 10 
4476 0 19 
4477 6 19 
4478 9 23 
4479 15 24 
4480 4 21 
4481 19 20 
4482 0 6 
4483 19 21 
4484 42 18 
4485 61 21 
4486 2 13 
4487 63 18 
4488 9 23 
4489 72 18 
4490 20 14 
4491 92 18 
4492 0 18 
4493 92 17 
4494 28 2 
4495 120 12 
4496 28 5 
4497 148 7 
4498 54 14 
4499 202 12 
4500 49 22 
4501 251 17 
4502 6 1 
4503 257 16 
4504 48 15 
4505 0 5 
4506 6 6 
4507 9 22 
4508 15 7 
4509 7 23 
4510 22 7 
4511 21 9 
4512 43 7 
4513 42 8 
4514 85 7 
4515 8 16 
4516 93 12 
4517 9 11 
4518 102 12 
4519 10 10 
4520 112 12 
4521 18 13 
4522 130 12 
4523 63 21 
4524 193 17 
4525 21 17 
4526 214 18 
4527 12 9 
4528 226 13 
4529 42 24 
4530 268 14 
4531 18 22 
4532 286 19 
4533 42 10 
4534 0 20 
4535 6 20 
4536 0 15 
4537 6 15 
4538 2 3 
4539 8 20 
4540 28 10 
4541 36 20 
4542 28 8 
4543 64 9 
4544 2 20 
4545 66 4 
4546 1 15 
4547 67 24 
4548 45 23 
4549 112 24 
4550 72 5 
4551 184 24 
4552 63 22 
4553 247 24 
4554 7 10 
4555 254 24 
4556 48 14 
4557 302 24 
4558 56 23 
4559 358 24 
4560 15 22 
4561 373 24 
4562 0 11 
4563 0 15 
4564 6 16 
4565 72 17 
4566 78 16 
4567 4 15 
4568 82 16 
4569 0 11 
4570 82 11 
4571 0 22 
4572 82 12 
4573 9 6 
4574 91 12 
4575 4 17 
4576 95 12 
4577 30 1 
4578 125 12 
4579 27 9 
4580 152 12 
4581 21 16 
4582 173 12 
4583 28 13 
4584 201 12 
4585 48 4 
4586 249 3 
4587 63 24 
4588 312 3 
4589 6 1 
4590 318 3 
4591 48 14 
4592 0 0 
4593 6 0 
4594 12 1 
4595 18 0 
4596 15 20 
4597 33 20 
4598 0 5 
4599 33 0 
4600 12 4 
4601 45 0 
4602 0 4 
4603 45 0 
4604 9 21 
4605 54 1 
4606 18 0 
4607 72 1 
4608 9 10 
4609 81 6 
4610 24 1 
4611 105 6 
4612 54 5 
4613 159 6 
4614 0 4 
4615 159 6 
4616 64 1 
4617 223 6 
4618 0 19 
4619 223 15 
4620 30 15 
4621 25 5 
4622 31 5 
4623 48 2 
4624 79 7 
4625 0 22 
4626 79 2 
4627 54 6 
4628 133 7 
4629 36 15 
4630 169 6 
4631 32 9 
4632 201 5 
4633 6 20 
4634 207 0 
4635 2 1 
4636 209 5 
4637 0 15 
4638 209 5 
4639 0 21 
4640 209 0 
4641 0 6 
4642 209 0 
4643 0 13 
4644 209 5 
4645 48 3 
4646 257 5 
4647 48 20 
4648 305 5 
4649 25 9 
4650 45 14 
4651 51 14 
4652 54 3 
4653 105 13 
4654 18 15 
4655 123 14 
4656 18 7 
4657 141 9 
4658 4 2 
4659 145 9 
4660 48 4 
4661 193 9 
4662 0 15 
4663 193 5 
4664 0 1 
4665 193 6 
4666 36 5 
4667 229 1 
4668 12 3 
4669 241 1 
4670 45 15 
4671 286 1 
4672 0 17 
4673 286 1 
4674 64 8 
4675 350 1 
4676 64 15 
4677 414 0 
4678 40 11 
4679 20 19 
4680 26 19 
4681 18 13 
4682 44 14 
4683 12 19 
4684 56 14 
4685 81 10 
4686 137 10 
4687 36 20 
4688 173 10 
4689 16 24 
4690 189 14 
4691 2 22 
4692 191 19 
4693 14 2 
4694 205 24 
4695 18 6 
4696 223 4 
4697 0 22 
4698 223 3 
4699 0 7 
4700 223 8 
4701 0 19 
4702 223 8 
4703 24 12 
4704 247 13 
4705 56 11 
4706 303 8 
4707 35 19 
4708 30 10 
4709 36 10 
4710 36 18 
4711 72 10 
4712 18 24 
4713 90 14 
4714 81 11 
4715 171 10 
4716 24 18 
4717 195 10 
4718 48 24 
4719 243 10 
4720 7 16 
4721 250 10 
4722 10 11 
4723 260 10 
4724 18 10 
4725 278 14 
4726 27 13 
4727 305 13 
4728 18 10 
4729 323 12 
4730 0 17 
4731 323 12 
4732 64 7 
4733 387 12 
4734 72 19 
4735 459 13 
4736 45 16 
4737 45 6 
4738 51 7 
4739 48 16 
4740 99 12 
4741 6 12 
4742 105 12 
4743 0 12 
4744 105 12 
4745 36 15 
4746 141 11 
4747 56 19 
4748 197 10 
4749 6 21 
4750 203 11 
4751 16 1 
4752 219 6 
4753 18 6 
4754 237 6 
4755 3 2 
4756 240 6 
4757 81 16 
4758 321 6 
4759 0 17 
4760 321 6 
4761 24 8 
4762 345 6 
4763 0 10 
4764 345 6 
4765 30 12 
4766 10 5 
4767 16 10 
4768 0 21 
4769 16 11 
4770 15 4 
4771 31 0 
4772 72 10 
4773 103 0 
4774 12 17 
4775 115 22 
4776 40 1 
4777 155 22 
4778 1 2 
4779 156 22 
4780 14 3 
4781 170 22 
4782 0 6 
4783 170 22 
4784 27 8 
4785 197 22 
4786 36 16 
4787 233 22 
4788 0 18 
4789 233 22 
4790 24 18 
4791 257 22 
4792 24 13 
4793 281 22 
4794 0 12 
4795 10 10 
4796 16 11 
4797 12 22 
4798 28 12 
4799 24 3 
4800 52 7 
4801 9 11 
4802 61 6 
4803 12 7 
4804 73 6 
4805 48 14 
4806 121 5 
4807 3 20 
4808 124 5 
4809 0 17 
4810 124 10 
4811 45 7 
4812 169 10 
4813 18 7 
4814 187 10 
4815 27 23 
4816 214 18 
4817 0 17 
4818 214 18 
4819 24 23 
4820 238 18 
4821 24 13 
4822 262 18 
4823 20 5 
4824 20 6 
4825 26 7 
4826 6 21 
4827 32 2 
4828 18 16 
4829 50 22 
4830 27 9 
4831 77 2 
4832 32 4 
4833 109 1 
4834 72 8 
4835 181 1 
4836 2 18 
4837 183 21 
4838 8 7 
4839 191 21 
4840 45 11 
4841 236 21 
4842 6 13 
4843 242 16 
4844 45 6 
4845 287 11 
4846 0 3 
4847 287 6 
4848 64 2 
4849 351 6 
4850 24 11 
4851 375 6 
4852 5 10 
4853 35 5 
4854 41 6 
4855 0 1 
4856 41 6 
4857 6 9 
4858 47 5 
4859 9 5 
4860 56 6 
4861 0 23 
4862 56 22 
4863 64 12 
4864 120 17 
4865 1 20 
4866 121 16 
4867 16 15 
4868 137 17 
4869 18 5 
4870 155 16 
4871 15 7 
4872 170 16 
4873 9 24 
4874 179 16 
4875 0 13 
4876 179 16 
4877 0 8 
4878 179 7 
4879 56 19 
4880 235 12 
4881 0 13 
4882 35 10 
4883 41 10 
4884 30 2 
4885 71 1 
4886 24 9 
4887 95 6 
4888 9 5 
4889 104 1 
4890 20 22 
4891 124 1 
4892 56 3 
4893 180 1 
4894 5 17 
4895 185 1 
4896 0 20 
4897 185 1 
4898 81 10 
4899 266 1 
4900 12 17 
4901 278 1 
4902 63 18 
4903 341 23 
4904 0 20 
4905 341 22 
4906 32 7 
4907 373 22 
4908 24 8 
4909 397 22 
4910 20 14 
4911 25 9 
4912 31 9 
4913 6 2 
4914 37 8 
4915 12 16 
4916 49 11 
4917 0 6 
4918 49 6 
4919 24 18 
4920 73 11 
4921 16 23 
4922 89 18 
4923 9 24 
4924 98 18 
4925 8 20 
4926 106 18 
4927 0 16 
4928 106 18 
4929 12 14 
4930 118 18 
4931 36 16 
4932 154 18 
4933 0 13 
4934 154 18 
4935 56 2 
4936 210 18 
4937 16 8 
4938 226 18 
4939 40 13 
4940 20 9 
4941 26 9 
4942 6 7 
4943 32 8 
4944 21 17 
4945 53 13 
4946 27 6 
4947 80 12 
4948 24 8 
4949 104 13 
4950 64 13 
4951 168 12 
4952 9 24 
4953 177 23 
4954 4 22 
4955 181 23 
4956 18 5 
4957 199 24 
4958 27 9 
4959 226 24 
4960 27 12 
4961 253 13 
4962 0 4 
4963 253 13 
4964 48 8 
4965 301 13 
4966 48 13 
4967 349 14 
4968 35 19 
4969 40 9 
4970 46 9 
4971 0 21 
4972 46 20 
4973 6 9 
4974 52 20 
4975 36 10 
4976 88 20 
4977 16 17 
4978 104 20 
4979 16 13 
4980 120 14 
4981 1 7 
4982 121 14 
4983 18 15 
4984 139 14 
4985 72 7 
4986 211 14 
4987 27 17 
4988 238 14 
4989 9 6 
4990 247 14 
4991 0 18 
4992 247 14 
4993 64 12 
4994 311 14 
4995 40 11 
4996 351 14 
4997 0 17 
4998 5 6 
4999 11 7 
5000 48 1 
5001 59 2 
5002 12 23 
5003 71 22 
5004 0 7 
5005 71 2 
5006 0 22 
5007 71 22 
5008 72 8 
5009 143 22 
5010 4 21 
5011 147 22 
5012 12 2 
5013 159 22 
5014 27 16 
5015 186 22 
5016 9 8 
5017 195 23 
5018 36 13 
5019 231 23 
5020 0 19 
5021 231 23 
5022 72 12 
5023 303 18 
5024 16 13 
5025 319 18 
5026 40 12 
5027 0 0 
5028 6 1 
5029 18 1 
5030 24 2 
5031 30 4 
5032 54 3 
5033 0 5 
5034 54 8 
5035 24 4 
5036 78 9 
5037 0 3 
5038 78 8 
5039 54 21 
5040 132 7 
5041 9 0 
5042 141 2 
5043 1 11 
5044 142 2 
5045 40 1 
5046 182 2 
5047 54 5 
5048 236 2 
5049 48 4 
5050 284 2 
5051 32 1 
5052 316 22 
5053 0 19 
5054 316 23 
5055 6 10 
5056 0 5 
5057 6 5 
5058 72 2 
5059 78 7 
5060 0 18 
5061 78 12 
5062 18 1 
5063 96 11 
5064 72 4 
5065 168 0 
5066 20 17 
5067 188 22 
5068 36 18 
5069 224 17 
5070 1 6 
5071 225 17 
5072 0 22 
5073 225 17 
5074 0 21 
5075 225 17 
5076 0 6 
5077 225 17 
5078 72 4 
5079 297 18 
5080 24 1 
5081 321 16 
5082 48 20 
5083 369 21 
5084 5 9 
5085 0 20 
5086 6 20 
5087 81 3 
5088 87 23 
5089 36 15 
5090 123 24 
5091 6 12 
5092 129 13 
5093 8 2 
5094 137 13 
5095 30 4 
5096 167 13 
5097 0 15 
5098 167 13 
5099 0 10 
5100 167 13 
5101 4 10 
5102 171 13 
5103 20 16 
5104 191 13 
5105 45 9 
5106 236 13 
5107 32 3 
5108 268 13 
5109 32 6 
5110 300 13 
5111 64 20 
5112 364 18 
5113 8 11 
5114 0 24 
5115 6 23 
5116 27 12 
5117 33 18 
5118 24 20 
5119 57 23 
5120 27 10 
5121 84 18 
5122 72 9 
5123 156 18 
5124 10 4 
5125 166 18 
5126 12 24 
5127 178 18 
5128 7 11 
5129 185 18 
5130 2 1 
5131 187 23 
5132 0 22 
5133 187 18 
5134 0 19 
5135 187 19 
5136 16 8 
5137 203 18 
5138 12 11 
5139 215 17 
5140 56 21 
5141 271 22 
5142 7 11 
5143 0 24 
5144 6 23 
5145 54 7 
5146 60 3 
5147 36 24 
5148 96 3 
5149 27 11 
5150 123 6 
5151 48 23 
5152 171 3 
5153 30 22 
5154 201 23 
5155 42 15 
5156 243 23 
5157 5 11 
5158 248 18 
5159 2 1 
5160 250 2 
5161 45 1 
5162 295 2 
5163 18 10 
5164 313 7 
5165 16 4 
5166 329 2 
5167 32 11 
5168 361 8 
5169 72 19 
5170 433 13 
5171 9 9 
5172 0 24 
5173 6 19 
5174 72 23 
5175 78 18 
5176 12 13 
5177 90 13 
5178 0 16 
5179 90 13 
5180 72 9 
5181 162 13 
5182 35 23 
5183 197 18 
5184 36 15 
5185 233 19 
5186 8 1 
5187 241 24 
5188 2 2 
5189 243 23 
5190 5 2 
5191 248 23 
5192 81 11 
5193 329 18 
5194 48 23 
5195 377 18 
5196 12 3 
5197 389 23 
5198 0 20 
5199 389 23 
5200 6 6 
5201 0 0 
5202 6 1 
5203 0 21 
5204 6 21 
5205 30 24 
5206 36 21 
5207 24 7 
5208 60 22 
5209 24 9 
5210 84 2 
5211 25 17 
5212 109 22 
5213 6 22 
5214 115 2 
5215 7 3 
5216 122 22 
5217 0 11 
5218 122 22 
5219 45 3 
5220 167 2 
5221 36 8 
5222 203 2 
5223 32 22 
5224 235 2 
5225 12 1 
5226 247 2 
5227 24 21 
5228 271 2 
5229 0 7 
5230 0 9 
5231 6 9 
5232 18 22 
5233 24 23 
5234 48 17 
5235 72 23 
5236 3 13 
5237 75 18 
5238 24 13 
5239 99 17 
5240 30 14 
5241 129 18 
5242 18 16 
5243 147 17 
5244 0 11 
5245 147 16 
5246 5 7 
5247 152 17 
5248 30 7 
5249 182 22 
5250 27 9 
5251 209 4 
5252 8 7 
5253 217 4 
5254 12 23 
5255 229 3 
5256 24 15 
5257 253 4 
5258 4 5 
5259 0 24 
5260 6 19 
5261 9 24 
5262 15 19 
5263 36 16 
5264 51 19 
5265 9 22 
5266 60 24 
5267 64 9 
5268 124 24 
5269 45 3 
5270 169 24 
5271 12 14 
5272 181 24 
5273 4 7 
5274 185 2 
5275 5 6 
5276 190 2 
5277 10 1 
5278 200 2 
5279 45 15 
5280 245 22 
5281 16 2 
5282 261 22 
5283 32 2 
5284 293 22 
5285 24 15 
5286 317 22 
5287 1 10 
5288 0 24 
5289 6 24 
5290 0 1 
5291 6 24 
5292 12 19 
5293 18 24 
5294 3 6 
5295 21 4 
5296 0 4 
5297 21 4 
5298 40 22 
5299 61 4 
5300 6 10 
5301 67 4 
5302 8 15 
5303 75 4 
5304 2 23 
5305 77 4 
5306 25 3 
5307 102 4 
5308 9 23 
5309 111 4 
5310 64 8 
5311 175 4 
5312 0 2 
5313 175 4 
5314 56 16 
5315 231 24 
5316 0 5 
5317 0 0 
5318 6 1 
5319 45 2 
5320 51 2 
5321 48 9 
5322 99 7 
5323 3 2 
5324 102 2 
5325 40 22 
5326 142 2 
5327 35 3 
5328 177 2 
5329 30 16 
5330 207 22 
5331 0 1 
5332 207 2 
5333 9 11 
5334 216 7 
5335 20 2 
5336 236 7 
5337 63 18 
5338 299 7 
5339 64 3 
5340 363 7 
5341 16 2 
5342 379 7 
5343 24 20 
5344 403 0 
5345 4 14 
5346 0 24 
5347 6 19 
5348 9 2 
5349 15 24 
5350 24 13 
5351 39 24 
5352 0 11 
5353 39 10 
5354 48 18 
5355 87 15 
5356 10 23 
5357 97 20 
5358 54 19 
5359 151 20 
5360 4 16 
5361 155 20 
5362 0 18 
5363 155 20 
5364 20 2 
5365 175 20 
5366 36 9 
5367 211 20 
5368 72 4 
5369 283 20 
5370 28 17 
5371 311 20 
5372 16 16 
5373 327 20 
5374 8 6 
5375 0 5 
5376 6 6 
5377 9 21 
5378 15 6 
5379 42 18 
5380 57 11 
5381 9 22 
5382 66 11 
5383 48 18 
5384 114 11 
5385 40 13 
5386 154 11 
5387 54 11 
5388 208 10 
5389 2 16 
5390 210 11 
5391 2 18 
5392 212 11 
5393 45 21 
5394 257 11 
5395 27 9 
5396 284 11 
5397 16 8 
5398 300 11 
5399 24 24 
5400 324 16 
5401 48 19 
5402 372 16 
5403 7 5 
5404 0 20 
5405 6 21 
5406 0 21 
5407 6 21 
5408 12 18 
5409 18 22 
5410 12 12 
5411 30 22 
5412 32 14 
5413 62 19 
5414 10 4 
5415 72 24 
5416 6 16 
5417 78 20 
5418 9 23 
5419 87 24 
5420 8 22 
5421 95 24 
5422 45 21 
5423 140 24 
5424 9 5 
5425 149 4 
5426 64 23 
5427 213 3 
5428 32 18 
5429 245 3 
5430 40 17 
5431 285 2 
5432 0 10 
5433 0 24 
5434 6 24 
5435 72 1 
5436 78 24 
5437 24 18 
5438 102 24 
5439 0 17 
5440 102 24 
5441 0 22 
5442 102 24 
5443 45 9 
5444 147 24 
5445 24 20 
5446 171 24 
5447 6 2 
5448 177 23 
5449 3 23 
5450 180 23 
5451 15 22 
5452 195 23 
5453 36 9 
5454 231 23 
5455 64 23 
5456 295 23 
5457 36 19 
5458 331 23 
5459 16 15 
5460 347 23 
5461 8 6 
5462 0 20 
5463 6 20 
5464 6 4 
5465 12 24 
5466 0 20 
5467 12 24 
5468 0 5 
5469 12 5 
5470 12 4 
5471 24 5 
5472 0 4 
5473 24 5 
5474 36 21 
5475 60 6 
5476 63 21 
5477 123 6 
5478 6 11 
5479 129 6 
5480 24 1 
5481 153 6 
5482 6 5 
5483 159 6 
5484 42 14 
5485 201 11 
5486 40 1 
5487 241 11 
5488 0 19 
5489 241 10 
5490 36 10 
5491 0 5 
5492 6 6 
5493 24 22 
5494 30 6 
5495 0 18 
5496 30 11 
5497 24 6 
5498 54 11 
5499 36 3 
5500 90 6 
5501 16 8 
5502 106 6 
5503 24 20 
5504 130 6 
5505 7 6 
5506 137 11 
5507 0 22 
5508 137 16 
5509 0 21 
5510 137 11 
5511 0 6 
5512 137 16 
5513 63 4 
5514 200 11 
5515 30 1 
5516 230 16 
5517 54 20 
5518 284 11 
5519 30 9 
5520 0 20 
5521 6 20 
5522 27 3 
5523 33 24 
5524 0 15 
5525 33 20 
5526 8 11 
5527 41 15 
5528 4 7 
5529 45 16 
5530 24 3 
5531 69 23 
5532 0 15 
5533 69 23 
5534 0 10 
5535 69 18 
5536 24 6 
5537 93 7 
5538 12 3 
5539 105 7 
5540 5 9 
5541 110 7 
5542 28 3 
5543 138 7 
5544 40 6 
5545 178 7 
5546 72 20 
5547 250 6 
5548 48 6 
5549 0 5 
5550 6 5 
5551 9 4 
5552 15 9 
5553 0 20 
5554 15 5 
5555 36 10 
5556 51 5 
5557 36 9 
5558 87 5 
5559 8 9 
5560 95 5 
5561 8 22 
5562 103 0 
5563 49 11 
5564 152 0 
5565 12 1 
5566 164 0 
5567 0 3 
5568 164 0 
5569 0 14 
5570 164 0 
5571 14 9 
5572 178 0 
5573 15 11 
5574 193 0 
5575 63 21 
5576 256 0 
5577 42 13 
5578 0 24 
5579 6 24 
5580 18 7 
5581 24 4 
5582 0 20 
5583 24 4 
5584 36 11 
5585 60 9 
5586 24 3 
5587 84 4 
5588 24 4 
5589 108 9 
5590 28 16 
5591 136 15 
5592 35 14 
5593 171 15 
5594 12 12 
5595 183 15 
5596 27 1 
5597 210 15 
5598 2 10 
5599 212 15 
5600 14 24 
5601 226 15 
5602 40 6 
5603 266 15 
5604 81 18 
5605 347 15 
5606 54 8 
5607 0 1 
5608 6 1 
5609 24 17 
5610 30 2 
5611 0 13 
5612 30 3 
5613 0 7 
5614 30 2 
5615 36 3 
5616 66 2 
5617 28 24 
5618 94 3 
5619 24 21 
5620 118 23 
5621 56 22 
5622 174 23 
5623 12 2 
5624 186 23 
5625 3 2 
5626 189 23 
5627 9 11 
5628 198 18 
5629 42 23 
5630 240 18 
5631 15 8 
5632 255 18 
5633 0 20 
5634 255 23 
5635 36 8 
5636 0 15 
5637 6 15 
5638 0 8 
5639 6 10 
5640 0 23 
5641 6 24 
5642 32 10 
5643 38 20 
5644 12 8 
5645 50 24 
5646 20 13 
5647 70 19 
5648 4 21 
5649 74 24 
5650 49 21 
5651 123 24 
5652 0 16 
5653 123 24 
5654 27 16 
5655 150 24 
5656 4 18 
5657 154 24 
5658 28 24 
5659 182 4 
5660 15 1 
5661 197 4 
5662 27 21 
5663 224 4 
5664 0 7 
5665 0 19 
5666 6 19 
5667 6 22 
5668 12 19 
5669 0 16 
5670 12 19 
5671 4 11 
5672 16 15 
5673 12 3 
5674 28 4 
5675 24 14 
5676 52 4 
5677 12 20 
5678 64 4 
5679 0 16 
5680 64 24 
5681 30 7 
5682 94 2 
5683 18 21 
5684 112 2 
5685 3 19 
5686 115 3 
5687 7 24 
5688 122 3 
5689 15 23 
5690 137 3 
5691 27 15 
5692 164 8 
5693 24 5 
5694 0 1 
5695 6 1 
5696 3 8 
5697 9 2 
5698 0 15 
5699 9 20 
5700 12 19 
5701 21 20 
5702 32 3 
5703 53 20 
5704 36 8 
5705 89 3 
5706 8 23 
5707 97 4 
5708 28 21 
5709 125 4 
5710 30 11 
5711 155 10 
5712 6 2 
5713 161 5 
5714 5 6 
5715 166 10 
5716 14 24 
5717 180 14 
5718 40 2 
5719 220 13 
5720 27 15 
5721 247 14 
5722 6 5 
5723 0 15 
5724 6 15 
5725 0 1 
5726 6 16 
5727 0 8 
5728 6 13 
5729 4 5 
5730 10 13 
5731 0 12 
5732 10 13 
5733 32 7 
5734 42 13 
5735 4 18 
5736 46 13 
5737 56 17 
5738 102 13 
5739 12 5 
5740 114 13 
5741 15 4 
5742 129 8 
5743 1 14 
5744 130 9 
5745 56 8 
5746 186 14 
5747 0 2 
5748 186 13 
5749 63 15 
5750 249 14 
5751 0 13 
5752 0 15 
5753 6 15 
5754 15 3 
5755 21 20 
5756 0 19 
5757 21 20 
5758 4 5 
5759 25 20 
5760 20 3 
5761 45 20 
5762 28 3 
5763 73 20 
5764 20 17 
5765 93 20 
5766 0 21 
5767 93 20 
5768 54 7 
5769 147 21 
5770 12 7 
5771 159 22 
5772 7 5 
5773 166 21 
5774 56 24 
5775 222 21 
5776 20 7 
5777 242 21 
5778 27 2 
5779 269 21 
5780 24 14 
5781 0 19 
5782 6 14 
5783 3 8 
5784 9 13 
5785 0 16 
5786 9 12 
5787 0 6 
5788 9 7 
5789 24 18 
5790 33 12 
5791 8 24 
5792 41 13 
5793 36 16 
5794 77 12 
5795 28 16 
5796 105 12 
5797 0 10 
5798 105 12 
5799 12 17 
5800 117 12 
5801 4 5 
5802 121 7 
5803 63 13 
5804 184 12 
5805 35 22 
5806 219 7 
5807 18 6 
5808 237 12 
5809 48 13 
5810 0 4 
5811 6 4 
5812 3 9 
5813 9 9 
5814 0 14 
5815 9 14 
5816 12 6 
5817 21 9 
5818 24 8 
5819 45 9 
5820 32 14 
5821 77 9 
5822 36 16 
5823 113 15 
5824 14 21 
5825 127 16 
5826 12 8 
5827 139 11 
5828 27 4 
5829 166 10 
5830 3 9 
5831 169 10 
5832 14 24 
5833 183 20 
5834 30 22 
5835 213 20 
5836 54 19 
5837 267 20 
5838 42 7 
5839 0 19 
5840 6 19 
5841 0 12 
5842 6 19 
5843 0 3 
5844 6 18 
5845 16 10 
5846 22 19 
5847 16 9 
5848 38 19 
5849 8 4 
5850 46 19 
5851 4 12 
5852 50 19 
5853 63 21 
5854 113 19 
5855 48 1 
5856 161 0 
5857 27 22 
5858 188 0 
5859 1 10 
5860 189 0 
5861 56 24 
5862 245 0 
5863 40 11 
5864 285 0 
5865 45 19 
5866 330 0 
5867 0 13 
5868 0 24 
5869 6 24 
5870 24 12 
5871 30 19 
5872 0 15 
5873 30 10 
5874 0 19 
5875 30 15 
5876 0 2 
5877 30 1 
5878 36 9 
5879 66 6 
5880 16 20 
5881 82 1 
5882 42 21 
5883 124 2 
5884 18 3 
5885 142 22 
5886 9 8 
5887 151 23 
5888 4 10 
5889 155 18 
5890 56 24 
5891 211 13 
5892 45 17 
5893 256 18 
5894 18 20 
5895 274 23 
5896 48 7 
5897 0 0 
5898 6 15 
5899 2 16 
5900 8 16 
5901 35 4 
5902 43 0 
5903 0 5 
5904 43 0 
5905 15 4 
5906 58 0 
5907 0 2 
5908 58 0 
5909 36 12 
5910 94 5 
5911 9 3 
5912 103 4 
5913 8 15 
5914 111 0 
5915 40 1 
5916 151 0 
5917 54 5 
5918 205 0 
5919 42 4 
5920 247 0 
5921 40 1 
5922 287 0 
5923 0 13 
5924 287 5 
5925 48 10 
5926 10 0 
5927 16 20 
5928 8 2 
5929 24 22 
5930 0 9 
5931 24 2 
5932 48 6 
5933 72 6 
5934 45 8 
5935 117 6 
5936 28 8 
5937 145 6 
5938 24 18 
5939 169 11 
5940 1 1 
5941 170 6 
5942 0 10 
5943 170 11 
5944 0 8 
5945 170 11 
5946 0 7 
5947 170 11 
5948 63 13 
5949 233 11 
5950 30 21 
5951 263 11 
5952 18 20 
5953 281 11 
5954 40 15 
5955 18 20 
5956 24 20 
5957 9 1 
5958 33 21 
5959 42 14 
5960 75 20 
5961 16 11 
5962 91 21 
5963 5 7 
5964 96 21 
5965 42 3 
5966 138 21 
5967 0 15 
5968 138 21 
5969 0 15 
5970 138 21 
5971 32 14 
5972 170 19 
5973 20 11 
5974 190 14 
5975 45 9 
5976 235 19 
5977 28 17 
5978 263 19 
5979 40 20 
5980 303 19 
5981 24 15 
5982 327 19 
5983 64 15 
5984 8 5 
5985 14 5 
5986 3 12 
5987 17 12 
5988 28 19 
5989 45 17 
5990 72 10 
5991 117 12 
5992 45 9 
5993 162 7 
5994 14 7 
5995 176 2 
5996 8 23 
5997 184 2 
5998 7 2 
5999 191 3 
6000 16 14 
6001 207 3 
6002 0 22 
6003 207 3 
6004 0 22 
6005 207 3 
6006 14 12 
6007 221 3 
6008 15 24 
6009 236 23 
6010 21 17 
6011 257 18 
6012 56 19 
6013 12 24 
6014 18 24 
6015 6 7 
6016 24 4 
6017 42 24 
6018 66 4 
6019 72 11 
6020 138 10 
6021 30 19 
6022 168 10 
6023 42 22 
6024 210 15 
6025 28 17 
6026 238 15 
6027 5 0 
6028 243 15 
6029 16 14 
6030 259 15 
6031 45 13 
6032 304 15 
6033 18 4 
6034 322 15 
6035 14 23 
6036 336 15 
6037 40 20 
6038 376 15 
6039 27 13 
6040 403 15 
6041 72 8 
6042 18 23 
6043 24 23 
6044 8 18 
6045 32 23 
6046 14 9 
6047 46 3 
6048 0 12 
6049 46 8 
6050 45 4 
6051 91 3 
6052 49 23 
6053 140 3 
6054 24 10 
6055 164 8 
6056 8 22 
6057 172 3 
6058 16 17 
6059 188 3 
6060 5 2 
6061 193 3 
6062 81 11 
6063 274 6 
6064 42 23 
6065 316 2 
6066 15 1 
6067 331 3 
6068 0 12 
6069 331 8 
6070 48 13 
6071 4 5 
6072 10 10 
6073 0 21 
6074 10 11 
6075 35 23 
6076 45 16 
6077 64 10 
6078 109 16 
6079 15 9 
6080 124 5 
6081 35 2 
6082 159 5 
6083 4 23 
6084 163 0 
6085 7 21 
6086 170 1 
6087 0 16 
6088 170 1 
6089 45 17 
6090 215 1 
6091 36 18 
6092 251 21 
6093 28 23 
6094 279 20 
6095 15 21 
6096 294 24 
6097 9 13 
6098 303 19 
6099 0 6 
6100 4 23 
6101 10 23 
6102 2 22 
6103 12 23 
6104 56 23 
6105 68 23 
6106 8 20 
6107 76 23 
6108 15 13 
6109 91 18 
6110 42 22 
6111 133 18 
6112 12 16 
6113 145 18 
6114 0 16 
6115 145 18 
6116 40 17 
6117 185 18 
6118 30 13 
6119 215 18 
6120 27 23 
6121 242 23 
6122 7 12 
6123 249 18 
6124 15 20 
6125 264 23 
6126 9 12 
6127 273 23 
6128 32 5 
6129 8 23 
6130 14 23 
6131 1 17 
6132 15 22 
6133 42 8 
6134 57 2 
6135 24 15 
6136 81 20 
6137 40 19 
6138 121 15 
6139 63 3 
6140 184 20 
6141 8 23 
6142 192 24 
6143 4 21 
6144 196 24 
6145 40 14 
6146 236 24 
6147 10 6 
6148 246 1 
6149 45 12 
6150 291 11 
6151 14 12 
6152 305 16 
6153 40 6 
6154 345 6 
6155 9 12 
6156 354 7 
6157 8 5 
6158 14 23 
6159 20 22 
6160 0 21 
6161 20 22 
6162 14 4 
6163 34 2 
6164 8 5 
6165 42 7 
6166 0 17 
6167 42 12 
6168 56 22 
6169 98 17 
6170 4 18 
6171 102 17 
6172 8 1 
6173 110 22 
6174 16 17 
6175 126 22 
6176 25 13 
6177 151 17 
6178 9 24 
6179 160 17 
6180 56 12 
6181 216 17 
6182 0 1 
6183 216 22 
6184 21 18 
6185 237 17 
6186 0 5 
6187 14 19 
6188 20 19 
6189 5 2 
6190 25 24 
6191 56 9 
6192 81 24 
6193 8 6 
6194 89 1 
6195 25 3 
6196 114 1 
6197 49 2 
6198 163 1 
6199 20 18 
6200 183 21 
6201 0 22 
6202 183 17 
6203 72 16 
6204 255 17 
6205 20 12 
6206 275 17 
6207 63 24 
6208 338 17 
6209 56 23 
6210 394 17 
6211 20 6 
6212 414 17 
6213 9 13 
6214 423 17 
6215 32 10 
6216 10 23 
6217 16 23 
6218 1 18 
6219 17 23 
6220 28 3 
6221 45 23 
6222 0 16 
6223 45 18 
6224 30 18 
6225 75 13 
6226 14 8 
6227 89 8 
6228 36 19 
6229 125 9 
6230 4 11 
6231 129 5 
6232 0 19 
6233 129 9 
6234 20 14 
6235 149 9 
6236 36 7 
6237 185 9 
6238 63 14 
6239 248 9 
6240 35 24 
6241 283 9 
6242 6 12 
6243 289 9 
6244 64 19 
6245 8 24 
6246 14 24 
6247 1 13 
6248 15 19 
6249 49 23 
6250 64 19 
6251 24 14 
6252 88 19 
6253 30 18 
6254 118 19 
6255 56 3 
6256 174 19 
6257 36 11 
6258 210 19 
6259 2 22 
6260 212 18 
6261 16 14 
6262 228 18 
6263 45 13 
6264 273 18 
6265 27 9 
6266 300 13 
6267 14 12 
6268 314 13 
6269 30 21 
6270 344 22 
6271 18 17 
6272 362 22 
6273 56 10 
6274 16 20 
6275 22 20 
6276 0 7 
6277 22 21 
6278 14 18 
6279 36 22 
6280 32 8 
6281 68 8 
6282 20 8 
6283 88 7 
6284 14 8 
6285 102 8 
6286 4 14 
6287 106 8 
6288 9 22 
6289 115 8 
6290 64 21 
6291 179 3 
6292 45 22 
6293 224 23 
6294 9 3 
6295 233 3 
6296 56 23 
6297 289 3 
6298 40 7 
6299 329 8 
6300 15 17 
6301 344 7 
6302 0 9 
6303 2 23 
6304 8 23 
6305 8 22 
6306 16 23 
6307 28 24 
6308 44 23 
6309 0 14 
6310 44 18 
6311 0 2 
6312 44 17 
6313 63 7 
6314 107 17 
6315 16 13 
6316 123 17 
6317 6 2 
6318 129 17 
6319 24 16 
6320 153 17 
6321 15 8 
6322 168 18 
6323 36 8 
6324 204 18 
6325 56 23 
6326 260 18 
6327 45 24 
6328 305 18 
6329 6 13 
6330 311 13 
6331 64 14 
6332 0 0 
6333 6 0 
6334 6 1 
6335 12 0 
6336 5 20 
6337 17 20 
6338 0 5 
6339 17 0 
6340 27 4 
6341 44 4 
6342 0 2 
6343 44 4 
6344 36 7 
6345 80 3 
6346 27 0 
6347 107 4 
6348 3 10 
6349 110 9 
6350 24 1 
6351 134 5 
6352 48 5 
6353 182 9 
6354 36 4 
6355 218 9 
6356 0 16 
6357 218 14 
6358 0 24 
6359 218 9 
6360 48 3 
6361 40 5 
6362 46 10 
6363 24 2 
6364 70 11 
6365 0 8 
6366 70 11 
6367 48 6 
6368 118 11 
6369 81 8 
6370 199 11 
6371 24 17 
6372 223 11 
6373 24 18 
6374 247 11 
6375 3 1 
6376 250 11 
6377 0 22 
6378 250 11 
6379 0 21 
6380 250 11 
6381 0 6 
6382 250 11 
6383 54 4 
6384 304 10 
6385 0 21 
6386 304 15 
6387 24 20 
6388 328 19 
6389 40 23 
6390 72 20 
6391 78 20 
6392 27 1 
6393 105 21 
6394 6 14 
6395 111 20 
6396 16 11 
6397 127 21 
6398 9 7 
6399 136 21 
6400 36 2 
6401 172 21 
6402 0 6 
6403 172 21 
6404 0 6 
6405 172 21 
6406 12 5 
6407 184 21 
6408 12 3 
6409 196 21 
6410 40 9 
6411 236 1 
6412 24 3 
6413 260 1 
6414 0 3 
6415 260 1 
6416 32 15 
6417 292 1 
6418 64 16 
6419 32 24 
6420 38 24 
6421 9 4 
6422 47 24 
6423 4 19 
6424 51 19 
6425 72 10 
6426 123 14 
6427 81 9 
6428 204 14 
6429 12 7 
6430 216 13 
6431 8 22 
6432 224 18 
6433 21 12 
6434 245 13 
6435 6 6 
6436 251 8 
6437 0 22 
6438 251 3 
6439 0 14 
6440 251 4 
6441 12 8 
6442 263 4 
6443 0 11 
6444 263 9 
6445 28 23 
6446 291 9 
6447 56 24 
6448 48 5 
6449 54 10 
6450 18 7 
6451 72 10 
6452 6 24 
6453 78 15 
6454 72 11 
6455 150 16 
6456 54 19 
6457 204 15 
6458 36 22 
6459 240 20 
6460 28 1 
6461 268 20 
6462 15 10 
6463 283 20 
6464 6 1 
6465 289 20 
6466 27 1 
6467 316 20 
6468 16 10 
6469 332 20 
6470 12 24 
6471 344 20 
6472 0 7 
6473 344 0 
6474 36 19 
6475 380 4 
6476 72 17 
6477 72 4 
6478 78 9 
6479 24 16 
6480 102 15 
6481 2 13 
6482 104 15 
6483 0 5 
6484 104 15 
6485 81 4 
6486 185 15 
6487 42 22 
6488 227 15 
6489 24 22 
6490 251 15 
6491 24 10 
6492 275 15 
6493 6 2 
6494 281 1 
6495 3 2 
6496 284 1 
6497 72 6 
6498 356 1 
6499 36 19 
6500 392 21 
6501 0 3 
6502 392 21 
6503 0 20 
6504 392 21 
6505 48 8 
6506 16 5 
6507 22 5 
6508 0 21 
6509 22 6 
6510 5 20 
6511 27 5 
6512 64 15 
6513 91 5 
6514 27 8 
6515 118 5 
6516 30 2 
6517 148 6 
6518 4 7 
6519 152 6 
6520 21 21 
6521 173 11 
6522 0 11 
6523 173 10 
6524 27 3 
6525 200 4 
6526 32 8 
6527 232 3 
6528 24 23 
6529 256 4 
6530 0 3 
6531 256 4 
6532 12 23 
6533 268 3 
6534 0 17 
6535 16 9 
6536 22 9 
6537 6 22 
6538 28 4 
6539 8 17 
6540 36 24 
6541 8 20 
6542 44 24 
6543 27 3 
6544 71 24 
6545 36 21 
6546 107 24 
6547 12 1 
6548 119 24 
6549 0 16 
6550 119 24 
6551 15 7 
6552 134 2 
6553 18 7 
6554 152 2 
6555 24 9 
6556 176 2 
6557 6 9 
6558 182 2 
6559 0 12 
6560 182 2 
6561 12 15 
6562 194 1 
6563 32 21 
6564 32 6 
6565 38 7 
6566 3 21 
6567 41 2 
6568 6 9 
6569 47 7 
6570 24 15 
6571 71 10 
6572 72 3 
6573 143 5 
6574 54 7 
6575 197 5 
6576 8 2 
6577 205 5 
6578 12 21 
6579 217 5 
6580 15 1 
6581 232 5 
6582 6 21 
6583 238 5 
6584 40 11 
6585 278 5 
6586 12 4 
6587 290 5 
6588 0 22 
6589 290 6 
6590 12 12 
6591 302 11 
6592 8 11 
6593 56 3 
6594 62 2 
6595 0 4 
6596 62 3 
6597 2 13 
6598 64 8 
6599 8 5 
6600 72 9 
6601 0 23 
6602 72 8 
6603 48 22 
6604 120 7 
6605 4 1 
6606 124 6 
6607 24 6 
6608 148 1 
6609 6 5 
6610 154 6 
6611 15 2 
6612 169 6 
6613 8 13 
6614 177 11 
6615 48 15 
6616 225 11 
6617 0 3 
6618 225 6 
6619 28 19 
6620 253 11 
6621 0 18 
6622 56 9 
6623 62 9 
6624 15 2 
6625 77 8 
6626 8 18 
6627 85 8 
6628 8 6 
6629 93 8 
6630 45 22 
6631 138 7 
6632 42 7 
6633 180 12 
6634 20 2 
6635 200 7 
6636 0 10 
6637 200 7 
6638 27 16 
6639 227 6 
6640 12 7 
6641 239 1 
6642 56 5 
6643 295 6 
6644 48 22 
6645 343 1 
6646 0 12 
6647 343 2 
6648 12 13 
6649 355 3 
6650 32 11 
6651 40 10 
6652 46 11 
6653 3 2 
6654 49 12 
6655 4 3 
6656 53 7 
6657 0 10 
6658 53 6 
6659 54 18 
6660 107 7 
6661 12 11 
6662 119 7 
6663 36 21 
6664 155 7 
6665 12 10 
6666 167 7 
6667 0 10 
6668 167 7 
6669 12 16 
6670 179 7 
6671 32 8 
6672 211 12 
6673 54 3 
6674 265 12 
6675 0 17 
6676 265 7 
6677 8 18 
6678 273 7 
6679 64 18 
6680 32 6 
6681 38 6 
6682 3 21 
6683 41 11 
6684 7 23 
6685 48 16 
6686 24 6 
6687 72 16 
6688 54 8 
6689 126 17 
6690 48 16 
6691 174 18 
6692 36 6 
6693 210 7 
6694 6 10 
6695 216 7 
6696 6 7 
6697 222 7 
6698 27 12 
6699 249 7 
6700 24 10 
6701 273 7 
6702 12 20 
6703 285 2 
6704 0 3 
6705 285 2 
6706 24 24 
6707 309 2 
6708 56 11 
6709 64 20 
6710 70 20 
6711 0 15 
6712 70 15 
6713 2 3 
6714 72 20 
6715 32 10 
6716 104 20 
6717 36 13 
6718 140 14 
6719 12 11 
6720 152 14 
6721 4 6 
6722 156 14 
6723 27 10 
6724 183 14 
6725 24 21 
6726 207 19 
6727 27 22 
6728 234 19 
6729 8 14 
6730 242 19 
6731 48 18 
6732 290 19 
6733 0 12 
6734 290 19 
6735 20 21 
6736 310 19 
6737 0 17 
6738 8 20 
6739 14 20 
6740 24 1 
6741 38 21 
6742 4 23 
6743 42 22 
6744 0 11 
6745 42 17 
6746 0 18 
6747 42 17 
6748 54 6 
6749 96 12 
6750 16 21 
6751 112 11 
6752 18 1 
6753 130 11 
6754 9 2 
6755 139 6 
6756 9 16 
6757 148 6 
6758 32 11 
6759 180 6 
6760 48 9 
6761 228 5 
6762 0 12 
6763 228 10 
6764 8 20 
6765 236 10 
6766 64 17 
6767 0 19 
6768 6 19 
6769 16 4 
6770 22 24 
6771 45 20 
6772 67 20 
6773 0 5 
6774 67 20 
6775 21 4 
6776 88 24 
6777 0 0 
6778 88 4 
6779 36 0 
6780 124 4 
6781 27 0 
6782 151 4 
6783 0 19 
6784 151 4 
6785 24 1 
6786 175 4 
6787 0 5 
6788 175 9 
6789 54 4 
6790 229 4 
6791 16 1 
6792 245 0 
6793 0 24 
6794 245 4 
6795 24 0 
6796 40 5 
6797 46 10 
6798 64 22 
6799 110 15 
6800 0 8 
6801 110 19 
6802 42 6 
6803 152 15 
6804 63 3 
6805 215 23 
6806 24 5 
6807 239 10 
6808 24 20 
6809 263 15 
6810 3 1 
6811 266 10 
6812 0 17 
6813 266 15 
6814 0 20 
6815 266 10 
6816 0 6 
6817 266 15 
6818 81 4 
6819 347 5 
6820 12 21 
6821 359 4 
6822 30 15 
6823 389 0 
6824 20 4 
6825 72 19 
6826 78 19 
6827 72 3 
6828 150 19 
6829 54 15 
6830 204 15 
6831 14 12 
6832 218 10 
6833 7 2 
6834 225 1 
6835 36 10 
6836 261 1 
6837 0 19 
6838 261 24 
6839 0 6 
6840 261 5 
6841 0 15 
6842 261 5 
6843 12 20 
6844 273 5 
6845 0 8 
6846 273 5 
6847 36 3 
6848 309 5 
6849 16 6 
6850 325 10 
6851 40 24 
6852 365 14 
6853 32 24 
6854 32 24 
6855 38 24 
6856 24 4 
6857 62 24 
6858 36 10 
6859 98 19 
6860 63 10 
6861 161 19 
6862 63 9 
6863 224 19 
6864 12 5 
6865 236 19 
6866 8 19 
6867 244 19 
6868 21 0 
6869 265 19 
6870 0 24 
6871 265 19 
6872 0 17 
6873 265 19 
6874 0 2 
6875 265 3 
6876 18 9 
6877 283 3 
6878 6 21 
6879 289 3 
6880 35 23 
6881 324 3 
6882 28 24 
6883 48 24 
6884 54 24 
6885 48 7 
6886 102 4 
6887 54 24 
6888 156 4 
6889 63 11 
6890 219 10 
6891 42 2 
6892 261 7 
6893 36 15 
6894 297 12 
6895 28 19 
6896 325 12 
6897 15 11 
6898 340 12 
6899 0 4 
6900 340 13 
6901 27 1 
6902 367 13 
6903 0 10 
6904 367 13 
6905 18 3 
6906 385 13 
6907 16 6 
6908 401 13 
6909 45 19 
6910 446 13 
6911 36 9 
6912 72 24 
6913 78 24 
6914 64 23 
6915 142 23 
6916 18 9 
6917 160 3 
6918 0 7 
6919 160 8 
6920 63 4 
6921 223 3 
6922 42 15 
6923 265 19 
6924 24 19 
6925 289 24 
6926 24 0 
6927 313 24 
6928 0 2 
6929 313 24 
6930 3 17 
6931 316 24 
6932 0 11 
6933 316 10 
6934 54 13 
6935 370 10 
6936 6 1 
6937 376 10 
6938 0 14 
6939 376 10 
6940 24 4 
6941 16 10 
6942 22 10 
6943 0 13 
6944 22 14 
6945 45 23 
6946 67 13 
6947 56 16 
6948 123 18 
6949 21 8 
6950 144 13 
6951 30 10 
6952 174 13 
6953 4 21 
6954 178 12 
6955 21 2 
6956 199 17 
6957 0 10 
6958 199 12 
6959 27 15 
6960 226 17 
6961 0 17 
6962 226 12 
6963 36 22 
6964 262 17 
6965 6 1 
6966 268 22 
6967 15 21 
6968 283 23 
6969 0 3 
6970 16 18 
6971 22 18 
6972 16 21 
6973 38 17 
6974 72 16 
6975 110 17 
6976 7 13 
6977 117 17 
6978 21 7 
6979 138 12 
6980 36 15 
6981 174 11 
6982 12 20 
6983 186 10 
6984 0 22 
6985 186 17 
6986 0 11 
6987 186 17 
6988 18 15 
6989 204 18 
6990 0 18 
6991 204 23 
6992 9 9 
6993 213 3 
6994 6 21 
6995 219 3 
6996 15 16 
6997 234 2 
6998 16 5 
6999 32 24 
7000 38 24 
7001 8 22 
7002 46 23 
7003 54 16 
7004 100 22 
7005 21 22 
7006 121 22 
7007 56 2 
7008 177 22 
7009 54 15 
7010 231 21 
7011 8 18 
7012 239 21 
7013 12 21 
7014 251 21 
7015 0 1 
7016 251 21 
7017 6 13 
7018 257 22 
7019 0 11 
7020 257 12 
7021 18 2 
7022 275 17 
7023 16 6 
7024 291 12 
7025 15 24 
7026 306 17 
7027 4 3 
7028 56 18 
7029 62 18 
7030 0 6 
7031 62 7 
7032 18 8 
7033 80 7 
7034 7 1 
7035 87 7 
7036 0 4 
7037 87 7 
7038 48 15 
7039 135 16 
7040 4 20 
7041 139 21 
7042 24 17 
7043 163 16 
7044 0 5 
7045 163 16 
7046 15 13 
7047 178 16 
7048 0 6 
7049 178 16 
7050 72 8 
7051 250 7 
7052 0 6 
7053 250 7 
7054 35 22 
7055 285 7 
7056 0 9 
7057 56 10 
7058 62 10 
7059 40 2 
7060 102 5 
7061 72 18 
7062 174 10 
7063 7 2 
7064 181 5 
7065 35 3 
7066 216 5 
7067 42 15 
7068 258 5 
7069 20 19 
7070 278 9 
7071 0 1 
7072 278 4 
7073 0 8 
7074 278 4 
7075 12 17 
7076 290 3 
7077 0 5 
7078 290 4 
7079 72 10 
7080 362 4 
7081 8 6 
7082 370 4 
7083 15 14 
7084 385 4 
7085 16 14 
7086 40 17 
7087 46 17 
7088 8 3 
7089 54 17 
7090 36 3 
7091 90 22 
7092 0 21 
7093 90 22 
7094 42 3 
7095 132 23 
7096 12 10 
7097 144 18 
7098 36 19 
7099 180 18 
7100 12 20 
7101 192 18 
7102 0 18 
7103 192 19 
7104 12 16 
7105 204 18 
7106 0 7 
7107 204 18 
7108 81 4 
7109 285 18 
7110 14 2 
7111 299 18 
7112 10 23 
7113 309 18 
7114 32 8 
7115 32 5 
7116 38 9 
7117 8 12 
7118 46 8 
7119 63 16 
7120 109 7 
7121 21 14 
7122 130 12 
7123 42 14 
7124 172 12 
7125 48 15 
7126 220 17 
7127 36 21 
7128 256 17 
7129 6 24 
7130 262 17 
7131 0 9 
7132 262 18 
7133 27 14 
7134 289 18 
7135 0 7 
7136 289 17 
7137 18 8 
7138 307 18 
7139 12 21 
7140 319 17 
7141 30 19 
7142 349 18 
7143 28 19 
7144 64 16 
7145 70 16 
7146 0 7 
7147 70 17 
7148 18 8 
7149 88 18 
7150 28 7 
7151 116 17 
7152 28 9 
7153 144 12 
7154 12 15 
7155 156 17 
7156 4 21 
7157 160 22 
7158 27 18 
7159 187 22 
7160 0 21 
7161 187 22 
7162 27 17 
7163 214 22 
7164 0 6 
7165 214 21 
7166 72 14 
7167 286 16 
7168 16 8 
7169 302 7 
7170 25 19 
7171 327 12 
7172 0 4 
7173 8 19 
7174 14 14 
7175 64 1 
7176 78 10 
7177 36 8 
7178 114 10 
7179 0 17 
7180 114 15 
7181 0 2 
7182 114 1 
7183 54 15 
7184 168 1 
7185 16 20 
7186 184 21 
7187 18 2 
7188 202 1 
7189 0 3 
7190 202 2 
7191 9 16 
7192 211 22 
7193 0 11 
7194 211 21 
7195 72 13 
7196 283 16 
7197 18 1 
7198 301 11 
7199 10 23 
7200 311 11 
7201 32 9 
