1 0 3 0 0 
2 1 6 0 0 
3 2 7 0 0 
4 3 5 0 0 
5 4 3 0 0 
6 5 5 0 0 
7 6 6 0 0 
8 7 2 0 0 
9 8 9 0 0 
10 9 1 0 0 
11 10 2 0 0 
12 11 7 0 0 
13 12 0 0 0 
14 13 9 0 0 
15 14 3 0 0 
16 15 6 0 0 
17 16 0 0 0 
18 17 6 0 0 
19 18 2 0 0 
20 19 6 0 0 
21 20 1 0 0 
22 21 8 0 0 
23 22 7 0 0 
24 23 9 0 0 
25 24 2 0 0 
26 25 0 0 0 
27 26 2 0 0 
28 27 3 0 0 
29 28 7 0 0 
30 29 5 0 0 
31 30 9 0 0 
32 31 2 0 0 
33 32 2 0 0 
34 33 8 0 0 
35 34 9 0 0 
36 35 7 0 0 
37 36 3 0 0 
38 37 6 0 0 
39 38 1 0 0 
40 39 2 0 0 
41 40 9 0 0 
42 41 3 0 0 
43 42 1 0 0 
44 43 9 0 0 
45 44 4 0 0 
46 45 7 0 0 
47 46 8 0 0 
48 47 4 0 0 
49 48 5 0 0 
50 49 0 0 0 
51 50 3 0 0 
52 51 6 0 0 
53 52 1 0 0 
54 53 0 0 0 
55 54 6 0 0 
56 55 3 0 0 
57 56 2 0 0 
58 57 0 0 0 
59 58 6 0 0 
60 59 1 0 0 
61 60 5 0 0 
62 61 5 0 0 
63 62 4 0 0 
64 63 7 0 0 
65 64 6 0 0 
66 65 5 0 0 
67 66 6 0 0 
68 67 9 0 0 
69 68 3 0 0 
70 69 7 0 0 
71 70 4 0 0 
72 71 5 0 0 
73 72 2 0 0 
74 73 5 0 0 
75 74 4 0 0 
76 75 7 0 0 
77 76 4 0 0 
78 77 4 0 0 
79 78 3 0 0 
80 79 0 0 0 
81 80 7 0 0 
82 81 8 0 0 
83 82 6 0 0 
84 83 8 0 0 
85 84 8 0 0 
86 85 4 0 0 
87 86 3 0 0 
88 87 1 0 0 
89 88 4 0 0 
90 89 9 0 0 
91 90 2 0 0 
92 91 0 0 0 
93 92 6 0 0 
94 93 8 0 0 
95 94 9 0 0 
96 95 2 0 0 
97 96 6 0 0 
98 97 6 0 0 
99 98 4 0 0 
100 99 9 0 0 
101 100 5 0 0 
102 101 0 0 0 
103 102 4 0 0 
104 103 8 0 0 
105 104 7 0 0 
106 105 1 0 0 
107 106 7 0 0 
108 107 2 0 0 
109 108 7 0 0 
110 109 2 0 0 
111 110 2 0 0 
112 111 6 0 0 
113 112 1 0 0 
114 113 0 0 0 
115 114 6 0 0 
116 115 1 0 0 
117 116 5 0 0 
118 117 9 0 0 
119 118 4 0 0 
120 119 9 0 0 
121 120 0 0 0 
122 121 9 0 0 
123 122 1 0 0 
124 123 7 0 0 
125 124 7 0 0 
126 125 1 0 0 
127 126 1 0 0 
128 127 5 0 0 
129 128 9 0 0 
130 129 7 0 0 
131 130 7 0 0 
132 131 6 0 0 
133 132 7 0 0 
134 133 3 0 0 
135 134 6 0 0 
136 135 5 0 0 
137 136 6 0 0 
138 137 3 0 0 
139 138 9 0 0 
140 139 4 0 0 
141 140 8 0 0 
142 141 1 0 0 
143 142 2 0 0 
144 143 9 0 0 
145 144 3 0 0 
146 145 9 0 0 
147 146 0 0 0 
148 147 8 0 0 
149 148 8 0 0 
150 149 5 0 0 
151 150 0 0 0 
152 151 9 0 0 
153 152 6 0 0 
154 153 3 0 0 
155 154 8 0 0 
156 155 5 0 0 
157 156 6 0 0 
158 157 1 0 0 
159 158 1 0 0 
160 159 5 0 0 
161 160 9 0 0 
162 161 8 0 0 
163 162 4 0 0 
164 163 8 0 0 
165 164 1 0 0 
166 165 0 0 0 
167 166 3 0 0 
168 167 0 0 0 
169 168 4 0 0 
170 169 4 0 0 
171 170 4 0 0 
172 171 4 0 0 
173 172 7 0 0 
174 173 6 0 0 
175 174 3 0 0 
176 175 1 0 0 
177 176 7 0 0 
178 177 5 0 0 
179 178 9 0 0 
180 179 6 0 0 
181 180 2 0 0 
182 181 1 0 0 
183 182 7 0 0 
184 183 8 0 0 
185 184 5 0 0 
186 185 7 0 0 
187 186 4 0 0 
188 187 1 0 0 
189 188 8 0 0 
190 189 5 0 0 
191 190 9 0 0 
192 191 7 0 0 
193 192 5 0 0 
194 193 3 0 0 
195 194 8 0 0 
196 195 8 0 0 
197 196 3 0 0 
198 197 1 0 0 
199 198 8 0 0 
200 199 9 0 0 
201 200 6 0 0 
202 0 4 1 0 
203 1 3 1 0 
204 2 3 1 0 
205 3 3 1 0 
206 4 8 1 0 
207 5 6 1 0 
208 6 0 1 0 
209 7 4 1 0 
210 8 8 1 0 
211 9 8 1 0 
212 10 8 1 0 
213 11 9 1 0 
214 12 7 1 0 
215 13 7 1 0 
216 14 6 1 0 
217 15 4 1 0 
218 16 3 1 0 
219 17 0 1 0 
220 18 3 1 0 
221 19 0 1 0 
222 20 9 1 0 
223 21 2 1 0 
224 22 5 1 0 
225 23 4 1 0 
226 24 0 1 0 
227 25 5 1 0 
228 26 9 1 0 
229 27 4 1 0 
230 28 6 1 0 
231 29 9 1 0 
232 30 2 1 0 
233 31 2 1 0 
234 32 4 1 0 
235 33 7 1 0 
236 34 7 1 0 
237 35 5 1 0 
238 36 4 1 0 
239 37 8 1 0 
240 38 1 1 0 
241 39 2 1 0 
242 40 8 1 0 
243 41 9 1 0 
244 42 3 1 0 
245 43 6 1 0 
246 44 8 1 0 
247 45 0 1 0 
248 46 2 1 0 
249 47 1 1 0 
250 48 0 1 0 
251 49 5 1 0 
252 50 1 1 0 
253 51 1 1 0 
254 52 0 1 0 
255 53 8 1 0 
256 54 5 1 0 
257 55 0 1 0 
258 56 6 1 0 
259 57 4 1 0 
260 58 6 1 0 
261 59 2 1 0 
262 60 5 1 0 
263 61 8 1 0 
264 62 6 1 0 
265 63 2 1 0 
266 64 8 1 0 
267 65 4 1 0 
268 66 7 1 0 
269 67 2 1 0 
270 68 4 1 0 
271 69 0 1 0 
272 70 6 1 0 
273 71 2 1 0 
274 72 9 1 0 
275 73 9 1 0 
276 74 0 1 0 
277 75 8 1 0 
278 76 1 1 0 
279 77 3 1 0 
280 78 1 1 0 
281 79 1 1 0 
282 80 0 1 0 
283 81 3 1 0 
284 82 4 1 0 
285 83 0 1 0 
286 84 3 1 0 
287 85 9 1 0 
288 86 1 1 0 
289 87 9 1 0 
290 88 6 1 0 
291 89 9 1 0 
292 90 3 1 0 
293 91 3 1 0 
294 92 8 1 0 
295 93 0 1 0 
296 94 5 1 0 
297 95 6 1 0 
298 96 6 1 0 
299 97 4 1 0 
300 98 0 1 0 
301 99 0 1 0 
