1 0 3 0 0 
2 1 6 0 0 
3 2 7 0 0 
4 3 5 0 0 
5 4 3 0 0 
6 5 5 0 0 
7 6 6 0 0 
8 7 2 0 0 
9 8 9 0 0 
10 9 1 0 0 
11 10 2 0 0 
12 11 7 0 0 
13 12 0 0 0 
14 13 9 0 0 
15 14 3 0 0 
16 15 6 0 0 
17 16 0 0 0 
18 17 6 0 0 
19 18 2 0 0 
20 19 6 0 0 
21 20 1 0 0 
22 21 8 0 0 
23 22 7 0 0 
24 23 9 0 0 
25 24 2 0 0 
26 25 0 0 0 
27 26 2 0 0 
28 27 3 0 0 
29 28 7 0 0 
30 29 5 0 0 
31 30 9 0 0 
32 31 2 0 0 
33 32 2 0 0 
34 33 8 0 0 
35 34 9 0 0 
36 35 7 0 0 
37 36 3 0 0 
38 37 6 0 0 
39 38 1 0 0 
40 39 2 0 0 
41 40 9 0 0 
42 41 3 0 0 
43 42 1 0 0 
44 43 9 0 0 
45 44 4 0 0 
46 45 7 0 0 
47 46 8 0 0 
48 47 4 0 0 
49 48 5 0 0 
50 49 0 0 0 
51 50 3 0 0 
52 51 6 0 0 
53 52 1 0 0 
54 53 0 0 0 
55 54 6 0 0 
56 55 3 0 0 
57 56 2 0 0 
58 57 0 0 0 
59 58 6 0 0 
60 59 1 0 0 
61 60 5 0 0 
62 61 5 0 0 
63 62 4 0 0 
64 63 7 0 0 
65 64 6 0 0 
66 65 5 0 0 
67 66 6 0 0 
68 67 9 0 0 
69 68 3 0 0 
70 69 7 0 0 
71 70 4 0 0 
72 71 5 0 0 
73 72 2 0 0 
74 73 5 0 0 
75 74 4 0 0 
76 75 7 0 0 
77 76 4 0 0 
78 77 4 0 0 
79 78 3 0 0 
80 79 0 0 0 
81 80 7 0 0 
82 81 8 0 0 
83 82 6 0 0 
84 83 8 0 0 
85 84 8 0 0 
86 85 4 0 0 
87 86 3 0 0 
88 87 1 0 0 
89 88 4 0 0 
90 89 9 0 0 
91 90 2 0 0 
92 91 0 0 0 
93 92 6 0 0 
94 93 8 0 0 
95 94 9 0 0 
96 95 2 0 0 
97 96 6 0 0 
98 97 6 0 0 
99 98 4 0 0 
100 99 9 0 0 
101 100 5 0 0 
102 101 0 0 0 
103 102 4 0 0 
104 103 8 0 0 
105 104 7 0 0 
106 105 1 0 0 
107 106 7 0 0 
108 107 2 0 0 
109 108 7 0 0 
110 109 2 0 0 
111 110 2 0 0 
112 111 6 0 0 
113 112 1 0 0 
114 113 0 0 0 
115 114 6 0 0 
116 115 1 0 0 
117 116 5 0 0 
118 117 9 0 0 
119 118 4 0 0 
120 119 9 0 0 
121 120 0 0 0 
122 121 9 0 0 
123 122 1 0 0 
124 123 7 0 0 
125 124 7 0 0 
126 125 1 0 0 
127 126 1 0 0 
128 127 5 0 0 
129 128 9 0 0 
130 129 7 0 0 
131 130 7 0 0 
132 131 6 0 0 
133 132 7 0 0 
134 133 3 0 0 
135 134 6 0 0 
136 135 5 0 0 
137 136 6 0 0 
138 137 3 0 0 
139 138 9 0 0 
140 139 4 0 0 
141 140 8 0 0 
142 141 1 0 0 
143 142 2 0 0 
144 143 9 0 0 
145 144 3 0 0 
146 145 9 0 0 
147 146 0 0 0 
148 147 8 0 0 
149 148 8 0 0 
150 149 5 0 0 
151 150 0 0 0 
152 151 9 0 0 
153 152 6 0 0 
154 153 3 0 0 
155 154 8 0 0 
156 155 5 0 0 
157 156 6 0 0 
158 157 1 0 0 
159 158 1 0 0 
160 159 5 0 0 
161 160 9 0 0 
162 161 8 0 0 
163 162 4 0 0 
164 163 8 0 0 
165 164 1 0 0 
166 165 0 0 0 
167 166 3 0 0 
168 167 0 0 0 
169 168 4 0 0 
170 169 4 0 0 
171 170 4 0 0 
172 171 4 0 0 
173 172 7 0 0 
174 173 6 0 0 
175 174 3 0 0 
176 175 1 0 0 
177 176 7 0 0 
178 177 5 0 0 
179 178 9 0 0 
180 179 6 0 0 
181 180 2 0 0 
182 181 1 0 0 
183 182 7 0 0 
184 183 8 0 0 
185 184 5 0 0 
186 185 7 0 0 
187 186 4 0 0 
188 187 1 0 0 
189 188 8 0 0 
190 189 5 0 0 
191 190 9 0 0 
192 191 7 0 0 
193 192 5 0 0 
194 193 3 0 0 
195 194 8 0 0 
196 195 8 0 0 
197 196 3 0 0 
198 197 1 0 0 
199 198 8 0 0 
200 199 9 0 0 
201 200 6 0 0 
202 201 4 0 0 
203 202 3 0 0 
204 203 3 0 0 
205 204 3 0 0 
206 205 8 0 0 
207 206 6 0 0 
208 207 0 0 0 
209 208 4 0 0 
210 209 8 0 0 
211 210 8 0 0 
212 211 8 0 0 
213 212 9 0 0 
214 213 7 0 0 
215 214 7 0 0 
216 215 6 0 0 
217 216 4 0 0 
218 217 3 0 0 
219 218 0 0 0 
220 219 3 0 0 
221 220 0 0 0 
222 221 9 0 0 
223 222 2 0 0 
224 223 5 0 0 
225 224 4 0 0 
226 225 0 0 0 
227 226 5 0 0 
228 227 9 0 0 
229 228 4 0 0 
230 229 6 0 0 
231 230 9 0 0 
232 231 2 0 0 
233 232 2 0 0 
234 233 4 0 0 
235 234 7 0 0 
236 235 7 0 0 
237 236 5 0 0 
238 237 4 0 0 
239 238 8 0 0 
240 239 1 0 0 
241 240 2 0 0 
242 241 8 0 0 
243 242 9 0 0 
244 243 3 0 0 
245 244 6 0 0 
246 245 8 0 0 
247 246 0 0 0 
248 247 2 0 0 
249 248 1 0 0 
250 249 0 0 0 
251 250 5 0 0 
252 251 1 0 0 
253 252 1 0 0 
254 253 0 0 0 
255 254 8 0 0 
256 255 5 0 0 
257 256 0 0 0 
258 257 6 0 0 
259 258 4 0 0 
260 259 6 0 0 
261 260 2 0 0 
262 261 5 0 0 
263 262 8 0 0 
264 263 6 0 0 
265 264 2 0 0 
266 265 8 0 0 
267 266 4 0 0 
268 267 7 0 0 
269 268 2 0 0 
270 269 4 0 0 
271 270 0 0 0 
272 271 6 0 0 
273 272 2 0 0 
274 273 9 0 0 
275 274 9 0 0 
276 275 0 0 0 
277 276 8 0 0 
278 277 1 0 0 
279 278 3 0 0 
280 279 1 0 0 
281 280 1 0 0 
282 281 0 0 0 
283 282 3 0 0 
284 283 4 0 0 
285 284 0 0 0 
286 285 3 0 0 
287 286 9 0 0 
288 287 1 0 0 
289 288 9 0 0 
290 289 6 0 0 
291 290 9 0 0 
292 291 3 0 0 
293 292 3 0 0 
294 293 8 0 0 
295 294 0 0 0 
296 295 5 0 0 
297 296 6 0 0 
298 297 6 0 0 
299 298 4 0 0 
300 299 0 0 0 
301 300 0 0 0 
302 301 4 0 0 
303 302 6 0 0 
304 303 2 0 0 
305 304 6 0 0 
306 305 7 0 0 
307 306 5 0 0 
308 307 6 0 0 
309 308 9 0 0 
310 309 8 0 0 
311 310 7 0 0 
312 311 2 0 0 
313 312 8 0 0 
314 313 2 0 0 
315 314 9 0 0 
316 315 9 0 0 
317 316 6 0 0 
318 317 0 0 0 
319 318 2 0 0 
320 319 7 0 0 
321 320 6 0 0 
322 321 1 0 0 
323 322 3 0 0 
324 323 2 0 0 
325 324 1 0 0 
326 325 5 0 0 
327 326 9 0 0 
328 327 9 0 0 
329 328 1 0 0 
330 329 4 0 0 
331 330 9 0 0 
332 331 1 0 0 
333 332 0 0 0 
334 333 7 0 0 
335 334 5 0 0 
336 335 8 0 0 
337 336 7 0 0 
338 337 0 0 0 
339 338 4 0 0 
340 339 8 0 0 
341 340 0 0 0 
342 341 4 0 0 
343 342 2 0 0 
344 343 9 0 0 
345 344 6 0 0 
346 345 1 0 0 
347 346 0 0 0 
348 347 4 0 0 
349 348 2 0 0 
350 349 2 0 0 
351 350 2 0 0 
352 351 0 0 0 
353 352 5 0 0 
354 353 5 0 0 
355 354 2 0 0 
356 355 9 0 0 
357 356 0 0 0 
358 357 2 0 0 
359 358 8 0 0 
360 359 3 0 0 
361 360 8 0 0 
362 361 0 0 0 
363 362 4 0 0 
364 363 0 0 0 
365 364 9 0 0 
366 365 1 0 0 
367 366 9 0 0 
368 367 6 0 0 
369 368 2 0 0 
370 369 5 0 0 
371 370 4 0 0 
372 371 4 0 0 
373 372 9 0 0 
374 373 9 0 0 
375 374 3 0 0 
376 375 6 0 0 
377 376 0 0 0 
378 377 5 0 0 
379 378 0 0 0 
380 379 2 0 0 
381 380 9 0 0 
382 381 4 0 0 
383 382 3 0 0 
384 383 5 0 0 
385 384 1 0 0 
386 385 7 0 0 
387 386 4 0 0 
388 387 3 0 0 
389 388 1 0 0 
390 389 4 0 0 
391 390 6 0 0 
392 391 9 0 0 
393 392 4 0 0 
394 393 2 0 0 
395 394 2 0 0 
396 395 6 0 0 
397 396 4 0 0 
398 397 1 0 0 
399 398 2 0 0 
400 399 8 0 0 
401 400 8 0 0 
402 401 9 0 0 
403 402 2 0 0 
404 403 8 0 0 
405 404 8 0 0 
406 405 8 0 0 
407 406 6 0 0 
408 407 8 0 0 
409 408 3 0 0 
410 409 8 0 0 
411 410 3 0 0 
412 411 3 0 0 
413 412 3 0 0 
414 413 8 0 0 
415 414 0 0 0 
416 415 4 0 0 
417 416 7 0 0 
418 417 6 0 0 
419 418 8 0 0 
420 419 9 0 0 
421 420 0 0 0 
422 421 6 0 0 
423 422 8 0 0 
424 423 7 0 0 
425 424 9 0 0 
426 425 0 0 0 
427 426 3 0 0 
428 427 3 0 0 
429 428 3 0 0 
430 429 7 0 0 
431 430 3 0 0 
432 431 2 0 0 
433 432 6 0 0 
434 433 5 0 0 
435 434 2 0 0 
436 435 6 0 0 
437 436 5 0 0 
438 437 8 0 0 
439 438 7 0 0 
440 439 9 0 0 
441 440 6 0 0 
442 441 0 0 0 
443 442 4 0 0 
444 443 1 0 0 
445 444 0 0 0 
446 445 4 0 0 
447 446 8 0 0 
448 447 7 0 0 
449 448 0 0 0 
450 449 8 0 0 
451 450 6 0 0 
452 0 2 1 0 
453 1 4 1 0 
454 2 7 1 0 
455 3 9 1 0 
456 4 3 1 0 
457 5 9 1 0 
458 6 2 1 0 
459 7 8 1 0 
460 8 3 1 0 
461 9 0 1 0 
462 10 1 1 0 
463 11 7 1 0 
464 12 8 1 0 
465 13 9 1 0 
466 14 1 1 0 
467 15 5 1 0 
468 16 4 1 0 
469 17 9 1 0 
470 18 2 1 0 
471 19 5 1 0 
472 20 7 1 0 
473 21 4 1 0 
474 22 9 1 0 
475 23 9 1 0 
476 24 4 1 0 
477 25 5 1 0 
478 26 9 1 0 
479 27 3 1 0 
480 28 5 1 0 
481 29 7 1 0 
482 30 0 1 0 
483 31 8 1 0 
484 32 1 1 0 
485 33 9 1 0 
486 34 9 1 0 
487 35 7 1 0 
488 36 8 1 0 
489 37 2 1 0 
490 38 5 1 0 
491 39 3 1 0 
492 40 4 1 0 
493 41 9 1 0 
494 42 0 1 0 
495 43 2 1 0 
496 44 0 1 0 
497 45 1 1 0 
498 46 9 1 0 
499 47 6 1 0 
500 48 2 1 0 
501 49 1 1 0 
502 50 2 1 0 
503 51 0 1 0 
504 52 7 1 0 
505 53 3 1 0 
506 54 1 1 0 
507 55 1 1 0 
508 56 9 1 0 
509 57 0 1 0 
510 58 5 1 0 
511 59 6 1 0 
512 60 7 1 0 
513 61 7 1 0 
514 62 4 1 0 
515 63 0 1 0 
516 64 6 1 0 
517 65 4 1 0 
518 66 7 1 0 
519 67 4 1 0 
520 68 8 1 0 
521 69 5 1 0 
522 70 8 1 0 
523 71 2 1 0 
524 72 6 1 0 
525 73 0 1 0 
526 74 6 1 0 
527 75 6 1 0 
528 76 4 1 0 
529 77 6 1 0 
530 78 2 1 0 
531 79 8 1 0 
532 80 9 1 0 
533 81 6 1 0 
534 82 0 1 0 
535 83 7 1 0 
536 84 0 1 0 
537 85 1 1 0 
538 86 0 1 0 
539 87 1 1 0 
540 88 3 1 0 
541 89 7 1 0 
542 90 7 1 0 
543 91 2 1 0 
544 92 6 1 0 
545 93 4 1 0 
546 94 5 1 0 
547 95 2 1 0 
548 96 0 1 0 
549 97 2 1 0 
550 98 9 1 0 
551 99 0 1 0 
552 100 9 1 0 
553 101 9 1 0 
554 102 4 1 0 
555 103 5 1 0 
556 104 1 1 0 
557 105 0 1 0 
558 106 3 1 0 
559 107 7 1 0 
560 108 8 1 0 
561 109 8 1 0 
562 110 6 1 0 
563 111 0 1 0 
564 112 4 1 0 
565 113 6 1 0 
566 114 7 1 0 
567 115 6 1 0 
568 116 0 1 0 
569 117 9 1 0 
570 118 7 1 0 
571 119 5 1 0 
572 120 9 1 0 
573 121 7 1 0 
574 122 8 1 0 
575 123 5 1 0 
576 124 3 1 0 
577 125 3 1 0 
578 126 8 1 0 
579 127 3 1 0 
580 128 7 1 0 
581 129 9 1 0 
582 130 3 1 0 
583 131 7 1 0 
584 132 8 1 0 
585 133 7 1 0 
586 134 4 1 0 
587 135 1 1 0 
588 136 9 1 0 
589 137 0 1 0 
590 138 9 1 0 
591 139 8 1 0 
592 140 8 1 0 
593 141 5 1 0 
594 142 8 1 0 
595 143 4 1 0 
596 144 3 1 0 
597 145 7 1 0 
598 146 1 1 0 
599 147 3 1 0 
600 148 8 1 0 
601 149 0 1 0 
602 150 9 1 0 
603 151 7 1 0 
604 152 9 1 0 
605 153 9 1 0 
606 154 3 1 0 
607 155 2 1 0 
608 156 4 1 0 
609 157 3 1 0 
610 158 7 1 0 
611 159 1 1 0 
612 160 2 1 0 
613 161 2 1 0 
614 162 0 1 0 
615 163 2 1 0 
616 164 1 1 0 
617 165 7 1 0 
618 166 5 1 0 
619 167 1 1 0 
620 168 7 1 0 
621 169 4 1 0 
622 170 1 1 0 
623 171 7 1 0 
624 172 1 1 0 
625 173 1 1 0 
626 174 1 1 0 
627 175 7 1 0 
628 176 0 1 0 
629 177 4 1 0 
630 178 0 1 0 
631 179 8 1 0 
632 180 5 1 0 
633 181 1 1 0 
634 182 6 1 0 
635 183 6 1 0 
636 184 2 1 0 
637 185 1 1 0 
638 186 9 1 0 
639 187 6 1 0 
640 188 4 1 0 
641 189 8 1 0 
642 190 0 1 0 
643 191 8 1 0 
644 192 1 1 0 
645 193 0 1 0 
646 194 2 1 0 
647 195 2 1 0 
648 196 9 1 0 
649 197 7 1 0 
650 198 5 1 0 
651 199 6 1 0 
652 200 4 1 0 
653 201 6 1 0 
654 202 3 1 0 
655 203 7 1 0 
656 204 9 1 0 
657 205 7 1 0 
658 206 4 1 0 
659 207 9 1 0 
660 208 1 1 0 
661 209 7 1 0 
662 210 0 1 0 
663 211 6 1 0 
664 212 0 1 0 
665 213 8 1 0 
666 214 5 1 0 
667 215 3 1 0 
668 216 9 1 0 
669 217 4 1 0 
670 218 1 1 0 
671 219 5 1 0 
672 220 4 1 0 
673 221 1 1 0 
674 222 5 1 0 
675 223 5 1 0 
676 224 4 1 0 
