1 0 3 0 0 
2 1 6 0 0 
3 2 7 0 0 
4 3 5 0 0 
5 4 3 0 0 
6 5 5 0 0 
7 6 6 0 0 
8 7 2 0 0 
9 8 9 0 0 
10 9 1 0 0 
11 10 2 0 0 
12 11 7 0 0 
13 12 0 0 0 
14 13 9 0 0 
15 14 3 0 0 
16 15 6 0 0 
17 16 0 0 0 
18 17 6 0 0 
19 18 2 0 0 
20 19 6 0 0 
21 20 1 0 0 
22 21 8 0 0 
23 22 7 0 0 
24 23 9 0 0 
25 24 2 0 0 
26 25 0 0 0 
27 26 2 0 0 
28 27 3 0 0 
29 28 7 0 0 
30 29 5 0 0 
31 30 9 0 0 
32 31 2 0 0 
33 32 2 0 0 
34 33 8 0 0 
35 34 9 0 0 
36 35 7 0 0 
37 36 3 0 0 
38 37 6 0 0 
39 38 1 0 0 
40 39 2 0 0 
41 40 9 0 0 
42 41 3 0 0 
43 42 1 0 0 
44 43 9 0 0 
45 44 4 0 0 
46 45 7 0 0 
47 46 8 0 0 
48 47 4 0 0 
49 48 5 0 0 
50 49 0 0 0 
51 50 3 0 0 
52 51 6 0 0 
53 52 1 0 0 
54 53 0 0 0 
55 54 6 0 0 
56 55 3 0 0 
57 56 2 0 0 
58 57 0 0 0 
59 58 6 0 0 
60 59 1 0 0 
61 60 5 0 0 
62 61 5 0 0 
63 62 4 0 0 
64 63 7 0 0 
65 64 6 0 0 
66 65 5 0 0 
67 66 6 0 0 
68 67 9 0 0 
69 68 3 0 0 
70 69 7 0 0 
71 70 4 0 0 
72 71 5 0 0 
73 72 2 0 0 
74 73 5 0 0 
75 74 4 0 0 
76 75 7 0 0 
77 76 4 0 0 
78 77 4 0 0 
79 78 3 0 0 
80 79 0 0 0 
81 80 7 0 0 
82 81 8 0 0 
83 82 6 0 0 
84 83 8 0 0 
85 84 8 0 0 
86 85 4 0 0 
87 86 3 0 0 
88 87 1 0 0 
89 88 4 0 0 
90 89 9 0 0 
91 90 2 0 0 
92 91 0 0 0 
93 92 6 0 0 
94 93 8 0 0 
95 94 9 0 0 
96 95 2 0 0 
97 96 6 0 0 
98 97 6 0 0 
99 98 4 0 0 
100 99 9 0 0 
101 100 5 0 0 
102 101 0 0 0 
103 102 4 0 0 
104 103 8 0 0 
105 104 7 0 0 
106 105 1 0 0 
107 106 7 0 0 
108 107 2 0 0 
109 108 7 0 0 
110 109 2 0 0 
111 110 2 0 0 
112 111 6 0 0 
113 112 1 0 0 
114 113 0 0 0 
115 114 6 0 0 
116 115 1 0 0 
117 116 5 0 0 
118 117 9 0 0 
119 118 4 0 0 
120 119 9 0 0 
121 120 0 0 0 
122 121 9 0 0 
123 122 1 0 0 
124 123 7 0 0 
125 124 7 0 0 
126 125 1 0 0 
127 126 1 0 0 
128 127 5 0 0 
129 128 9 0 0 
130 129 7 0 0 
131 130 7 0 0 
132 131 6 0 0 
133 132 7 0 0 
134 133 3 0 0 
135 134 6 0 0 
136 135 5 0 0 
137 136 6 0 0 
138 137 3 0 0 
139 138 9 0 0 
140 139 4 0 0 
141 140 8 0 0 
142 141 1 0 0 
143 142 2 0 0 
144 143 9 0 0 
145 144 3 0 0 
146 145 9 0 0 
147 146 0 0 0 
148 147 8 0 0 
149 148 8 0 0 
150 149 5 0 0 
151 150 0 0 0 
152 151 9 0 0 
153 152 6 0 0 
154 153 3 0 0 
155 154 8 0 0 
156 155 5 0 0 
157 156 6 0 0 
158 157 1 0 0 
159 158 1 0 0 
160 159 5 0 0 
161 160 9 0 0 
162 161 8 0 0 
163 162 4 0 0 
164 163 8 0 0 
165 164 1 0 0 
166 165 0 0 0 
167 166 3 0 0 
168 167 0 0 0 
169 168 4 0 0 
170 169 4 0 0 
171 170 4 0 0 
172 171 4 0 0 
173 172 7 0 0 
174 173 6 0 0 
175 174 3 0 0 
176 175 1 0 0 
177 176 7 0 0 
178 177 5 0 0 
179 178 9 0 0 
180 179 6 0 0 
181 180 2 0 0 
182 181 1 0 0 
183 182 7 0 0 
184 183 8 0 0 
185 184 5 0 0 
186 185 7 0 0 
187 186 4 0 0 
188 187 1 0 0 
189 188 8 0 0 
190 189 5 0 0 
191 190 9 0 0 
192 191 7 0 0 
193 192 5 0 0 
194 193 3 0 0 
195 194 8 0 0 
196 195 8 0 0 
197 196 3 0 0 
198 197 1 0 0 
199 198 8 0 0 
200 199 9 0 0 
201 200 6 0 0 
202 201 4 0 0 
203 202 3 0 0 
204 203 3 0 0 
205 204 3 0 0 
206 205 8 0 0 
207 206 6 0 0 
208 207 0 0 0 
209 208 4 0 0 
210 209 8 0 0 
211 210 8 0 0 
212 211 8 0 0 
213 212 9 0 0 
214 213 7 0 0 
215 214 7 0 0 
216 215 6 0 0 
217 216 4 0 0 
218 217 3 0 0 
219 218 0 0 0 
220 219 3 0 0 
221 220 0 0 0 
222 221 9 0 0 
223 222 2 0 0 
224 223 5 0 0 
225 224 4 0 0 
226 225 0 0 0 
227 226 5 0 0 
228 227 9 0 0 
229 228 4 0 0 
230 229 6 0 0 
231 230 9 0 0 
232 231 2 0 0 
233 232 2 0 0 
234 233 4 0 0 
235 234 7 0 0 
236 235 7 0 0 
237 236 5 0 0 
238 237 4 0 0 
239 238 8 0 0 
240 239 1 0 0 
241 240 2 0 0 
242 241 8 0 0 
243 242 9 0 0 
244 243 3 0 0 
245 244 6 0 0 
246 245 8 0 0 
247 246 0 0 0 
248 247 2 0 0 
249 248 1 0 0 
250 249 0 0 0 
251 250 5 0 0 
252 251 1 0 0 
253 252 1 0 0 
254 253 0 0 0 
255 254 8 0 0 
256 255 5 0 0 
257 256 0 0 0 
258 257 6 0 0 
259 258 4 0 0 
260 259 6 0 0 
261 260 2 0 0 
262 261 5 0 0 
263 262 8 0 0 
264 263 6 0 0 
265 264 2 0 0 
266 265 8 0 0 
267 266 4 0 0 
268 267 7 0 0 
269 268 2 0 0 
270 269 4 0 0 
271 270 0 0 0 
272 271 6 0 0 
273 272 2 0 0 
274 273 9 0 0 
275 274 9 0 0 
276 275 0 0 0 
277 276 8 0 0 
278 277 1 0 0 
279 278 3 0 0 
280 279 1 0 0 
281 280 1 0 0 
282 281 0 0 0 
283 282 3 0 0 
284 283 4 0 0 
285 284 0 0 0 
286 285 3 0 0 
287 286 9 0 0 
288 287 1 0 0 
289 288 9 0 0 
290 289 6 0 0 
291 290 9 0 0 
292 291 3 0 0 
293 292 3 0 0 
294 293 8 0 0 
295 294 0 0 0 
296 295 5 0 0 
297 296 6 0 0 
298 297 6 0 0 
299 298 4 0 0 
300 299 0 0 0 
301 300 0 0 0 
302 301 4 0 0 
303 302 6 0 0 
304 303 2 0 0 
305 304 6 0 0 
306 305 7 0 0 
307 306 5 0 0 
308 307 6 0 0 
309 308 9 0 0 
310 309 8 0 0 
311 310 7 0 0 
312 311 2 0 0 
313 312 8 0 0 
314 313 2 0 0 
315 314 9 0 0 
316 315 9 0 0 
317 316 6 0 0 
318 317 0 0 0 
319 318 2 0 0 
320 319 7 0 0 
321 320 6 0 0 
322 321 1 0 0 
323 322 3 0 0 
324 323 2 0 0 
325 324 1 0 0 
326 325 5 0 0 
327 326 9 0 0 
328 327 9 0 0 
329 328 1 0 0 
330 329 4 0 0 
331 330 9 0 0 
332 331 1 0 0 
333 332 0 0 0 
334 333 7 0 0 
335 334 5 0 0 
336 335 8 0 0 
337 336 7 0 0 
338 337 0 0 0 
339 338 4 0 0 
340 339 8 0 0 
341 340 0 0 0 
342 341 4 0 0 
343 342 2 0 0 
344 343 9 0 0 
345 344 6 0 0 
346 345 1 0 0 
347 346 0 0 0 
348 347 4 0 0 
349 348 2 0 0 
350 349 2 0 0 
351 350 2 0 0 
352 351 0 0 0 
353 352 5 0 0 
354 353 5 0 0 
355 354 2 0 0 
356 355 9 0 0 
357 356 0 0 0 
358 357 2 0 0 
359 358 8 0 0 
360 359 3 0 0 
361 360 8 0 0 
362 361 0 0 0 
363 362 4 0 0 
364 363 0 0 0 
365 364 9 0 0 
366 365 1 0 0 
367 366 9 0 0 
368 367 6 0 0 
369 368 2 0 0 
370 369 5 0 0 
371 370 4 0 0 
372 371 4 0 0 
373 372 9 0 0 
374 373 9 0 0 
375 374 3 0 0 
376 375 6 0 0 
377 376 0 0 0 
378 377 5 0 0 
379 378 0 0 0 
380 379 2 0 0 
381 380 9 0 0 
382 381 4 0 0 
383 382 3 0 0 
384 383 5 0 0 
385 384 1 0 0 
386 385 7 0 0 
387 386 4 0 0 
388 387 3 0 0 
389 388 1 0 0 
390 389 4 0 0 
391 390 6 0 0 
392 391 9 0 0 
393 392 4 0 0 
394 393 2 0 0 
395 394 2 0 0 
396 395 6 0 0 
397 396 4 0 0 
398 397 1 0 0 
399 398 2 0 0 
400 399 8 0 0 
401 400 8 0 0 
402 401 9 0 0 
403 402 2 0 0 
404 403 8 0 0 
405 404 8 0 0 
406 405 8 0 0 
407 406 6 0 0 
408 407 8 0 0 
409 408 3 0 0 
410 409 8 0 0 
411 410 3 0 0 
412 411 3 0 0 
413 412 3 0 0 
414 413 8 0 0 
415 414 0 0 0 
416 415 4 0 0 
417 416 7 0 0 
418 417 6 0 0 
419 418 8 0 0 
420 419 9 0 0 
421 420 0 0 0 
422 421 6 0 0 
423 422 8 0 0 
424 423 7 0 0 
425 424 9 0 0 
426 425 0 0 0 
427 426 3 0 0 
428 427 3 0 0 
429 428 3 0 0 
430 429 7 0 0 
431 430 3 0 0 
432 431 2 0 0 
433 432 6 0 0 
434 433 5 0 0 
435 434 2 0 0 
436 435 6 0 0 
437 436 5 0 0 
438 437 8 0 0 
439 438 7 0 0 
440 439 9 0 0 
441 440 6 0 0 
442 441 0 0 0 
443 442 4 0 0 
444 443 1 0 0 
445 444 0 0 0 
446 445 4 0 0 
447 446 8 0 0 
448 447 7 0 0 
449 448 0 0 0 
450 449 8 0 0 
451 450 6 0 0 
452 451 2 0 0 
453 452 4 0 0 
454 453 7 0 0 
455 454 9 0 0 
456 455 3 0 0 
457 456 9 0 0 
458 457 2 0 0 
459 458 8 0 0 
460 459 3 0 0 
461 460 0 0 0 
462 461 1 0 0 
463 462 7 0 0 
464 463 8 0 0 
465 464 9 0 0 
466 465 1 0 0 
467 466 5 0 0 
468 467 4 0 0 
469 468 9 0 0 
470 469 2 0 0 
471 470 5 0 0 
472 471 7 0 0 
473 472 4 0 0 
474 473 9 0 0 
475 474 9 0 0 
476 475 4 0 0 
477 476 5 0 0 
478 477 9 0 0 
479 478 3 0 0 
480 479 5 0 0 
481 480 7 0 0 
482 481 0 0 0 
483 482 8 0 0 
484 483 1 0 0 
485 484 9 0 0 
486 485 9 0 0 
487 486 7 0 0 
488 487 8 0 0 
489 488 2 0 0 
490 489 5 0 0 
491 490 3 0 0 
492 491 4 0 0 
493 492 9 0 0 
494 493 0 0 0 
495 494 2 0 0 
496 495 0 0 0 
497 496 1 0 0 
498 497 9 0 0 
499 498 6 0 0 
500 499 2 0 0 
501 500 1 0 0 
502 501 2 0 0 
503 502 0 0 0 
504 503 7 0 0 
505 504 3 0 0 
506 505 1 0 0 
507 506 1 0 0 
508 507 9 0 0 
509 508 0 0 0 
510 509 5 0 0 
511 510 6 0 0 
512 511 7 0 0 
513 512 7 0 0 
514 513 4 0 0 
515 514 0 0 0 
516 515 6 0 0 
517 516 4 0 0 
518 517 7 0 0 
519 518 4 0 0 
520 519 8 0 0 
521 520 5 0 0 
522 521 8 0 0 
523 522 2 0 0 
524 523 6 0 0 
525 524 0 0 0 
526 525 6 0 0 
527 526 6 0 0 
528 527 4 0 0 
529 528 6 0 0 
530 529 2 0 0 
531 530 8 0 0 
532 531 9 0 0 
533 532 6 0 0 
534 533 0 0 0 
535 534 7 0 0 
536 535 0 0 0 
537 536 1 0 0 
538 537 0 0 0 
539 538 1 0 0 
540 539 3 0 0 
541 540 7 0 0 
542 541 7 0 0 
543 542 2 0 0 
544 543 6 0 0 
545 544 4 0 0 
546 545 5 0 0 
547 546 2 0 0 
548 547 0 0 0 
549 548 2 0 0 
550 549 9 0 0 
551 550 0 0 0 
552 551 9 0 0 
553 552 9 0 0 
554 553 4 0 0 
555 554 5 0 0 
556 555 1 0 0 
557 556 0 0 0 
558 557 3 0 0 
559 558 7 0 0 
560 559 8 0 0 
561 560 8 0 0 
562 561 6 0 0 
563 562 0 0 0 
564 563 4 0 0 
565 564 6 0 0 
566 565 7 0 0 
567 566 6 0 0 
568 567 0 0 0 
569 568 9 0 0 
570 569 7 0 0 
571 570 5 0 0 
572 571 9 0 0 
573 572 7 0 0 
574 573 8 0 0 
575 574 5 0 0 
576 575 3 0 0 
577 576 3 0 0 
578 577 8 0 0 
579 578 3 0 0 
580 579 7 0 0 
581 580 9 0 0 
582 581 3 0 0 
583 582 7 0 0 
584 583 8 0 0 
585 584 7 0 0 
586 585 4 0 0 
587 586 1 0 0 
588 587 9 0 0 
589 588 0 0 0 
590 589 9 0 0 
591 590 8 0 0 
592 591 8 0 0 
593 592 5 0 0 
594 593 8 0 0 
595 594 4 0 0 
596 595 3 0 0 
597 596 7 0 0 
598 597 1 0 0 
599 598 3 0 0 
600 599 8 0 0 
601 600 0 0 0 
602 601 9 0 0 
603 602 7 0 0 
604 603 9 0 0 
605 604 9 0 0 
606 605 3 0 0 
607 606 2 0 0 
608 607 4 0 0 
609 608 3 0 0 
610 609 7 0 0 
611 610 1 0 0 
612 611 2 0 0 
613 612 2 0 0 
614 613 0 0 0 
615 614 2 0 0 
616 615 1 0 0 
617 616 7 0 0 
618 617 5 0 0 
619 618 1 0 0 
620 619 7 0 0 
621 620 4 0 0 
622 621 1 0 0 
623 622 7 0 0 
624 623 1 0 0 
625 624 1 0 0 
626 625 1 0 0 
627 626 7 0 0 
628 627 0 0 0 
629 628 4 0 0 
630 629 0 0 0 
631 630 8 0 0 
632 631 5 0 0 
633 632 1 0 0 
634 633 6 0 0 
635 634 6 0 0 
636 635 2 0 0 
637 636 1 0 0 
638 637 9 0 0 
639 638 6 0 0 
640 639 4 0 0 
641 640 8 0 0 
642 641 0 0 0 
643 642 8 0 0 
644 643 1 0 0 
645 644 0 0 0 
646 645 2 0 0 
647 646 2 0 0 
648 647 9 0 0 
649 648 7 0 0 
650 649 5 0 0 
651 650 6 0 0 
652 651 4 0 0 
653 652 6 0 0 
654 653 3 0 0 
655 654 7 0 0 
656 655 9 0 0 
657 656 7 0 0 
658 657 4 0 0 
659 658 9 0 0 
660 659 1 0 0 
661 660 7 0 0 
662 661 0 0 0 
663 662 6 0 0 
664 663 0 0 0 
665 664 8 0 0 
666 665 5 0 0 
667 666 3 0 0 
668 667 9 0 0 
669 668 4 0 0 
670 669 1 0 0 
671 670 5 0 0 
672 671 4 0 0 
673 672 1 0 0 
674 673 5 0 0 
675 674 5 0 0 
676 675 4 0 0 
677 676 9 0 0 
678 677 8 0 0 
679 678 3 0 0 
680 679 8 0 0 
681 680 5 0 0 
682 681 2 0 0 
683 682 2 0 0 
684 683 2 0 0 
685 684 7 0 0 
686 685 0 0 0 
687 686 3 0 0 
688 687 4 0 0 
689 688 6 0 0 
690 689 3 0 0 
691 690 6 0 0 
692 691 3 0 0 
693 692 3 0 0 
694 693 4 0 0 
695 694 4 0 0 
696 695 3 0 0 
697 696 9 0 0 
698 697 7 0 0 
699 698 2 0 0 
700 699 5 0 0 
701 700 8 0 0 
702 701 9 0 0 
703 702 0 0 0 
704 703 2 0 0 
705 704 4 0 0 
706 705 7 0 0 
707 706 6 0 0 
708 707 5 0 0 
709 708 7 0 0 
710 709 1 0 0 
711 710 3 0 0 
712 711 3 0 0 
713 712 3 0 0 
714 713 8 0 0 
715 714 5 0 0 
716 715 1 0 0 
717 716 0 0 0 
718 717 8 0 0 
719 718 7 0 0 
720 719 6 0 0 
721 720 3 0 0 
722 721 5 0 0 
723 722 0 0 0 
724 723 8 0 0 
725 724 0 0 0 
726 725 4 0 0 
727 726 1 0 0 
728 727 1 0 0 
729 728 3 0 0 
730 729 5 0 0 
731 730 9 0 0 
732 731 3 0 0 
733 732 4 0 0 
734 733 1 0 0 
735 734 5 0 0 
736 735 0 0 0 
737 736 8 0 0 
738 737 3 0 0 
739 738 5 0 0 
740 739 6 0 0 
741 740 5 0 0 
742 741 9 0 0 
743 742 9 0 0 
744 743 0 0 0 
745 744 7 0 0 
746 745 6 0 0 
747 746 3 0 0 
748 747 7 0 0 
749 748 6 0 0 
750 749 1 0 0 
751 750 5 0 0 
752 751 0 0 0 
753 752 6 0 0 
754 753 5 0 0 
755 754 0 0 0 
756 755 8 0 0 
757 756 1 0 0 
758 757 2 0 0 
759 758 2 0 0 
760 759 6 0 0 
761 760 9 0 0 
762 761 1 0 0 
763 762 0 0 0 
764 763 4 0 0 
765 764 2 0 0 
766 765 7 0 0 
767 766 4 0 0 
768 767 0 0 0 
769 768 3 0 0 
770 769 2 0 0 
771 770 8 0 0 
772 771 0 0 0 
773 772 3 0 0 
774 773 7 0 0 
775 774 0 0 0 
776 775 0 0 0 
777 776 3 0 0 
778 777 4 0 0 
779 778 9 0 0 
780 779 2 0 0 
781 780 7 0 0 
782 781 4 0 0 
783 782 2 0 0 
784 783 5 0 0 
785 784 2 0 0 
786 785 4 0 0 
787 786 4 0 0 
788 787 3 0 0 
789 788 8 0 0 
790 789 6 0 0 
791 790 0 0 0 
792 791 8 0 0 
793 792 9 0 0 
794 793 2 0 0 
795 794 2 0 0 
796 795 3 0 0 
797 796 1 0 0 
798 797 8 0 0 
799 798 3 0 0 
800 799 4 0 0 
801 800 2 0 0 
802 801 2 0 0 
803 802 4 0 0 
804 803 5 0 0 
805 804 1 0 0 
806 805 7 0 0 
807 806 5 0 0 
808 807 7 0 0 
809 808 1 0 0 
810 809 6 0 0 
811 810 9 0 0 
812 811 8 0 0 
813 812 1 0 0 
814 813 3 0 0 
815 814 3 0 0 
816 815 3 0 0 
817 816 7 0 0 
818 817 9 0 0 
819 818 8 0 0 
820 819 6 0 0 
821 820 7 0 0 
822 821 0 0 0 
823 822 4 0 0 
824 823 8 0 0 
825 824 4 0 0 
826 825 8 0 0 
827 826 1 0 0 
828 827 6 0 0 
829 828 8 0 0 
830 829 5 0 0 
831 830 2 0 0 
832 831 1 0 0 
833 832 9 0 0 
834 833 9 0 0 
835 834 6 0 0 
836 835 0 0 0 
837 836 6 0 0 
838 837 4 0 0 
839 838 9 0 0 
840 839 9 0 0 
841 840 0 0 0 
842 841 8 0 0 
843 842 9 0 0 
844 843 3 0 0 
845 844 1 0 0 
846 845 4 0 0 
847 846 8 0 0 
848 847 9 0 0 
849 848 6 0 0 
850 849 7 0 0 
851 850 7 0 0 
852 851 3 0 0 
853 852 7 0 0 
854 853 1 0 0 
855 854 2 0 0 
856 855 2 0 0 
857 856 1 0 0 
858 857 5 0 0 
859 858 0 0 0 
860 859 9 0 0 
861 860 0 0 0 
862 861 4 0 0 
863 862 0 0 0 
864 863 1 0 0 
865 864 3 0 0 
866 865 7 0 0 
867 866 4 0 0 
868 867 1 0 0 
869 868 1 0 0 
870 869 3 0 0 
871 870 0 0 0 
872 871 3 0 0 
873 872 2 0 0 
874 873 1 0 0 
875 874 7 0 0 
876 875 5 0 0 
877 876 6 0 0 
878 877 5 0 0 
879 878 4 0 0 
880 879 2 0 0 
881 880 2 0 0 
882 881 1 0 0 
883 882 7 0 0 
884 883 2 0 0 
885 884 4 0 0 
886 885 1 0 0 
887 886 6 0 0 
888 887 5 0 0 
889 888 7 0 0 
890 889 8 0 0 
891 890 5 0 0 
892 891 9 0 0 
893 892 2 0 0 
894 893 7 0 0 
895 894 3 0 0 
896 895 6 0 0 
897 896 4 0 0 
898 897 7 0 0 
899 898 9 0 0 
900 899 7 0 0 
901 900 2 0 0 
902 901 2 0 0 
903 902 1 0 0 
904 903 6 0 0 
905 904 3 0 0 
906 905 0 0 0 
907 906 2 0 0 
908 907 1 0 0 
909 908 5 0 0 
910 909 6 0 0 
911 910 5 0 0 
912 911 0 0 0 
913 912 0 0 0 
914 913 3 0 0 
915 914 4 0 0 
916 915 6 0 0 
917 916 6 0 0 
918 917 0 0 0 
919 918 2 0 0 
920 919 5 0 0 
921 920 8 0 0 
922 921 9 0 0 
923 922 5 0 0 
924 923 0 0 0 
925 924 6 0 0 
926 925 0 0 0 
927 926 8 0 0 
928 927 3 0 0 
929 928 7 0 0 
930 929 8 0 0 
931 930 2 0 0 
932 931 1 0 0 
933 932 0 0 0 
934 933 5 0 0 
935 934 8 0 0 
936 935 5 0 0 
937 936 5 0 0 
938 937 0 0 0 
939 938 7 0 0 
940 939 3 0 0 
941 940 8 0 0 
942 941 2 0 0 
943 942 3 0 0 
944 943 0 0 0 
945 944 7 0 0 
946 945 7 0 0 
947 946 7 0 0 
948 947 6 0 0 
949 948 9 0 0 
950 949 1 0 0 
951 950 1 0 0 
952 951 9 0 0 
953 952 0 0 0 
954 953 8 0 0 
955 954 9 0 0 
956 955 8 0 0 
957 956 8 0 0 
958 957 0 0 0 
959 958 3 0 0 
960 959 7 0 0 
961 960 0 0 0 
962 961 6 0 0 
963 962 9 0 0 
964 963 2 0 0 
965 964 1 0 0 
966 965 7 0 0 
967 966 7 0 0 
968 967 9 0 0 
969 968 7 0 0 
970 969 6 0 0 
971 970 2 0 0 
972 971 7 0 0 
973 972 1 0 0 
974 973 5 0 0 
975 974 8 0 0 
976 975 8 0 0 
977 976 4 0 0 
978 977 5 0 0 
979 978 6 0 0 
980 979 5 0 0 
981 980 6 0 0 
982 981 8 0 0 
983 982 4 0 0 
984 983 8 0 0 
985 984 8 0 0 
986 985 3 0 0 
987 986 8 0 0 
988 987 7 0 0 
989 988 5 0 0 
990 989 2 0 0 
991 990 4 0 0 
992 991 5 0 0 
993 992 0 0 0 
994 993 5 0 0 
995 994 7 0 0 
996 995 3 0 0 
997 996 2 0 0 
998 997 7 0 0 
999 998 2 0 0 
1000 999 1 0 0 
1001 1000 3 0 0 
1002 1001 4 0 0 
1003 1002 9 0 0 
1004 1003 4 0 0 
1005 1004 1 0 0 
1006 1005 9 0 0 
1007 1006 5 0 0 
1008 1007 7 0 0 
1009 1008 4 0 0 
1010 1009 1 0 0 
1011 1010 2 0 0 
1012 1011 2 0 0 
1013 1012 1 0 0 
1014 1013 6 0 0 
1015 1014 2 0 0 
1016 1015 0 0 0 
1017 1016 2 0 0 
1018 1017 2 0 0 
1019 1018 9 0 0 
1020 1019 7 0 0 
1021 1020 4 0 0 
1022 1021 3 0 0 
1023 1022 5 0 0 
1024 1023 6 0 0 
1025 1024 1 0 0 
1026 1025 4 0 0 
1027 1026 0 0 0 
1028 1027 3 0 0 
1029 1028 1 0 0 
1030 1029 2 0 0 
1031 1030 7 0 0 
1032 1031 7 0 0 
1033 1032 9 0 0 
1034 1033 8 0 0 
1035 1034 1 0 0 
1036 1035 0 0 0 
1037 1036 7 0 0 
1038 1037 6 0 0 
1039 1038 0 0 0 
1040 1039 1 0 0 
1041 1040 0 0 0 
1042 1041 2 0 0 
1043 1042 5 0 0 
1044 1043 1 0 0 
1045 1044 9 0 0 
1046 1045 7 0 0 
1047 1046 1 0 0 
1048 1047 3 0 0 
1049 1048 1 0 0 
1050 1049 2 0 0 
1051 1050 0 0 0 
1052 1051 6 0 0 
1053 1052 8 0 0 
1054 1053 7 0 0 
1055 1054 4 0 0 
1056 1055 9 0 0 
1057 1056 2 0 0 
1058 1057 4 0 0 
1059 1058 4 0 0 
1060 1059 5 0 0 
1061 1060 9 0 0 
1062 1061 1 0 0 
1063 1062 2 0 0 
1064 1063 8 0 0 
1065 1064 9 0 0 
1066 1065 6 0 0 
1067 1066 0 0 0 
1068 1067 6 0 0 
1069 1068 4 0 0 
1070 1069 0 0 0 
1071 1070 9 0 0 
1072 1071 4 0 0 
1073 1072 5 0 0 
1074 1073 4 0 0 
1075 1074 6 0 0 
1076 1075 6 0 0 
1077 1076 3 0 0 
1078 1077 9 0 0 
1079 1078 9 0 0 
1080 1079 5 0 0 
1081 1080 2 0 0 
1082 1081 1 0 0 
1083 1082 3 0 0 
1084 1083 0 0 0 
1085 1084 9 0 0 
1086 1085 9 0 0 
1087 1086 1 0 0 
1088 1087 3 0 0 
1089 1088 4 0 0 
1090 1089 5 0 0 
1091 1090 8 0 0 
1092 1091 5 0 0 
1093 1092 7 0 0 
1094 1093 3 0 0 
1095 1094 3 0 0 
1096 1095 8 0 0 
1097 1096 9 0 0 
1098 1097 5 0 0 
1099 1098 5 0 0 
1100 1099 3 0 0 
1101 1100 8 0 0 
1102 1101 6 0 0 
1103 1102 0 0 0 
1104 1103 3 0 0 
1105 1104 3 0 0 
1106 1105 6 0 0 
1107 1106 1 0 0 
1108 1107 8 0 0 
1109 1108 7 0 0 
1110 1109 0 0 0 
1111 1110 5 0 0 
1112 1111 1 0 0 
1113 1112 1 0 0 
1114 1113 0 0 0 
1115 1114 3 0 0 
1116 1115 0 0 0 
1117 1116 0 0 0 
1118 1117 4 0 0 
1119 1118 5 0 0 
1120 1119 4 0 0 
1121 1120 2 0 0 
1122 1121 4 0 0 
1123 1122 9 0 0 
1124 1123 9 0 0 
1125 1124 9 0 0 
1126 1125 4 0 0 
1127 1126 9 0 0 
1128 1127 8 0 0 
1129 1128 1 0 0 
1130 1129 6 0 0 
1131 1130 3 0 0 
1132 1131 9 0 0 
1133 1132 3 0 0 
1134 1133 3 0 0 
1135 1134 4 0 0 
1136 1135 6 0 0 
1137 1136 1 0 0 
1138 1137 5 0 0 
1139 1138 6 0 0 
1140 1139 1 0 0 
1141 1140 7 0 0 
1142 1141 2 0 0 
1143 1142 2 0 0 
1144 1143 9 0 0 
1145 1144 2 0 0 
1146 1145 8 0 0 
1147 1146 1 0 0 
1148 1147 2 0 0 
1149 1148 4 0 0 
1150 1149 7 0 0 
1151 1150 8 0 0 
1152 1151 6 0 0 
1153 1152 3 0 0 
1154 1153 7 0 0 
1155 1154 7 0 0 
1156 1155 2 0 0 
1157 1156 3 0 0 
1158 1157 7 0 0 
1159 1158 2 0 0 
1160 1159 5 0 0 
1161 1160 3 0 0 
1162 1161 7 0 0 
1163 1162 6 0 0 
1164 1163 8 0 0 
1165 1164 1 0 0 
1166 1165 3 0 0 
1167 1166 6 0 0 
1168 1167 4 0 0 
1169 1168 0 0 0 
1170 1169 3 0 0 
1171 1170 5 0 0 
1172 1171 8 0 0 
1173 1172 5 0 0 
1174 1173 0 0 0 
1175 1174 9 0 0 
1176 1175 9 0 0 
1177 1176 8 0 0 
1178 1177 0 0 0 
1179 1178 2 0 0 
1180 1179 4 0 0 
1181 1180 9 0 0 
1182 1181 0 0 0 
1183 1182 1 0 0 
1184 1183 2 0 0 
1185 1184 0 0 0 
1186 1185 0 0 0 
1187 1186 6 0 0 
1188 1187 3 0 0 
1189 1188 9 0 0 
1190 1189 0 0 0 
1191 1190 8 0 0 
1192 1191 3 0 0 
1193 1192 8 0 0 
1194 1193 7 0 0 
1195 1194 3 0 0 
1196 1195 1 0 0 
1197 1196 0 0 0 
1198 1197 0 0 0 
1199 1198 5 0 0 
1200 1199 0 0 0 
1201 1200 3 0 0 
1202 1201 1 0 0 
1203 1202 8 0 0 
1204 1203 0 0 0 
1205 1204 1 0 0 
1206 1205 7 0 0 
1207 1206 9 0 0 
1208 1207 1 0 0 
1209 1208 0 0 0 
1210 1209 3 0 0 
1211 1210 5 0 0 
1212 1211 9 0 0 
1213 1212 4 0 0 
1214 1213 8 0 0 
1215 1214 4 0 0 
1216 1215 6 0 0 
1217 1216 9 0 0 
1218 1217 2 0 0 
1219 1218 9 0 0 
1220 1219 0 0 0 
1221 1220 3 0 0 
1222 1221 0 0 0 
1223 1222 3 0 0 
1224 1223 3 0 0 
1225 1224 7 0 0 
1226 1225 9 0 0 
1227 1226 4 0 0 
1228 1227 9 0 0 
1229 1228 9 0 0 
1230 1229 1 0 0 
1231 1230 9 0 0 
1232 1231 4 0 0 
1233 1232 2 0 0 
1234 1233 0 0 0 
1235 1234 6 0 0 
1236 1235 5 0 0 
1237 1236 9 0 0 
1238 1237 5 0 0 
1239 1238 6 0 0 
1240 1239 1 0 0 
1241 1240 1 0 0 
1242 1241 4 0 0 
1243 1242 3 0 0 
1244 1243 7 0 0 
1245 1244 2 0 0 
1246 1245 7 0 0 
1247 1246 3 0 0 
1248 1247 3 0 0 
1249 1248 9 0 0 
1250 1249 2 0 0 
1251 1250 4 0 0 
1252 0 4 1 0 
1253 1 4 1 0 
1254 2 9 1 0 
1255 3 9 1 0 
1256 4 3 1 0 
1257 5 8 1 0 
1258 6 3 1 0 
1259 7 2 1 0 
1260 8 9 1 0 
1261 9 5 1 0 
1262 10 4 1 0 
1263 11 3 1 0 
1264 12 9 1 0 
1265 13 4 1 0 
1266 14 9 1 0 
1267 15 5 1 0 
1268 16 5 1 0 
1269 17 7 1 0 
1270 18 3 1 0 
1271 19 9 1 0 
1272 20 0 1 0 
1273 21 7 1 0 
1274 22 2 1 0 
1275 23 7 1 0 
1276 24 2 1 0 
1277 25 9 1 0 
1278 26 0 1 0 
1279 27 5 1 0 
1280 28 0 1 0 
1281 29 4 1 0 
1282 30 1 1 0 
1283 31 7 1 0 
1284 32 9 1 0 
1285 33 3 1 0 
1286 34 6 1 0 
1287 35 2 1 0 
1288 36 1 1 0 
1289 37 2 1 0 
1290 38 5 1 0 
1291 39 3 1 0 
1292 40 9 1 0 
1293 41 1 1 0 
1294 42 8 1 0 
1295 43 8 1 0 
1296 44 7 1 0 
1297 45 0 1 0 
1298 46 5 1 0 
1299 47 2 1 0 
1300 48 7 1 0 
1301 49 9 1 0 
1302 50 1 1 0 
1303 51 9 1 0 
1304 52 6 1 0 
1305 53 3 1 0 
1306 54 6 1 0 
1307 55 8 1 0 
1308 56 4 1 0 
1309 57 6 1 0 
1310 58 6 1 0 
1311 59 7 1 0 
1312 60 2 1 0 
1313 61 7 1 0 
1314 62 4 1 0 
1315 63 1 1 0 
1316 64 0 1 0 
1317 65 0 1 0 
1318 66 6 1 0 
1319 67 4 1 0 
1320 68 4 1 0 
1321 69 3 1 0 
1322 70 7 1 0 
1323 71 3 1 0 
1324 72 4 1 0 
1325 73 7 1 0 
1326 74 2 1 0 
1327 75 1 1 0 
1328 76 7 1 0 
1329 77 9 1 0 
1330 78 5 1 0 
1331 79 6 1 0 
1332 80 8 1 0 
1333 81 9 1 0 
1334 82 5 1 0 
1335 83 5 1 0 
1336 84 2 1 0 
1337 85 1 1 0 
1338 86 5 1 0 
1339 87 9 1 0 
1340 88 9 1 0 
1341 89 1 1 0 
1342 90 6 1 0 
1343 91 2 1 0 
1344 92 1 1 0 
1345 93 0 1 0 
1346 94 5 1 0 
1347 95 3 1 0 
1348 96 2 1 0 
1349 97 1 1 0 
1350 98 9 1 0 
1351 99 7 1 0 
1352 100 6 1 0 
1353 101 8 1 0 
1354 102 2 1 0 
1355 103 0 1 0 
1356 104 6 1 0 
1357 105 4 1 0 
1358 106 3 1 0 
1359 107 3 1 0 
1360 108 6 1 0 
1361 109 9 1 0 
1362 110 0 1 0 
1363 111 4 1 0 
1364 112 8 1 0 
1365 113 5 1 0 
1366 114 1 1 0 
1367 115 2 1 0 
1368 116 9 1 0 
1369 117 7 1 0 
1370 118 3 1 0 
1371 119 8 1 0 
1372 120 0 1 0 
1373 121 9 1 0 
1374 122 2 1 0 
1375 123 3 1 0 
1376 124 1 1 0 
1377 125 8 1 0 
1378 126 7 1 0 
1379 127 4 1 0 
1380 128 1 1 0 
1381 129 6 1 0 
1382 130 3 1 0 
1383 131 8 1 0 
1384 132 5 1 0 
1385 133 5 1 0 
1386 134 0 1 0 
1387 135 1 1 0 
1388 136 2 1 0 
1389 137 6 1 0 
1390 138 4 1 0 
1391 139 8 1 0 
1392 140 5 1 0 
1393 141 6 1 0 
1394 142 2 1 0 
1395 143 5 1 0 
1396 144 2 1 0 
1397 145 6 1 0 
1398 146 9 1 0 
1399 147 1 1 0 
1400 148 3 1 0 
1401 149 3 1 0 
1402 150 1 1 0 
1403 151 5 1 0 
1404 152 2 1 0 
1405 153 6 1 0 
1406 154 9 1 0 
1407 155 4 1 0 
1408 156 4 1 0 
1409 157 6 1 0 
1410 158 0 1 0 
1411 159 7 1 0 
1412 160 4 1 0 
1413 161 3 1 0 
1414 162 7 1 0 
1415 163 9 1 0 
1416 164 0 1 0 
1417 165 0 1 0 
1418 166 2 1 0 
1419 167 2 1 0 
1420 168 6 1 0 
1421 169 9 1 0 
1422 170 0 1 0 
1423 171 3 1 0 
1424 172 5 1 0 
1425 173 5 1 0 
1426 174 8 1 0 
1427 175 7 1 0 
1428 176 1 1 0 
1429 177 7 1 0 
1430 178 0 1 0 
1431 179 6 1 0 
1432 180 0 1 0 
1433 181 4 1 0 
1434 182 1 1 0 
1435 183 3 1 0 
1436 184 0 1 0 
1437 185 2 1 0 
1438 186 9 1 0 
1439 187 6 1 0 
1440 188 0 1 0 
1441 189 9 1 0 
1442 190 3 1 0 
1443 191 5 1 0 
1444 192 4 1 0 
1445 193 3 1 0 
1446 194 6 1 0 
1447 195 4 1 0 
1448 196 3 1 0 
1449 197 1 1 0 
1450 198 9 1 0 
1451 199 1 1 0 
1452 200 0 1 0 
1453 201 9 1 0 
1454 202 4 1 0 
1455 203 5 1 0 
1456 204 6 1 0 
1457 205 2 1 0 
1458 206 5 1 0 
1459 207 9 1 0 
1460 208 1 1 0 
1461 209 7 1 0 
1462 210 7 1 0 
1463 211 4 1 0 
1464 212 1 1 0 
1465 213 1 1 0 
1466 214 9 1 0 
1467 215 1 1 0 
1468 216 3 1 0 
1469 217 8 1 0 
1470 218 7 1 0 
1471 219 4 1 0 
1472 220 9 1 0 
1473 221 3 1 0 
1474 222 1 1 0 
1475 223 3 1 0 
1476 224 8 1 0 
1477 225 7 1 0 
1478 226 9 1 0 
1479 227 3 1 0 
1480 228 8 1 0 
1481 229 8 1 0 
1482 230 4 1 0 
1483 231 0 1 0 
1484 232 0 1 0 
1485 233 8 1 0 
1486 234 6 1 0 
1487 235 8 1 0 
1488 236 2 1 0 
1489 237 3 1 0 
1490 238 8 1 0 
1491 239 5 1 0 
1492 240 0 1 0 
1493 241 5 1 0 
1494 242 9 1 0 
1495 243 2 1 0 
1496 244 6 1 0 
1497 245 8 1 0 
1498 246 5 1 0 
1499 247 2 1 0 
1500 248 8 1 0 
1501 249 3 1 0 
1502 250 6 1 0 
1503 251 7 1 0 
1504 252 8 1 0 
1505 253 7 1 0 
1506 254 2 1 0 
1507 255 6 1 0 
1508 256 6 1 0 
1509 257 2 1 0 
1510 258 9 1 0 
1511 259 7 1 0 
1512 260 0 1 0 
1513 261 3 1 0 
1514 262 7 1 0 
1515 263 2 1 0 
1516 264 3 1 0 
1517 265 5 1 0 
1518 266 1 1 0 
1519 267 7 1 0 
1520 268 8 1 0 
1521 269 9 1 0 
1522 270 4 1 0 
1523 271 1 1 0 
1524 272 6 1 0 
1525 273 4 1 0 
1526 274 3 1 0 
1527 275 5 1 0 
1528 276 4 1 0 
1529 277 8 1 0 
1530 278 7 1 0 
1531 279 3 1 0 
1532 280 3 1 0 
1533 281 5 1 0 
1534 282 0 1 0 
1535 283 1 1 0 
1536 284 4 1 0 
1537 285 5 1 0 
1538 286 7 1 0 
1539 287 0 1 0 
1540 288 7 1 0 
1541 289 8 1 0 
1542 290 9 1 0 
1543 291 9 1 0 
1544 292 3 1 0 
1545 293 9 1 0 
1546 294 4 1 0 
1547 295 6 1 0 
1548 296 4 1 0 
1549 297 5 1 0 
1550 298 5 1 0 
1551 299 5 1 0 
1552 300 6 1 0 
1553 301 0 1 0 
1554 302 6 1 0 
1555 303 2 1 0 
1556 304 6 1 0 
1557 305 9 1 0 
1558 306 9 1 0 
1559 307 2 1 0 
1560 308 9 1 0 
1561 309 6 1 0 
1562 310 5 1 0 
1563 311 5 1 0 
1564 312 3 1 0 
1565 313 8 1 0 
1566 314 6 1 0 
1567 315 7 1 0 
1568 316 3 1 0 
1569 317 6 1 0 
1570 318 0 1 0 
1571 319 2 1 0 
1572 320 6 1 0 
1573 321 9 1 0 
1574 322 3 1 0 
1575 323 0 1 0 
1576 324 8 1 0 
1577 325 7 1 0 
1578 326 6 1 0 
1579 327 5 1 0 
1580 328 2 1 0 
1581 329 4 1 0 
1582 330 0 1 0 
1583 331 0 1 0 
1584 332 6 1 0 
1585 333 8 1 0 
1586 334 5 1 0 
1587 335 4 1 0 
1588 336 9 1 0 
1589 337 4 1 0 
1590 338 6 1 0 
1591 339 8 1 0 
1592 340 3 1 0 
1593 341 2 1 0 
1594 342 3 1 0 
1595 343 6 1 0 
1596 344 2 1 0 
1597 345 2 1 0 
1598 346 4 1 0 
1599 347 7 1 0 
1600 348 0 1 0 
1601 349 4 1 0 
1602 350 9 1 0 
1603 351 6 1 0 
1604 352 5 1 0 
1605 353 4 1 0 
1606 354 6 1 0 
1607 355 4 1 0 
1608 356 2 1 0 
1609 357 5 1 0 
1610 358 1 1 0 
1611 359 6 1 0 
1612 360 1 1 0 
1613 361 3 1 0 
1614 362 7 1 0 
1615 363 7 1 0 
1616 364 1 1 0 
1617 365 2 1 0 
1618 366 1 1 0 
1619 367 0 1 0 
1620 368 8 1 0 
1621 369 9 1 0 
1622 370 0 1 0 
1623 371 1 1 0 
1624 372 3 1 0 
1625 373 4 1 0 
1626 374 8 1 0 
1627 375 5 1 0 
1628 376 8 1 0 
1629 377 2 1 0 
1630 378 2 1 0 
1631 379 0 1 0 
1632 380 6 1 0 
1633 381 3 1 0 
1634 382 6 1 0 
1635 383 1 1 0 
1636 384 0 1 0 
1637 385 5 1 0 
1638 386 7 1 0 
1639 387 4 1 0 
1640 388 2 1 0 
1641 389 0 1 0 
1642 390 0 1 0 
1643 391 3 1 0 
1644 392 3 1 0 
1645 393 9 1 0 
1646 394 0 1 0 
1647 395 4 1 0 
1648 396 3 1 0 
1649 397 3 1 0 
1650 398 4 1 0 
1651 399 2 1 0 
1652 400 4 1 0 
1653 401 5 1 0 
1654 402 3 1 0 
1655 403 8 1 0 
1656 404 1 1 0 
1657 405 1 1 0 
1658 406 3 1 0 
1659 407 1 1 0 
1660 408 5 1 0 
1661 409 8 1 0 
1662 410 1 1 0 
1663 411 3 1 0 
1664 412 3 1 0 
1665 413 9 1 0 
1666 414 7 1 0 
1667 415 5 1 0 
1668 416 4 1 0 
1669 417 4 1 0 
1670 418 9 1 0 
1671 419 6 1 0 
1672 420 7 1 0 
1673 421 2 1 0 
1674 422 1 1 0 
1675 423 0 1 0 
1676 424 1 1 0 
1677 425 3 1 0 
1678 426 7 1 0 
1679 427 7 1 0 
1680 428 6 1 0 
1681 429 3 1 0 
1682 430 9 1 0 
1683 431 1 1 0 
1684 432 0 1 0 
1685 433 4 1 0 
1686 434 1 1 0 
1687 435 1 1 0 
1688 436 8 1 0 
1689 437 6 1 0 
1690 438 4 1 0 
1691 439 3 1 0 
1692 440 4 1 0 
1693 441 7 1 0 
1694 442 7 1 0 
1695 443 0 1 0 
1696 444 7 1 0 
1697 445 4 1 0 
1698 446 5 1 0 
1699 447 3 1 0 
1700 448 0 1 0 
1701 449 7 1 0 
1702 450 2 1 0 
1703 451 9 1 0 
1704 452 9 1 0 
1705 453 3 1 0 
1706 454 0 1 0 
1707 455 2 1 0 
1708 456 7 1 0 
1709 457 9 1 0 
1710 458 9 1 0 
1711 459 5 1 0 
1712 460 2 1 0 
1713 461 0 1 0 
1714 462 8 1 0 
1715 463 3 1 0 
1716 464 5 1 0 
1717 465 9 1 0 
1718 466 6 1 0 
1719 467 5 1 0 
1720 468 6 1 0 
1721 469 3 1 0 
1722 470 0 1 0 
1723 471 2 1 0 
1724 472 0 1 0 
1725 473 7 1 0 
1726 474 4 1 0 
1727 475 7 1 0 
1728 476 3 1 0 
1729 477 0 1 0 
1730 478 1 1 0 
1731 479 6 1 0 
1732 480 7 1 0 
1733 481 5 1 0 
1734 482 7 1 0 
1735 483 8 1 0 
1736 484 8 1 0 
1737 485 9 1 0 
1738 486 0 1 0 
1739 487 7 1 0 
1740 488 8 1 0 
1741 489 0 1 0 
1742 490 3 1 0 
1743 491 1 1 0 
1744 492 0 1 0 
1745 493 3 1 0 
1746 494 6 1 0 
1747 495 7 1 0 
1748 496 3 1 0 
1749 497 2 1 0 
1750 498 2 1 0 
1751 499 1 1 0 
1752 500 5 1 0 
1753 501 3 1 0 
1754 502 3 1 0 
1755 503 8 1 0 
1756 504 2 1 0 
1757 505 8 1 0 
1758 506 5 1 0 
1759 507 8 1 0 
1760 508 0 1 0 
1761 509 8 1 0 
1762 510 6 1 0 
1763 511 9 1 0 
1764 512 3 1 0 
1765 513 3 1 0 
1766 514 7 1 0 
1767 515 4 1 0 
1768 516 3 1 0 
1769 517 7 1 0 
1770 518 1 1 0 
1771 519 3 1 0 
1772 520 9 1 0 
1773 521 6 1 0 
1774 522 4 1 0 
1775 523 2 1 0 
1776 524 0 1 0 
1777 525 2 1 0 
1778 526 9 1 0 
1779 527 5 1 0 
1780 528 7 1 0 
1781 529 4 1 0 
1782 530 6 1 0 
1783 531 4 1 0 
1784 532 9 1 0 
1785 533 1 1 0 
1786 534 2 1 0 
1787 535 3 1 0 
1788 536 1 1 0 
1789 537 8 1 0 
1790 538 1 1 0 
1791 539 3 1 0 
1792 540 8 1 0 
1793 541 9 1 0 
1794 542 2 1 0 
1795 543 4 1 0 
1796 544 5 1 0 
1797 545 1 1 0 
1798 546 0 1 0 
1799 547 0 1 0 
1800 548 1 1 0 
1801 549 3 1 0 
1802 550 3 1 0 
1803 551 0 1 0 
1804 552 0 1 0 
1805 553 0 1 0 
1806 554 2 1 0 
1807 555 2 1 0 
1808 556 2 1 0 
1809 557 4 1 0 
1810 558 7 1 0 
1811 559 9 1 0 
1812 560 8 1 0 
1813 561 5 1 0 
1814 562 4 1 0 
1815 563 7 1 0 
1816 564 8 1 0 
1817 565 6 1 0 
1818 566 0 1 0 
1819 567 0 1 0 
1820 568 6 1 0 
1821 569 4 1 0 
1822 570 3 1 0 
1823 571 7 1 0 
1824 572 5 1 0 
1825 573 8 1 0 
1826 574 1 1 0 
1827 575 0 1 0 
1828 576 9 1 0 
1829 577 3 1 0 
1830 578 0 1 0 
1831 579 2 1 0 
1832 580 6 1 0 
1833 581 4 1 0 
1834 582 3 1 0 
1835 583 8 1 0 
1836 584 6 1 0 
1837 585 7 1 0 
1838 586 0 1 0 
1839 587 8 1 0 
1840 588 1 1 0 
1841 589 9 1 0 
1842 590 8 1 0 
1843 591 1 1 0 
1844 592 6 1 0 
1845 593 4 1 0 
1846 594 8 1 0 
1847 595 5 1 0 
1848 596 0 1 0 
1849 597 1 1 0 
1850 598 5 1 0 
1851 599 9 1 0 
1852 600 7 1 0 
1853 601 0 1 0 
1854 602 6 1 0 
1855 603 2 1 0 
1856 604 8 1 0 
1857 605 9 1 0 
1858 606 5 1 0 
1859 607 0 1 0 
1860 608 2 1 0 
1861 609 7 1 0 
1862 610 2 1 0 
1863 611 8 1 0 
1864 612 1 1 0 
1865 613 7 1 0 
1866 614 7 1 0 
1867 615 9 1 0 
1868 616 7 1 0 
1869 617 9 1 0 
1870 618 8 1 0 
1871 619 8 1 0 
1872 620 9 1 0 
1873 621 8 1 0 
1874 622 0 1 0 
1875 623 5 1 0 
1876 624 2 1 0 
