1 0 3 0 0 
2 1 6 0 0 
3 2 7 0 0 
4 3 5 0 0 
5 4 3 0 0 
6 5 5 0 0 
7 6 6 0 0 
8 7 2 0 0 
9 8 9 0 0 
10 9 1 0 0 
11 10 2 0 0 
12 11 7 0 0 
13 12 0 0 0 
14 13 9 0 0 
15 14 3 0 0 
16 15 6 0 0 
17 16 0 0 0 
18 17 6 0 0 
19 18 2 0 0 
20 19 6 0 0 
21 20 1 0 0 
22 21 8 0 0 
23 22 7 0 0 
24 23 9 0 0 
25 24 2 0 0 
26 25 0 0 0 
27 26 2 0 0 
28 27 3 0 0 
29 28 7 0 0 
30 29 5 0 0 
31 30 9 0 0 
32 31 2 0 0 
33 32 2 0 0 
34 33 8 0 0 
35 34 9 0 0 
36 35 7 0 0 
37 36 3 0 0 
38 37 6 0 0 
39 38 1 0 0 
40 39 2 0 0 
41 40 9 0 0 
42 41 3 0 0 
43 42 1 0 0 
44 43 9 0 0 
45 44 4 0 0 
46 45 7 0 0 
47 46 8 0 0 
48 47 4 0 0 
49 48 5 0 0 
50 49 0 0 0 
51 50 3 0 0 
52 51 6 0 0 
53 52 1 0 0 
54 53 0 0 0 
55 54 6 0 0 
56 55 3 0 0 
57 56 2 0 0 
58 57 0 0 0 
59 58 6 0 0 
60 59 1 0 0 
61 60 5 0 0 
62 61 5 0 0 
63 62 4 0 0 
64 63 7 0 0 
65 64 6 0 0 
66 65 5 0 0 
67 66 6 0 0 
68 67 9 0 0 
69 68 3 0 0 
70 69 7 0 0 
71 70 4 0 0 
72 71 5 0 0 
73 72 2 0 0 
74 73 5 0 0 
75 74 4 0 0 
76 75 7 0 0 
77 76 4 0 0 
78 77 4 0 0 
79 78 3 0 0 
80 79 0 0 0 
81 80 7 0 0 
82 81 8 0 0 
83 82 6 0 0 
84 83 8 0 0 
85 84 8 0 0 
86 85 4 0 0 
87 86 3 0 0 
88 87 1 0 0 
89 88 4 0 0 
90 89 9 0 0 
91 90 2 0 0 
92 91 0 0 0 
93 92 6 0 0 
94 93 8 0 0 
95 94 9 0 0 
96 95 2 0 0 
97 96 6 0 0 
98 97 6 0 0 
99 98 4 0 0 
100 99 9 0 0 
101 100 5 0 0 
102 101 0 0 0 
103 102 4 0 0 
104 103 8 0 0 
105 104 7 0 0 
106 105 1 0 0 
107 106 7 0 0 
108 107 2 0 0 
109 108 7 0 0 
110 109 2 0 0 
111 110 2 0 0 
112 111 6 0 0 
113 112 1 0 0 
114 113 0 0 0 
115 114 6 0 0 
116 115 1 0 0 
117 116 5 0 0 
118 117 9 0 0 
119 118 4 0 0 
120 119 9 0 0 
121 120 0 0 0 
122 121 9 0 0 
123 122 1 0 0 
124 123 7 0 0 
125 124 7 0 0 
126 125 1 0 0 
127 126 1 0 0 
128 127 5 0 0 
129 128 9 0 0 
130 129 7 0 0 
131 130 7 0 0 
132 131 6 0 0 
133 132 7 0 0 
134 133 3 0 0 
135 134 6 0 0 
136 135 5 0 0 
137 136 6 0 0 
138 137 3 0 0 
139 138 9 0 0 
140 139 4 0 0 
141 140 8 0 0 
142 141 1 0 0 
143 142 2 0 0 
144 143 9 0 0 
145 144 3 0 0 
146 145 9 0 0 
147 146 0 0 0 
148 147 8 0 0 
149 148 8 0 0 
150 149 5 0 0 
151 150 0 0 0 
152 151 9 0 0 
153 152 6 0 0 
154 153 3 0 0 
155 154 8 0 0 
156 155 5 0 0 
157 156 6 0 0 
158 157 1 0 0 
159 158 1 0 0 
160 159 5 0 0 
161 160 9 0 0 
162 161 8 0 0 
163 162 4 0 0 
164 163 8 0 0 
165 164 1 0 0 
166 165 0 0 0 
167 166 3 0 0 
168 167 0 0 0 
169 168 4 0 0 
170 169 4 0 0 
171 170 4 0 0 
172 171 4 0 0 
173 172 7 0 0 
174 173 6 0 0 
175 174 3 0 0 
176 175 1 0 0 
177 176 7 0 0 
178 177 5 0 0 
179 178 9 0 0 
180 179 6 0 0 
181 180 2 0 0 
182 181 1 0 0 
183 182 7 0 0 
184 183 8 0 0 
185 184 5 0 0 
186 185 7 0 0 
187 186 4 0 0 
188 187 1 0 0 
189 188 8 0 0 
190 189 5 0 0 
191 190 9 0 0 
192 191 7 0 0 
193 192 5 0 0 
194 193 3 0 0 
195 194 8 0 0 
196 195 8 0 0 
197 196 3 0 0 
198 197 1 0 0 
199 198 8 0 0 
200 199 9 0 0 
201 200 6 0 0 
202 201 4 0 0 
203 202 3 0 0 
204 203 3 0 0 
205 204 3 0 0 
206 205 8 0 0 
207 206 6 0 0 
208 207 0 0 0 
209 208 4 0 0 
210 209 8 0 0 
211 210 8 0 0 
212 211 8 0 0 
213 212 9 0 0 
214 213 7 0 0 
215 214 7 0 0 
216 215 6 0 0 
217 216 4 0 0 
218 217 3 0 0 
219 218 0 0 0 
220 219 3 0 0 
221 220 0 0 0 
222 221 9 0 0 
223 222 2 0 0 
224 223 5 0 0 
225 224 4 0 0 
226 225 0 0 0 
227 226 5 0 0 
228 227 9 0 0 
229 228 4 0 0 
230 229 6 0 0 
231 230 9 0 0 
232 231 2 0 0 
233 232 2 0 0 
234 233 4 0 0 
235 234 7 0 0 
236 235 7 0 0 
237 236 5 0 0 
238 237 4 0 0 
239 238 8 0 0 
240 239 1 0 0 
241 240 2 0 0 
242 241 8 0 0 
243 242 9 0 0 
244 243 3 0 0 
245 244 6 0 0 
246 245 8 0 0 
247 246 0 0 0 
248 247 2 0 0 
249 248 1 0 0 
250 249 0 0 0 
251 250 5 0 0 
252 251 1 0 0 
253 252 1 0 0 
254 253 0 0 0 
255 254 8 0 0 
256 255 5 0 0 
257 256 0 0 0 
258 257 6 0 0 
259 258 4 0 0 
260 259 6 0 0 
261 260 2 0 0 
262 261 5 0 0 
263 262 8 0 0 
264 263 6 0 0 
265 264 2 0 0 
266 265 8 0 0 
267 266 4 0 0 
268 267 7 0 0 
269 268 2 0 0 
270 269 4 0 0 
271 270 0 0 0 
272 271 6 0 0 
273 272 2 0 0 
274 273 9 0 0 
275 274 9 0 0 
276 275 0 0 0 
277 276 8 0 0 
278 277 1 0 0 
279 278 3 0 0 
280 279 1 0 0 
281 280 1 0 0 
282 281 0 0 0 
283 282 3 0 0 
284 283 4 0 0 
285 284 0 0 0 
286 285 3 0 0 
287 286 9 0 0 
288 287 1 0 0 
289 288 9 0 0 
290 289 6 0 0 
291 290 9 0 0 
292 291 3 0 0 
293 292 3 0 0 
294 293 8 0 0 
295 294 0 0 0 
296 295 5 0 0 
297 296 6 0 0 
298 297 6 0 0 
299 298 4 0 0 
300 299 0 0 0 
301 300 0 0 0 
302 301 4 0 0 
303 302 6 0 0 
304 303 2 0 0 
305 304 6 0 0 
306 305 7 0 0 
307 306 5 0 0 
308 307 6 0 0 
309 308 9 0 0 
310 309 8 0 0 
311 310 7 0 0 
312 311 2 0 0 
313 312 8 0 0 
314 313 2 0 0 
315 314 9 0 0 
316 315 9 0 0 
317 316 6 0 0 
318 317 0 0 0 
319 318 2 0 0 
320 319 7 0 0 
321 320 6 0 0 
322 321 1 0 0 
323 322 3 0 0 
324 323 2 0 0 
325 324 1 0 0 
326 325 5 0 0 
327 326 9 0 0 
328 327 9 0 0 
329 328 1 0 0 
330 329 4 0 0 
331 330 9 0 0 
332 331 1 0 0 
333 332 0 0 0 
334 333 7 0 0 
335 334 5 0 0 
336 335 8 0 0 
337 336 7 0 0 
338 337 0 0 0 
339 338 4 0 0 
340 339 8 0 0 
341 340 0 0 0 
342 341 4 0 0 
343 342 2 0 0 
344 343 9 0 0 
345 344 6 0 0 
346 345 1 0 0 
347 346 0 0 0 
348 347 4 0 0 
349 348 2 0 0 
350 349 2 0 0 
351 350 2 0 0 
352 351 0 0 0 
353 352 5 0 0 
354 353 5 0 0 
355 354 2 0 0 
356 355 9 0 0 
357 356 0 0 0 
358 357 2 0 0 
359 358 8 0 0 
360 359 3 0 0 
361 360 8 0 0 
362 361 0 0 0 
363 362 4 0 0 
364 363 0 0 0 
365 364 9 0 0 
366 365 1 0 0 
367 366 9 0 0 
368 367 6 0 0 
369 368 2 0 0 
370 369 5 0 0 
371 370 4 0 0 
372 371 4 0 0 
373 372 9 0 0 
374 373 9 0 0 
375 374 3 0 0 
376 375 6 0 0 
377 376 0 0 0 
378 377 5 0 0 
379 378 0 0 0 
380 379 2 0 0 
381 380 9 0 0 
382 381 4 0 0 
383 382 3 0 0 
384 383 5 0 0 
385 384 1 0 0 
386 385 7 0 0 
387 386 4 0 0 
388 387 3 0 0 
389 388 1 0 0 
390 389 4 0 0 
391 390 6 0 0 
392 391 9 0 0 
393 392 4 0 0 
394 393 2 0 0 
395 394 2 0 0 
396 395 6 0 0 
397 396 4 0 0 
398 397 1 0 0 
399 398 2 0 0 
400 399 8 0 0 
401 400 8 0 0 
402 401 9 0 0 
403 402 2 0 0 
404 403 8 0 0 
405 404 8 0 0 
406 405 8 0 0 
407 406 6 0 0 
408 407 8 0 0 
409 408 3 0 0 
410 409 8 0 0 
411 410 3 0 0 
412 411 3 0 0 
413 412 3 0 0 
414 413 8 0 0 
415 414 0 0 0 
416 415 4 0 0 
417 416 7 0 0 
418 417 6 0 0 
419 418 8 0 0 
420 419 9 0 0 
421 420 0 0 0 
422 421 6 0 0 
423 422 8 0 0 
424 423 7 0 0 
425 424 9 0 0 
426 425 0 0 0 
427 426 3 0 0 
428 427 3 0 0 
429 428 3 0 0 
430 429 7 0 0 
431 430 3 0 0 
432 431 2 0 0 
433 432 6 0 0 
434 433 5 0 0 
435 434 2 0 0 
436 435 6 0 0 
437 436 5 0 0 
438 437 8 0 0 
439 438 7 0 0 
440 439 9 0 0 
441 440 6 0 0 
442 441 0 0 0 
443 442 4 0 0 
444 443 1 0 0 
445 444 0 0 0 
446 445 4 0 0 
447 446 8 0 0 
448 447 7 0 0 
449 448 0 0 0 
450 449 8 0 0 
451 450 6 0 0 
452 451 2 0 0 
453 452 4 0 0 
454 453 7 0 0 
455 454 9 0 0 
456 455 3 0 0 
457 456 9 0 0 
458 457 2 0 0 
459 458 8 0 0 
460 459 3 0 0 
461 460 0 0 0 
462 461 1 0 0 
463 462 7 0 0 
464 463 8 0 0 
465 464 9 0 0 
466 465 1 0 0 
467 466 5 0 0 
468 467 4 0 0 
469 468 9 0 0 
470 469 2 0 0 
471 470 5 0 0 
472 471 7 0 0 
473 472 4 0 0 
474 473 9 0 0 
475 474 9 0 0 
476 475 4 0 0 
477 476 5 0 0 
478 477 9 0 0 
479 478 3 0 0 
480 479 5 0 0 
481 480 7 0 0 
482 481 0 0 0 
483 482 8 0 0 
484 483 1 0 0 
485 484 9 0 0 
486 485 9 0 0 
487 486 7 0 0 
488 487 8 0 0 
489 488 2 0 0 
490 489 5 0 0 
491 490 3 0 0 
492 491 4 0 0 
493 492 9 0 0 
494 493 0 0 0 
495 494 2 0 0 
496 495 0 0 0 
497 496 1 0 0 
498 497 9 0 0 
499 498 6 0 0 
500 499 2 0 0 
501 500 1 0 0 
502 501 2 0 0 
503 502 0 0 0 
504 503 7 0 0 
505 504 3 0 0 
506 505 1 0 0 
507 506 1 0 0 
508 507 9 0 0 
509 508 0 0 0 
510 509 5 0 0 
511 510 6 0 0 
512 511 7 0 0 
513 512 7 0 0 
514 513 4 0 0 
515 514 0 0 0 
516 515 6 0 0 
517 516 4 0 0 
518 517 7 0 0 
519 518 4 0 0 
520 519 8 0 0 
521 520 5 0 0 
522 521 8 0 0 
523 522 2 0 0 
524 523 6 0 0 
525 524 0 0 0 
526 525 6 0 0 
527 526 6 0 0 
528 527 4 0 0 
529 528 6 0 0 
530 529 2 0 0 
531 530 8 0 0 
532 531 9 0 0 
533 532 6 0 0 
534 533 0 0 0 
535 534 7 0 0 
536 535 0 0 0 
537 536 1 0 0 
538 537 0 0 0 
539 538 1 0 0 
540 539 3 0 0 
541 540 7 0 0 
542 541 7 0 0 
543 542 2 0 0 
544 543 6 0 0 
545 544 4 0 0 
546 545 5 0 0 
547 546 2 0 0 
548 547 0 0 0 
549 548 2 0 0 
550 549 9 0 0 
551 550 0 0 0 
552 551 9 0 0 
553 552 9 0 0 
554 553 4 0 0 
555 554 5 0 0 
556 555 1 0 0 
557 556 0 0 0 
558 557 3 0 0 
559 558 7 0 0 
560 559 8 0 0 
561 560 8 0 0 
562 561 6 0 0 
563 562 0 0 0 
564 563 4 0 0 
565 564 6 0 0 
566 565 7 0 0 
567 566 6 0 0 
568 567 0 0 0 
569 568 9 0 0 
570 569 7 0 0 
571 570 5 0 0 
572 571 9 0 0 
573 572 7 0 0 
574 573 8 0 0 
575 574 5 0 0 
576 575 3 0 0 
577 576 3 0 0 
578 577 8 0 0 
579 578 3 0 0 
580 579 7 0 0 
581 580 9 0 0 
582 581 3 0 0 
583 582 7 0 0 
584 583 8 0 0 
585 584 7 0 0 
586 585 4 0 0 
587 586 1 0 0 
588 587 9 0 0 
589 588 0 0 0 
590 589 9 0 0 
591 590 8 0 0 
592 591 8 0 0 
593 592 5 0 0 
594 593 8 0 0 
595 594 4 0 0 
596 595 3 0 0 
597 596 7 0 0 
598 597 1 0 0 
599 598 3 0 0 
600 599 8 0 0 
601 600 0 0 0 
602 601 9 0 0 
603 602 7 0 0 
604 603 9 0 0 
605 604 9 0 0 
606 605 3 0 0 
607 606 2 0 0 
608 607 4 0 0 
609 608 3 0 0 
610 609 7 0 0 
611 610 1 0 0 
612 611 2 0 0 
613 612 2 0 0 
614 613 0 0 0 
615 614 2 0 0 
616 615 1 0 0 
617 616 7 0 0 
618 617 5 0 0 
619 618 1 0 0 
620 619 7 0 0 
621 620 4 0 0 
622 621 1 0 0 
623 622 7 0 0 
624 623 1 0 0 
625 624 1 0 0 
626 625 1 0 0 
627 626 7 0 0 
628 627 0 0 0 
629 628 4 0 0 
630 629 0 0 0 
631 630 8 0 0 
632 631 5 0 0 
633 632 1 0 0 
634 633 6 0 0 
635 634 6 0 0 
636 635 2 0 0 
637 636 1 0 0 
638 637 9 0 0 
639 638 6 0 0 
640 639 4 0 0 
641 640 8 0 0 
642 641 0 0 0 
643 642 8 0 0 
644 643 1 0 0 
645 644 0 0 0 
646 645 2 0 0 
647 646 2 0 0 
648 647 9 0 0 
649 648 7 0 0 
650 649 5 0 0 
651 650 6 0 0 
652 651 4 0 0 
653 652 6 0 0 
654 653 3 0 0 
655 654 7 0 0 
656 655 9 0 0 
657 656 7 0 0 
658 657 4 0 0 
659 658 9 0 0 
660 659 1 0 0 
661 660 7 0 0 
662 661 0 0 0 
663 662 6 0 0 
664 663 0 0 0 
665 664 8 0 0 
666 665 5 0 0 
667 666 3 0 0 
668 667 9 0 0 
669 668 4 0 0 
670 669 1 0 0 
671 670 5 0 0 
672 671 4 0 0 
673 672 1 0 0 
674 673 5 0 0 
675 674 5 0 0 
676 675 4 0 0 
677 676 9 0 0 
678 677 8 0 0 
679 678 3 0 0 
680 679 8 0 0 
681 680 5 0 0 
682 681 2 0 0 
683 682 2 0 0 
684 683 2 0 0 
685 684 7 0 0 
686 685 0 0 0 
687 686 3 0 0 
688 687 4 0 0 
689 688 6 0 0 
690 689 3 0 0 
691 690 6 0 0 
692 691 3 0 0 
693 692 3 0 0 
694 693 4 0 0 
695 694 4 0 0 
696 695 3 0 0 
697 696 9 0 0 
698 697 7 0 0 
699 698 2 0 0 
700 699 5 0 0 
701 700 8 0 0 
702 701 9 0 0 
703 702 0 0 0 
704 703 2 0 0 
705 704 4 0 0 
706 705 7 0 0 
707 706 6 0 0 
708 707 5 0 0 
709 708 7 0 0 
710 709 1 0 0 
711 710 3 0 0 
712 711 3 0 0 
713 712 3 0 0 
714 713 8 0 0 
715 714 5 0 0 
716 715 1 0 0 
717 716 0 0 0 
718 717 8 0 0 
719 718 7 0 0 
720 719 6 0 0 
721 720 3 0 0 
722 721 5 0 0 
723 722 0 0 0 
724 723 8 0 0 
725 724 0 0 0 
726 725 4 0 0 
727 726 1 0 0 
728 727 1 0 0 
729 728 3 0 0 
730 729 5 0 0 
731 730 9 0 0 
732 731 3 0 0 
733 732 4 0 0 
734 733 1 0 0 
735 734 5 0 0 
736 735 0 0 0 
737 736 8 0 0 
738 737 3 0 0 
739 738 5 0 0 
740 739 6 0 0 
741 740 5 0 0 
742 741 9 0 0 
743 742 9 0 0 
744 743 0 0 0 
745 744 7 0 0 
746 745 6 0 0 
747 746 3 0 0 
748 747 7 0 0 
749 748 6 0 0 
750 749 1 0 0 
751 750 5 0 0 
752 751 0 0 0 
753 752 6 0 0 
754 753 5 0 0 
755 754 0 0 0 
756 755 8 0 0 
757 756 1 0 0 
758 757 2 0 0 
759 758 2 0 0 
760 759 6 0 0 
761 760 9 0 0 
762 761 1 0 0 
763 762 0 0 0 
764 763 4 0 0 
765 764 2 0 0 
766 765 7 0 0 
767 766 4 0 0 
768 767 0 0 0 
769 768 3 0 0 
770 769 2 0 0 
771 770 8 0 0 
772 771 0 0 0 
773 772 3 0 0 
774 773 7 0 0 
775 774 0 0 0 
776 775 0 0 0 
777 776 3 0 0 
778 777 4 0 0 
779 778 9 0 0 
780 779 2 0 0 
781 780 7 0 0 
782 781 4 0 0 
783 782 2 0 0 
784 783 5 0 0 
785 784 2 0 0 
786 785 4 0 0 
787 786 4 0 0 
788 787 3 0 0 
789 788 8 0 0 
790 789 6 0 0 
791 790 0 0 0 
792 791 8 0 0 
793 792 9 0 0 
794 793 2 0 0 
795 794 2 0 0 
796 795 3 0 0 
797 796 1 0 0 
798 797 8 0 0 
799 798 3 0 0 
800 799 4 0 0 
801 800 2 0 0 
802 801 2 0 0 
803 802 4 0 0 
804 803 5 0 0 
805 804 1 0 0 
806 805 7 0 0 
807 806 5 0 0 
808 807 7 0 0 
809 808 1 0 0 
810 809 6 0 0 
811 810 9 0 0 
812 811 8 0 0 
813 812 1 0 0 
814 813 3 0 0 
815 814 3 0 0 
816 815 3 0 0 
817 816 7 0 0 
818 817 9 0 0 
819 818 8 0 0 
820 819 6 0 0 
821 820 7 0 0 
822 821 0 0 0 
823 822 4 0 0 
824 823 8 0 0 
825 824 4 0 0 
826 825 8 0 0 
827 826 1 0 0 
828 827 6 0 0 
829 828 8 0 0 
830 829 5 0 0 
831 830 2 0 0 
832 831 1 0 0 
833 832 9 0 0 
834 833 9 0 0 
835 834 6 0 0 
836 835 0 0 0 
837 836 6 0 0 
838 837 4 0 0 
839 838 9 0 0 
840 839 9 0 0 
841 840 0 0 0 
842 841 8 0 0 
843 842 9 0 0 
844 843 3 0 0 
845 844 1 0 0 
846 845 4 0 0 
847 846 8 0 0 
848 847 9 0 0 
849 848 6 0 0 
850 849 7 0 0 
851 850 7 0 0 
852 851 3 0 0 
853 852 7 0 0 
854 853 1 0 0 
855 854 2 0 0 
856 855 2 0 0 
857 856 1 0 0 
858 857 5 0 0 
859 858 0 0 0 
860 859 9 0 0 
861 860 0 0 0 
862 861 4 0 0 
863 862 0 0 0 
864 863 1 0 0 
865 864 3 0 0 
866 865 7 0 0 
867 866 4 0 0 
868 867 1 0 0 
869 868 1 0 0 
870 869 3 0 0 
871 870 0 0 0 
872 871 3 0 0 
873 872 2 0 0 
874 873 1 0 0 
875 874 7 0 0 
876 875 5 0 0 
877 876 6 0 0 
878 877 5 0 0 
879 878 4 0 0 
880 879 2 0 0 
881 880 2 0 0 
882 881 1 0 0 
883 882 7 0 0 
884 883 2 0 0 
885 884 4 0 0 
886 885 1 0 0 
887 886 6 0 0 
888 887 5 0 0 
889 888 7 0 0 
890 889 8 0 0 
891 890 5 0 0 
892 891 9 0 0 
893 892 2 0 0 
894 893 7 0 0 
895 894 3 0 0 
896 895 6 0 0 
897 896 4 0 0 
898 897 7 0 0 
899 898 9 0 0 
900 899 7 0 0 
901 900 2 0 0 
902 901 2 0 0 
903 902 1 0 0 
904 903 6 0 0 
905 904 3 0 0 
906 905 0 0 0 
907 906 2 0 0 
908 907 1 0 0 
909 908 5 0 0 
910 909 6 0 0 
911 910 5 0 0 
912 911 0 0 0 
913 912 0 0 0 
914 913 3 0 0 
915 914 4 0 0 
916 915 6 0 0 
917 916 6 0 0 
918 917 0 0 0 
919 918 2 0 0 
920 919 5 0 0 
921 920 8 0 0 
922 921 9 0 0 
923 922 5 0 0 
924 923 0 0 0 
925 924 6 0 0 
926 925 0 0 0 
927 926 8 0 0 
928 927 3 0 0 
929 928 7 0 0 
930 929 8 0 0 
931 930 2 0 0 
932 931 1 0 0 
933 932 0 0 0 
934 933 5 0 0 
935 934 8 0 0 
936 935 5 0 0 
937 936 5 0 0 
938 937 0 0 0 
939 938 7 0 0 
940 939 3 0 0 
941 940 8 0 0 
942 941 2 0 0 
943 942 3 0 0 
944 943 0 0 0 
945 944 7 0 0 
946 945 7 0 0 
947 946 7 0 0 
948 947 6 0 0 
949 948 9 0 0 
950 949 1 0 0 
951 950 1 0 0 
952 951 9 0 0 
953 952 0 0 0 
954 953 8 0 0 
955 954 9 0 0 
956 955 8 0 0 
957 956 8 0 0 
958 957 0 0 0 
959 958 3 0 0 
960 959 7 0 0 
961 960 0 0 0 
962 961 6 0 0 
963 962 9 0 0 
964 963 2 0 0 
965 964 1 0 0 
966 965 7 0 0 
967 966 7 0 0 
968 967 9 0 0 
969 968 7 0 0 
970 969 6 0 0 
971 970 2 0 0 
972 971 7 0 0 
973 972 1 0 0 
974 973 5 0 0 
975 974 8 0 0 
976 975 8 0 0 
977 976 4 0 0 
978 977 5 0 0 
979 978 6 0 0 
980 979 5 0 0 
981 980 6 0 0 
982 981 8 0 0 
983 982 4 0 0 
984 983 8 0 0 
985 984 8 0 0 
986 985 3 0 0 
987 986 8 0 0 
988 987 7 0 0 
989 988 5 0 0 
990 989 2 0 0 
991 990 4 0 0 
992 991 5 0 0 
993 992 0 0 0 
994 993 5 0 0 
995 994 7 0 0 
996 995 3 0 0 
997 996 2 0 0 
998 997 7 0 0 
999 998 2 0 0 
1000 999 1 0 0 
1001 1000 3 0 0 
1002 1001 4 0 0 
1003 1002 9 0 0 
1004 1003 4 0 0 
1005 1004 1 0 0 
1006 1005 9 0 0 
1007 1006 5 0 0 
1008 1007 7 0 0 
1009 1008 4 0 0 
1010 1009 1 0 0 
1011 1010 2 0 0 
1012 1011 2 0 0 
1013 1012 1 0 0 
1014 1013 6 0 0 
1015 1014 2 0 0 
1016 1015 0 0 0 
1017 1016 2 0 0 
1018 1017 2 0 0 
1019 1018 9 0 0 
1020 1019 7 0 0 
1021 1020 4 0 0 
1022 1021 3 0 0 
1023 1022 5 0 0 
1024 1023 6 0 0 
1025 1024 1 0 0 
1026 1025 4 0 0 
1027 1026 0 0 0 
1028 1027 3 0 0 
1029 1028 1 0 0 
1030 1029 2 0 0 
1031 1030 7 0 0 
1032 1031 7 0 0 
1033 1032 9 0 0 
1034 1033 8 0 0 
1035 1034 1 0 0 
1036 1035 0 0 0 
1037 1036 7 0 0 
1038 1037 6 0 0 
1039 1038 0 0 0 
1040 1039 1 0 0 
1041 1040 0 0 0 
1042 1041 2 0 0 
1043 1042 5 0 0 
1044 1043 1 0 0 
1045 1044 9 0 0 
1046 1045 7 0 0 
1047 1046 1 0 0 
1048 1047 3 0 0 
1049 1048 1 0 0 
1050 1049 2 0 0 
1051 1050 0 0 0 
1052 1051 6 0 0 
1053 1052 8 0 0 
1054 1053 7 0 0 
1055 1054 4 0 0 
1056 1055 9 0 0 
1057 1056 2 0 0 
1058 1057 4 0 0 
1059 1058 4 0 0 
1060 1059 5 0 0 
1061 1060 9 0 0 
1062 1061 1 0 0 
1063 1062 2 0 0 
1064 1063 8 0 0 
1065 1064 9 0 0 
1066 1065 6 0 0 
1067 1066 0 0 0 
1068 1067 6 0 0 
1069 1068 4 0 0 
1070 1069 0 0 0 
1071 1070 9 0 0 
1072 1071 4 0 0 
1073 1072 5 0 0 
1074 1073 4 0 0 
1075 1074 6 0 0 
1076 1075 6 0 0 
1077 1076 3 0 0 
1078 1077 9 0 0 
1079 1078 9 0 0 
1080 1079 5 0 0 
1081 1080 2 0 0 
1082 1081 1 0 0 
1083 1082 3 0 0 
1084 1083 0 0 0 
1085 1084 9 0 0 
1086 1085 9 0 0 
1087 1086 1 0 0 
1088 1087 3 0 0 
1089 1088 4 0 0 
1090 1089 5 0 0 
1091 1090 8 0 0 
1092 1091 5 0 0 
1093 1092 7 0 0 
1094 1093 3 0 0 
1095 1094 3 0 0 
1096 1095 8 0 0 
1097 1096 9 0 0 
1098 1097 5 0 0 
1099 1098 5 0 0 
1100 1099 3 0 0 
1101 1100 8 0 0 
1102 1101 6 0 0 
1103 1102 0 0 0 
1104 1103 3 0 0 
1105 1104 3 0 0 
1106 1105 6 0 0 
1107 1106 1 0 0 
1108 1107 8 0 0 
1109 1108 7 0 0 
1110 1109 0 0 0 
1111 1110 5 0 0 
1112 1111 1 0 0 
1113 1112 1 0 0 
1114 1113 0 0 0 
1115 1114 3 0 0 
1116 1115 0 0 0 
1117 1116 0 0 0 
1118 1117 4 0 0 
1119 1118 5 0 0 
1120 1119 4 0 0 
1121 1120 2 0 0 
1122 1121 4 0 0 
1123 1122 9 0 0 
1124 1123 9 0 0 
1125 1124 9 0 0 
1126 1125 4 0 0 
1127 1126 9 0 0 
1128 1127 8 0 0 
1129 1128 1 0 0 
1130 1129 6 0 0 
1131 1130 3 0 0 
1132 1131 9 0 0 
1133 1132 3 0 0 
1134 1133 3 0 0 
1135 1134 4 0 0 
1136 1135 6 0 0 
1137 1136 1 0 0 
1138 1137 5 0 0 
1139 1138 6 0 0 
1140 1139 1 0 0 
1141 1140 7 0 0 
1142 1141 2 0 0 
1143 1142 2 0 0 
1144 1143 9 0 0 
1145 1144 2 0 0 
1146 1145 8 0 0 
1147 1146 1 0 0 
1148 1147 2 0 0 
1149 1148 4 0 0 
1150 1149 7 0 0 
1151 1150 8 0 0 
1152 1151 6 0 0 
1153 1152 3 0 0 
1154 1153 7 0 0 
1155 1154 7 0 0 
1156 1155 2 0 0 
1157 1156 3 0 0 
1158 1157 7 0 0 
1159 1158 2 0 0 
1160 1159 5 0 0 
1161 1160 3 0 0 
1162 1161 7 0 0 
1163 1162 6 0 0 
1164 1163 8 0 0 
1165 1164 1 0 0 
1166 1165 3 0 0 
1167 1166 6 0 0 
1168 1167 4 0 0 
1169 1168 0 0 0 
1170 1169 3 0 0 
1171 1170 5 0 0 
1172 1171 8 0 0 
1173 1172 5 0 0 
1174 1173 0 0 0 
1175 1174 9 0 0 
1176 1175 9 0 0 
1177 1176 8 0 0 
1178 1177 0 0 0 
1179 1178 2 0 0 
1180 1179 4 0 0 
1181 1180 9 0 0 
1182 1181 0 0 0 
1183 1182 1 0 0 
1184 1183 2 0 0 
1185 1184 0 0 0 
1186 1185 0 0 0 
1187 1186 6 0 0 
1188 1187 3 0 0 
1189 1188 9 0 0 
1190 1189 0 0 0 
1191 1190 8 0 0 
1192 1191 3 0 0 
1193 1192 8 0 0 
1194 1193 7 0 0 
1195 1194 3 0 0 
1196 1195 1 0 0 
1197 1196 0 0 0 
1198 1197 0 0 0 
1199 1198 5 0 0 
1200 1199 0 0 0 
1201 1200 3 0 0 
1202 1201 1 0 0 
1203 1202 8 0 0 
1204 1203 0 0 0 
1205 1204 1 0 0 
1206 1205 7 0 0 
1207 1206 9 0 0 
1208 1207 1 0 0 
1209 1208 0 0 0 
1210 1209 3 0 0 
1211 1210 5 0 0 
1212 1211 9 0 0 
1213 1212 4 0 0 
1214 1213 8 0 0 
1215 1214 4 0 0 
1216 1215 6 0 0 
1217 1216 9 0 0 
1218 1217 2 0 0 
1219 1218 9 0 0 
1220 1219 0 0 0 
1221 1220 3 0 0 
1222 1221 0 0 0 
1223 1222 3 0 0 
1224 1223 3 0 0 
1225 1224 7 0 0 
1226 1225 9 0 0 
1227 1226 4 0 0 
1228 1227 9 0 0 
1229 1228 9 0 0 
1230 1229 1 0 0 
1231 1230 9 0 0 
1232 1231 4 0 0 
1233 1232 2 0 0 
1234 1233 0 0 0 
1235 1234 6 0 0 
1236 1235 5 0 0 
1237 1236 9 0 0 
1238 1237 5 0 0 
1239 1238 6 0 0 
1240 1239 1 0 0 
1241 1240 1 0 0 
1242 1241 4 0 0 
1243 1242 3 0 0 
1244 1243 7 0 0 
1245 1244 2 0 0 
1246 1245 7 0 0 
1247 1246 3 0 0 
1248 1247 3 0 0 
1249 1248 9 0 0 
1250 1249 2 0 0 
1251 1250 4 0 0 
1252 1251 4 0 0 
1253 1252 4 0 0 
1254 1253 9 0 0 
1255 1254 9 0 0 
1256 1255 3 0 0 
1257 1256 8 0 0 
1258 1257 3 0 0 
1259 1258 2 0 0 
1260 1259 9 0 0 
1261 1260 5 0 0 
1262 1261 4 0 0 
1263 1262 3 0 0 
1264 1263 9 0 0 
1265 1264 4 0 0 
1266 1265 9 0 0 
1267 1266 5 0 0 
1268 1267 5 0 0 
1269 1268 7 0 0 
1270 1269 3 0 0 
1271 1270 9 0 0 
1272 1271 0 0 0 
1273 1272 7 0 0 
1274 1273 2 0 0 
1275 1274 7 0 0 
1276 1275 2 0 0 
1277 1276 9 0 0 
1278 1277 0 0 0 
1279 1278 5 0 0 
1280 1279 0 0 0 
1281 1280 4 0 0 
1282 1281 1 0 0 
1283 1282 7 0 0 
1284 1283 9 0 0 
1285 1284 3 0 0 
1286 1285 6 0 0 
1287 1286 2 0 0 
1288 1287 1 0 0 
1289 1288 2 0 0 
1290 1289 5 0 0 
1291 1290 3 0 0 
1292 1291 9 0 0 
1293 1292 1 0 0 
1294 1293 8 0 0 
1295 1294 8 0 0 
1296 1295 7 0 0 
1297 1296 0 0 0 
1298 1297 5 0 0 
1299 1298 2 0 0 
1300 1299 7 0 0 
1301 1300 9 0 0 
1302 1301 1 0 0 
1303 1302 9 0 0 
1304 1303 6 0 0 
1305 1304 3 0 0 
1306 1305 6 0 0 
1307 1306 8 0 0 
1308 1307 4 0 0 
1309 1308 6 0 0 
1310 1309 6 0 0 
1311 1310 7 0 0 
1312 1311 2 0 0 
1313 1312 7 0 0 
1314 1313 4 0 0 
1315 1314 1 0 0 
1316 1315 0 0 0 
1317 1316 0 0 0 
1318 1317 6 0 0 
1319 1318 4 0 0 
1320 1319 4 0 0 
1321 1320 3 0 0 
1322 1321 7 0 0 
1323 1322 3 0 0 
1324 1323 4 0 0 
1325 1324 7 0 0 
1326 1325 2 0 0 
1327 1326 1 0 0 
1328 1327 7 0 0 
1329 1328 9 0 0 
1330 1329 5 0 0 
1331 1330 6 0 0 
1332 1331 8 0 0 
1333 1332 9 0 0 
1334 1333 5 0 0 
1335 1334 5 0 0 
1336 1335 2 0 0 
1337 1336 1 0 0 
1338 1337 5 0 0 
1339 1338 9 0 0 
1340 1339 9 0 0 
1341 1340 1 0 0 
1342 1341 6 0 0 
1343 1342 2 0 0 
1344 1343 1 0 0 
1345 1344 0 0 0 
1346 1345 5 0 0 
1347 1346 3 0 0 
1348 1347 2 0 0 
1349 1348 1 0 0 
1350 1349 9 0 0 
1351 1350 7 0 0 
1352 1351 6 0 0 
1353 1352 8 0 0 
1354 1353 2 0 0 
1355 1354 0 0 0 
1356 1355 6 0 0 
1357 1356 4 0 0 
1358 1357 3 0 0 
1359 1358 3 0 0 
1360 1359 6 0 0 
1361 1360 9 0 0 
1362 1361 0 0 0 
1363 1362 4 0 0 
1364 1363 8 0 0 
1365 1364 5 0 0 
1366 1365 1 0 0 
1367 1366 2 0 0 
1368 1367 9 0 0 
1369 1368 7 0 0 
1370 1369 3 0 0 
1371 1370 8 0 0 
1372 1371 0 0 0 
1373 1372 9 0 0 
1374 1373 2 0 0 
1375 1374 3 0 0 
1376 1375 1 0 0 
1377 1376 8 0 0 
1378 1377 7 0 0 
1379 1378 4 0 0 
1380 1379 1 0 0 
1381 1380 6 0 0 
1382 1381 3 0 0 
1383 1382 8 0 0 
1384 1383 5 0 0 
1385 1384 5 0 0 
1386 1385 0 0 0 
1387 1386 1 0 0 
1388 1387 2 0 0 
1389 1388 6 0 0 
1390 1389 4 0 0 
1391 1390 8 0 0 
1392 1391 5 0 0 
1393 1392 6 0 0 
1394 1393 2 0 0 
1395 1394 5 0 0 
1396 1395 2 0 0 
1397 1396 6 0 0 
1398 1397 9 0 0 
1399 1398 1 0 0 
1400 1399 3 0 0 
1401 1400 3 0 0 
1402 1401 1 0 0 
1403 1402 5 0 0 
1404 1403 2 0 0 
1405 1404 6 0 0 
1406 1405 9 0 0 
1407 1406 4 0 0 
1408 1407 4 0 0 
1409 1408 6 0 0 
1410 1409 0 0 0 
1411 1410 7 0 0 
1412 1411 4 0 0 
1413 1412 3 0 0 
1414 1413 7 0 0 
1415 1414 9 0 0 
1416 1415 0 0 0 
1417 1416 0 0 0 
1418 1417 2 0 0 
1419 1418 2 0 0 
1420 1419 6 0 0 
1421 1420 9 0 0 
1422 1421 0 0 0 
1423 1422 3 0 0 
1424 1423 5 0 0 
1425 1424 5 0 0 
1426 1425 8 0 0 
1427 1426 7 0 0 
1428 1427 1 0 0 
1429 1428 7 0 0 
1430 1429 0 0 0 
1431 1430 6 0 0 
1432 1431 0 0 0 
1433 1432 4 0 0 
1434 1433 1 0 0 
1435 1434 3 0 0 
1436 1435 0 0 0 
1437 1436 2 0 0 
1438 1437 9 0 0 
1439 1438 6 0 0 
1440 1439 0 0 0 
1441 1440 9 0 0 
1442 1441 3 0 0 
1443 1442 5 0 0 
1444 1443 4 0 0 
1445 1444 3 0 0 
1446 1445 6 0 0 
1447 1446 4 0 0 
1448 1447 3 0 0 
1449 1448 1 0 0 
1450 1449 9 0 0 
1451 1450 1 0 0 
1452 1451 0 0 0 
1453 1452 9 0 0 
1454 1453 4 0 0 
1455 1454 5 0 0 
1456 1455 6 0 0 
1457 1456 2 0 0 
1458 1457 5 0 0 
1459 1458 9 0 0 
1460 1459 1 0 0 
1461 1460 7 0 0 
1462 1461 7 0 0 
1463 1462 4 0 0 
1464 1463 1 0 0 
1465 1464 1 0 0 
1466 1465 9 0 0 
1467 1466 1 0 0 
1468 1467 3 0 0 
1469 1468 8 0 0 
1470 1469 7 0 0 
1471 1470 4 0 0 
1472 1471 9 0 0 
1473 1472 3 0 0 
1474 1473 1 0 0 
1475 1474 3 0 0 
1476 1475 8 0 0 
1477 1476 7 0 0 
1478 1477 9 0 0 
1479 1478 3 0 0 
1480 1479 8 0 0 
1481 1480 8 0 0 
1482 1481 4 0 0 
1483 1482 0 0 0 
1484 1483 0 0 0 
1485 1484 8 0 0 
1486 1485 6 0 0 
1487 1486 8 0 0 
1488 1487 2 0 0 
1489 1488 3 0 0 
1490 1489 8 0 0 
1491 1490 5 0 0 
1492 1491 0 0 0 
1493 1492 5 0 0 
1494 1493 9 0 0 
1495 1494 2 0 0 
1496 1495 6 0 0 
1497 1496 8 0 0 
1498 1497 5 0 0 
1499 1498 2 0 0 
1500 1499 8 0 0 
1501 1500 3 0 0 
1502 1501 6 0 0 
1503 1502 7 0 0 
1504 1503 8 0 0 
1505 1504 7 0 0 
1506 1505 2 0 0 
1507 1506 6 0 0 
1508 1507 6 0 0 
1509 1508 2 0 0 
1510 1509 9 0 0 
1511 1510 7 0 0 
1512 1511 0 0 0 
1513 1512 3 0 0 
1514 1513 7 0 0 
1515 1514 2 0 0 
1516 1515 3 0 0 
1517 1516 5 0 0 
1518 1517 1 0 0 
1519 1518 7 0 0 
1520 1519 8 0 0 
1521 1520 9 0 0 
1522 1521 4 0 0 
1523 1522 1 0 0 
1524 1523 6 0 0 
1525 1524 4 0 0 
1526 1525 3 0 0 
1527 1526 5 0 0 
1528 1527 4 0 0 
1529 1528 8 0 0 
1530 1529 7 0 0 
1531 1530 3 0 0 
1532 1531 3 0 0 
1533 1532 5 0 0 
1534 1533 0 0 0 
1535 1534 1 0 0 
1536 1535 4 0 0 
1537 1536 5 0 0 
1538 1537 7 0 0 
1539 1538 0 0 0 
1540 1539 7 0 0 
1541 1540 8 0 0 
1542 1541 9 0 0 
1543 1542 9 0 0 
1544 1543 3 0 0 
1545 1544 9 0 0 
1546 1545 4 0 0 
1547 1546 6 0 0 
1548 1547 4 0 0 
1549 1548 5 0 0 
1550 1549 5 0 0 
1551 1550 5 0 0 
1552 1551 6 0 0 
1553 1552 0 0 0 
1554 1553 6 0 0 
1555 1554 2 0 0 
1556 1555 6 0 0 
1557 1556 9 0 0 
1558 1557 9 0 0 
1559 1558 2 0 0 
1560 1559 9 0 0 
1561 1560 6 0 0 
1562 1561 5 0 0 
1563 1562 5 0 0 
1564 1563 3 0 0 
1565 1564 8 0 0 
1566 1565 6 0 0 
1567 1566 7 0 0 
1568 1567 3 0 0 
1569 1568 6 0 0 
1570 1569 0 0 0 
1571 1570 2 0 0 
1572 1571 6 0 0 
1573 1572 9 0 0 
1574 1573 3 0 0 
1575 1574 0 0 0 
1576 1575 8 0 0 
1577 1576 7 0 0 
1578 1577 6 0 0 
1579 1578 5 0 0 
1580 1579 2 0 0 
1581 1580 4 0 0 
1582 1581 0 0 0 
1583 1582 0 0 0 
1584 1583 6 0 0 
1585 1584 8 0 0 
1586 1585 5 0 0 
1587 1586 4 0 0 
1588 1587 9 0 0 
1589 1588 4 0 0 
1590 1589 6 0 0 
1591 1590 8 0 0 
1592 1591 3 0 0 
1593 1592 2 0 0 
1594 1593 3 0 0 
1595 1594 6 0 0 
1596 1595 2 0 0 
1597 1596 2 0 0 
1598 1597 4 0 0 
1599 1598 7 0 0 
1600 1599 0 0 0 
1601 1600 4 0 0 
1602 1601 9 0 0 
1603 1602 6 0 0 
1604 1603 5 0 0 
1605 1604 4 0 0 
1606 1605 6 0 0 
1607 1606 4 0 0 
1608 1607 2 0 0 
1609 1608 5 0 0 
1610 1609 1 0 0 
1611 1610 6 0 0 
1612 1611 1 0 0 
1613 1612 3 0 0 
1614 1613 7 0 0 
1615 1614 7 0 0 
1616 1615 1 0 0 
1617 1616 2 0 0 
1618 1617 1 0 0 
1619 1618 0 0 0 
1620 1619 8 0 0 
1621 1620 9 0 0 
1622 1621 0 0 0 
1623 1622 1 0 0 
1624 1623 3 0 0 
1625 1624 4 0 0 
1626 1625 8 0 0 
1627 1626 5 0 0 
1628 1627 8 0 0 
1629 1628 2 0 0 
1630 1629 2 0 0 
1631 1630 0 0 0 
1632 1631 6 0 0 
1633 1632 3 0 0 
1634 1633 6 0 0 
1635 1634 1 0 0 
1636 1635 0 0 0 
1637 1636 5 0 0 
1638 1637 7 0 0 
1639 1638 4 0 0 
1640 1639 2 0 0 
1641 1640 0 0 0 
1642 1641 0 0 0 
1643 1642 3 0 0 
1644 1643 3 0 0 
1645 1644 9 0 0 
1646 1645 0 0 0 
1647 1646 4 0 0 
1648 1647 3 0 0 
1649 1648 3 0 0 
1650 1649 4 0 0 
1651 1650 2 0 0 
1652 1651 4 0 0 
1653 1652 5 0 0 
1654 1653 3 0 0 
1655 1654 8 0 0 
1656 1655 1 0 0 
1657 1656 1 0 0 
1658 1657 3 0 0 
1659 1658 1 0 0 
1660 1659 5 0 0 
1661 1660 8 0 0 
1662 1661 1 0 0 
1663 1662 3 0 0 
1664 1663 3 0 0 
1665 1664 9 0 0 
1666 1665 7 0 0 
1667 1666 5 0 0 
1668 1667 4 0 0 
1669 1668 4 0 0 
1670 1669 9 0 0 
1671 1670 6 0 0 
1672 1671 7 0 0 
1673 1672 2 0 0 
1674 1673 1 0 0 
1675 1674 0 0 0 
1676 1675 1 0 0 
1677 1676 3 0 0 
1678 1677 7 0 0 
1679 1678 7 0 0 
1680 1679 6 0 0 
1681 1680 3 0 0 
1682 1681 9 0 0 
1683 1682 1 0 0 
1684 1683 0 0 0 
1685 1684 4 0 0 
1686 1685 1 0 0 
1687 1686 1 0 0 
1688 1687 8 0 0 
1689 1688 6 0 0 
1690 1689 4 0 0 
1691 1690 3 0 0 
1692 1691 4 0 0 
1693 1692 7 0 0 
1694 1693 7 0 0 
1695 1694 0 0 0 
1696 1695 7 0 0 
1697 1696 4 0 0 
1698 1697 5 0 0 
1699 1698 3 0 0 
1700 1699 0 0 0 
1701 1700 7 0 0 
1702 1701 2 0 0 
1703 1702 9 0 0 
1704 1703 9 0 0 
1705 1704 3 0 0 
1706 1705 0 0 0 
1707 1706 2 0 0 
1708 1707 7 0 0 
1709 1708 9 0 0 
1710 1709 9 0 0 
1711 1710 5 0 0 
1712 1711 2 0 0 
1713 1712 0 0 0 
1714 1713 8 0 0 
1715 1714 3 0 0 
1716 1715 5 0 0 
1717 1716 9 0 0 
1718 1717 6 0 0 
1719 1718 5 0 0 
1720 1719 6 0 0 
1721 1720 3 0 0 
1722 1721 0 0 0 
1723 1722 2 0 0 
1724 1723 0 0 0 
1725 1724 7 0 0 
1726 1725 4 0 0 
1727 1726 7 0 0 
1728 1727 3 0 0 
1729 1728 0 0 0 
1730 1729 1 0 0 
1731 1730 6 0 0 
1732 1731 7 0 0 
1733 1732 5 0 0 
1734 1733 7 0 0 
1735 1734 8 0 0 
1736 1735 8 0 0 
1737 1736 9 0 0 
1738 1737 0 0 0 
1739 1738 7 0 0 
1740 1739 8 0 0 
1741 1740 0 0 0 
1742 1741 3 0 0 
1743 1742 1 0 0 
1744 1743 0 0 0 
1745 1744 3 0 0 
1746 1745 6 0 0 
1747 1746 7 0 0 
1748 1747 3 0 0 
1749 1748 2 0 0 
1750 1749 2 0 0 
1751 1750 1 0 0 
1752 1751 5 0 0 
1753 1752 3 0 0 
1754 1753 3 0 0 
1755 1754 8 0 0 
1756 1755 2 0 0 
1757 1756 8 0 0 
1758 1757 5 0 0 
1759 1758 8 0 0 
1760 1759 0 0 0 
1761 1760 8 0 0 
1762 1761 6 0 0 
1763 1762 9 0 0 
1764 1763 3 0 0 
1765 1764 3 0 0 
1766 1765 7 0 0 
1767 1766 4 0 0 
1768 1767 3 0 0 
1769 1768 7 0 0 
1770 1769 1 0 0 
1771 1770 3 0 0 
1772 1771 9 0 0 
1773 1772 6 0 0 
1774 1773 4 0 0 
1775 1774 2 0 0 
1776 1775 0 0 0 
1777 1776 2 0 0 
1778 1777 9 0 0 
1779 1778 5 0 0 
1780 1779 7 0 0 
1781 1780 4 0 0 
1782 1781 6 0 0 
1783 1782 4 0 0 
1784 1783 9 0 0 
1785 1784 1 0 0 
1786 1785 2 0 0 
1787 1786 3 0 0 
1788 1787 1 0 0 
1789 1788 8 0 0 
1790 1789 1 0 0 
1791 1790 3 0 0 
1792 1791 8 0 0 
1793 1792 9 0 0 
1794 1793 2 0 0 
1795 1794 4 0 0 
1796 1795 5 0 0 
1797 1796 1 0 0 
1798 1797 0 0 0 
1799 1798 0 0 0 
1800 1799 1 0 0 
1801 1800 3 0 0 
1802 0 3 1 0 
1803 1 0 1 0 
1804 2 0 1 0 
1805 3 0 1 0 
1806 4 2 1 0 
1807 5 2 1 0 
1808 6 2 1 0 
1809 7 4 1 0 
1810 8 7 1 0 
1811 9 9 1 0 
1812 10 8 1 0 
1813 11 5 1 0 
1814 12 4 1 0 
1815 13 7 1 0 
1816 14 8 1 0 
1817 15 6 1 0 
1818 16 0 1 0 
1819 17 0 1 0 
1820 18 6 1 0 
1821 19 4 1 0 
1822 20 3 1 0 
1823 21 7 1 0 
1824 22 5 1 0 
1825 23 8 1 0 
1826 24 1 1 0 
1827 25 0 1 0 
1828 26 9 1 0 
1829 27 3 1 0 
1830 28 0 1 0 
1831 29 2 1 0 
1832 30 6 1 0 
1833 31 4 1 0 
1834 32 3 1 0 
1835 33 8 1 0 
1836 34 6 1 0 
1837 35 7 1 0 
1838 36 0 1 0 
1839 37 8 1 0 
1840 38 1 1 0 
1841 39 9 1 0 
1842 40 8 1 0 
1843 41 1 1 0 
1844 42 6 1 0 
1845 43 4 1 0 
1846 44 8 1 0 
1847 45 5 1 0 
1848 46 0 1 0 
1849 47 1 1 0 
1850 48 5 1 0 
1851 49 9 1 0 
1852 50 7 1 0 
1853 51 0 1 0 
1854 52 6 1 0 
1855 53 2 1 0 
1856 54 8 1 0 
1857 55 9 1 0 
1858 56 5 1 0 
1859 57 0 1 0 
1860 58 2 1 0 
1861 59 7 1 0 
1862 60 2 1 0 
1863 61 8 1 0 
1864 62 1 1 0 
1865 63 7 1 0 
1866 64 7 1 0 
1867 65 9 1 0 
1868 66 7 1 0 
1869 67 9 1 0 
1870 68 8 1 0 
1871 69 8 1 0 
1872 70 9 1 0 
1873 71 8 1 0 
1874 72 0 1 0 
1875 73 5 1 0 
1876 74 2 1 0 
1877 75 0 1 0 
1878 76 2 1 0 
1879 77 4 1 0 
1880 78 3 1 0 
1881 79 7 1 0 
1882 80 3 1 0 
1883 81 0 1 0 
1884 82 0 1 0 
1885 83 1 1 0 
1886 84 5 1 0 
1887 85 8 1 0 
1888 86 0 1 0 
1889 87 0 1 0 
1890 88 0 1 0 
1891 89 4 1 0 
1892 90 7 1 0 
1893 91 5 1 0 
1894 92 3 1 0 
1895 93 1 1 0 
1896 94 4 1 0 
1897 95 2 1 0 
1898 96 0 1 0 
1899 97 1 1 0 
1900 98 3 1 0 
1901 99 0 1 0 
1902 100 0 1 0 
1903 101 4 1 0 
1904 102 8 1 0 
1905 103 2 1 0 
1906 104 2 1 0 
1907 105 0 1 0 
1908 106 2 1 0 
1909 107 4 1 0 
1910 108 5 1 0 
1911 109 8 1 0 
1912 110 4 1 0 
1913 111 0 1 0 
1914 112 8 1 0 
1915 113 4 1 0 
1916 114 2 1 0 
1917 115 5 1 0 
1918 116 4 1 0 
1919 117 2 1 0 
1920 118 7 1 0 
1921 119 5 1 0 
1922 120 7 1 0 
1923 121 5 1 0 
1924 122 2 1 0 
1925 123 2 1 0 
1926 124 8 1 0 
1927 125 6 1 0 
1928 126 6 1 0 
1929 127 0 1 0 
1930 128 0 1 0 
1931 129 9 1 0 
1932 130 1 1 0 
1933 131 2 1 0 
1934 132 6 1 0 
1935 133 9 1 0 
1936 134 4 1 0 
1937 135 8 1 0 
1938 136 2 1 0 
1939 137 8 1 0 
1940 138 2 1 0 
1941 139 7 1 0 
1942 140 8 1 0 
1943 141 6 1 0 
1944 142 7 1 0 
1945 143 7 1 0 
1946 144 0 1 0 
1947 145 9 1 0 
1948 146 4 1 0 
1949 147 5 1 0 
1950 148 4 1 0 
1951 149 2 1 0 
1952 150 2 1 0 
1953 151 3 1 0 
1954 152 9 1 0 
1955 153 6 1 0 
1956 154 5 1 0 
1957 155 7 1 0 
1958 156 4 1 0 
1959 157 3 1 0 
1960 158 9 1 0 
1961 159 4 1 0 
1962 160 4 1 0 
1963 161 0 1 0 
1964 162 6 1 0 
1965 163 0 1 0 
1966 164 2 1 0 
1967 165 2 1 0 
1968 166 8 1 0 
1969 167 4 1 0 
1970 168 3 1 0 
1971 169 1 1 0 
1972 170 1 1 0 
1973 171 1 1 0 
1974 172 9 1 0 
1975 173 0 1 0 
1976 174 0 1 0 
1977 175 0 1 0 
1978 176 2 1 0 
1979 177 5 1 0 
1980 178 7 1 0 
1981 179 6 1 0 
1982 180 9 1 0 
1983 181 1 1 0 
1984 182 9 1 0 
1985 183 8 1 0 
1986 184 7 1 0 
1987 185 6 1 0 
1988 186 5 1 0 
1989 187 1 1 0 
1990 188 1 1 0 
1991 189 4 1 0 
1992 190 8 1 0 
1993 191 5 1 0 
1994 192 7 1 0 
1995 193 6 1 0 
1996 194 6 1 0 
1997 195 9 1 0 
1998 196 1 1 0 
1999 197 4 1 0 
2000 198 3 1 0 
2001 199 6 1 0 
2002 200 7 1 0 
2003 201 6 1 0 
2004 202 9 1 0 
2005 203 7 1 0 
2006 204 6 1 0 
2007 205 0 1 0 
2008 206 9 1 0 
2009 207 0 1 0 
2010 208 7 1 0 
2011 209 6 1 0 
2012 210 6 1 0 
2013 211 8 1 0 
2014 212 7 1 0 
2015 213 7 1 0 
2016 214 6 1 0 
2017 215 6 1 0 
2018 216 5 1 0 
2019 217 3 1 0 
2020 218 7 1 0 
2021 219 6 1 0 
2022 220 9 1 0 
2023 221 7 1 0 
2024 222 2 1 0 
2025 223 6 1 0 
2026 224 4 1 0 
2027 225 0 1 0 
2028 226 7 1 0 
2029 227 5 1 0 
2030 228 4 1 0 
2031 229 0 1 0 
2032 230 1 1 0 
2033 231 2 1 0 
2034 232 8 1 0 
2035 233 0 1 0 
2036 234 1 1 0 
2037 235 5 1 0 
2038 236 2 1 0 
2039 237 0 1 0 
2040 238 7 1 0 
2041 239 1 1 0 
2042 240 6 1 0 
2043 241 4 1 0 
2044 242 9 1 0 
2045 243 5 1 0 
2046 244 3 1 0 
2047 245 5 1 0 
2048 246 1 1 0 
2049 247 1 1 0 
2050 248 0 1 0 
2051 249 0 1 0 
2052 250 7 1 0 
2053 251 0 1 0 
2054 252 8 1 0 
2055 253 1 1 0 
2056 254 6 1 0 
2057 255 4 1 0 
2058 256 1 1 0 
2059 257 4 1 0 
2060 258 9 1 0 
2061 259 8 1 0 
2062 260 6 1 0 
2063 261 2 1 0 
2064 262 2 1 0 
2065 263 5 1 0 
2066 264 2 1 0 
2067 265 3 1 0 
2068 266 2 1 0 
2069 267 7 1 0 
2070 268 3 1 0 
2071 269 9 1 0 
2072 270 0 1 0 
2073 271 1 1 0 
2074 272 5 1 0 
2075 273 0 1 0 
2076 274 6 1 0 
2077 275 9 1 0 
2078 276 7 1 0 
2079 277 9 1 0 
2080 278 2 1 0 
2081 279 8 1 0 
2082 280 9 1 0 
2083 281 9 1 0 
2084 282 8 1 0 
2085 283 9 1 0 
2086 284 3 1 0 
2087 285 6 1 0 
2088 286 3 1 0 
2089 287 6 1 0 
2090 288 0 1 0 
2091 289 4 1 0 
2092 290 4 1 0 
2093 291 9 1 0 
2094 292 6 1 0 
2095 293 6 1 0 
2096 294 4 1 0 
2097 295 1 1 0 
2098 296 9 1 0 
2099 297 8 1 0 
2100 298 0 1 0 
2101 299 4 1 0 
2102 300 9 1 0 
2103 301 0 1 0 
2104 302 5 1 0 
2105 303 5 1 0 
2106 304 0 1 0 
2107 305 1 1 0 
2108 306 6 1 0 
2109 307 0 1 0 
2110 308 2 1 0 
2111 309 8 1 0 
2112 310 8 1 0 
2113 311 4 1 0 
2114 312 9 1 0 
2115 313 8 1 0 
2116 314 3 1 0 
2117 315 4 1 0 
2118 316 4 1 0 
2119 317 9 1 0 
2120 318 1 1 0 
2121 319 7 1 0 
2122 320 5 1 0 
2123 321 7 1 0 
2124 322 6 1 0 
2125 323 2 1 0 
2126 324 4 1 0 
2127 325 2 1 0 
2128 326 5 1 0 
2129 327 5 1 0 
2130 328 0 1 0 
2131 329 5 1 0 
2132 330 2 1 0 
2133 331 9 1 0 
2134 332 7 1 0 
2135 333 7 1 0 
2136 334 6 1 0 
2137 335 8 1 0 
2138 336 1 1 0 
2139 337 2 1 0 
2140 338 0 1 0 
2141 339 3 1 0 
2142 340 2 1 0 
2143 341 8 1 0 
2144 342 7 1 0 
2145 343 4 1 0 
2146 344 6 1 0 
2147 345 3 1 0 
2148 346 8 1 0 
2149 347 0 1 0 
2150 348 4 1 0 
2151 349 9 1 0 
2152 350 7 1 0 
2153 351 9 1 0 
2154 352 7 1 0 
2155 353 5 1 0 
2156 354 1 1 0 
2157 355 3 1 0 
2158 356 7 1 0 
2159 357 8 1 0 
2160 358 0 1 0 
2161 359 9 1 0 
2162 360 5 1 0 
2163 361 2 1 0 
2164 362 1 1 0 
2165 363 3 1 0 
2166 364 2 1 0 
2167 365 7 1 0 
2168 366 3 1 0 
2169 367 3 1 0 
2170 368 2 1 0 
2171 369 3 1 0 
2172 370 8 1 0 
2173 371 6 1 0 
2174 372 1 1 0 
2175 373 6 1 0 
2176 374 0 1 0 
2177 375 9 1 0 
2178 376 1 1 0 
2179 377 9 1 0 
2180 378 1 1 0 
2181 379 5 1 0 
2182 380 0 1 0 
2183 381 9 1 0 
2184 382 4 1 0 
2185 383 9 1 0 
2186 384 6 1 0 
2187 385 8 1 0 
2188 386 2 1 0 
2189 387 4 1 0 
2190 388 6 1 0 
2191 389 5 1 0 
2192 390 3 1 0 
2193 391 4 1 0 
2194 392 7 1 0 
2195 393 4 1 0 
2196 394 7 1 0 
2197 395 1 1 0 
2198 396 4 1 0 
2199 397 0 1 0 
2200 398 4 1 0 
2201 399 8 1 0 
2202 400 3 1 0 
2203 401 3 1 0 
2204 402 4 1 0 
2205 403 6 1 0 
2206 404 1 1 0 
2207 405 5 1 0 
2208 406 5 1 0 
2209 407 4 1 0 
2210 408 6 1 0 
2211 409 6 1 0 
2212 410 9 1 0 
2213 411 6 1 0 
2214 412 7 1 0 
2215 413 5 1 0 
2216 414 6 1 0 
2217 415 4 1 0 
2218 416 3 1 0 
2219 417 0 1 0 
2220 418 0 1 0 
2221 419 2 1 0 
2222 420 5 1 0 
2223 421 3 1 0 
2224 422 8 1 0 
2225 423 5 1 0 
2226 424 0 1 0 
2227 425 5 1 0 
2228 426 6 1 0 
2229 427 6 1 0 
2230 428 7 1 0 
2231 429 3 1 0 
2232 430 4 1 0 
2233 431 0 1 0 
2234 432 8 1 0 
2235 433 0 1 0 
2236 434 8 1 0 
2237 435 1 1 0 
2238 436 5 1 0 
2239 437 3 1 0 
2240 438 5 1 0 
2241 439 1 1 0 
2242 440 1 1 0 
2243 441 4 1 0 
2244 442 0 1 0 
2245 443 1 1 0 
2246 444 1 1 0 
2247 445 8 1 0 
2248 446 5 1 0 
2249 447 7 1 0 
2250 448 8 1 0 
2251 449 5 1 0 
2252 450 1 1 0 
2253 451 6 1 0 
2254 452 0 1 0 
2255 453 9 1 0 
2256 454 1 1 0 
2257 455 2 1 0 
2258 456 4 1 0 
2259 457 9 1 0 
2260 458 0 1 0 
2261 459 1 1 0 
2262 460 4 1 0 
2263 461 4 1 0 
2264 462 3 1 0 
2265 463 2 1 0 
2266 464 5 1 0 
2267 465 1 1 0 
2268 466 3 1 0 
2269 467 2 1 0 
2270 468 6 1 0 
2271 469 0 1 0 
2272 470 6 1 0 
2273 471 9 1 0 
2274 472 6 1 0 
2275 473 8 1 0 
2276 474 0 1 0 
2277 475 8 1 0 
2278 476 6 1 0 
2279 477 7 1 0 
2280 478 5 1 0 
2281 479 4 1 0 
2282 480 4 1 0 
2283 481 6 1 0 
2284 482 0 1 0 
2285 483 5 1 0 
2286 484 5 1 0 
2287 485 3 1 0 
2288 486 9 1 0 
2289 487 1 1 0 
2290 488 5 1 0 
2291 489 0 1 0 
2292 490 4 1 0 
2293 491 9 1 0 
2294 492 6 1 0 
2295 493 7 1 0 
2296 494 4 1 0 
2297 495 3 1 0 
2298 496 0 1 0 
2299 497 9 1 0 
2300 498 6 1 0 
2301 499 6 1 0 
2302 500 0 1 0 
2303 501 4 1 0 
2304 502 5 1 0 
2305 503 8 1 0 
2306 504 2 1 0 
2307 505 8 1 0 
2308 506 6 1 0 
2309 507 8 1 0 
2310 508 5 1 0 
2311 509 3 1 0 
2312 510 4 1 0 
2313 511 0 1 0 
2314 512 1 1 0 
2315 513 7 1 0 
2316 514 7 1 0 
2317 515 8 1 0 
2318 516 0 1 0 
2319 517 8 1 0 
2320 518 9 1 0 
2321 519 7 1 0 
2322 520 8 1 0 
2323 521 3 1 0 
2324 522 9 1 0 
2325 523 7 1 0 
2326 524 2 1 0 
2327 525 5 1 0 
2328 526 0 1 0 
2329 527 2 1 0 
2330 528 4 1 0 
2331 529 8 1 0 
2332 530 0 1 0 
2333 531 6 1 0 
2334 532 2 1 0 
2335 533 6 1 0 
2336 534 5 1 0 
2337 535 6 1 0 
2338 536 6 1 0 
2339 537 3 1 0 
2340 538 4 1 0 
2341 539 1 1 0 
2342 540 7 1 0 
2343 541 1 1 0 
2344 542 3 1 0 
2345 543 0 1 0 
2346 544 8 1 0 
2347 545 2 1 0 
2348 546 9 1 0 
2349 547 0 1 0 
2350 548 1 1 0 
2351 549 0 1 0 
2352 550 8 1 0 
2353 551 1 1 0 
2354 552 6 1 0 
2355 553 7 1 0 
2356 554 8 1 0 
2357 555 8 1 0 
2358 556 2 1 0 
2359 557 1 1 0 
2360 558 3 1 0 
2361 559 8 1 0 
2362 560 9 1 0 
2363 561 3 1 0 
2364 562 5 1 0 
2365 563 4 1 0 
2366 564 1 1 0 
2367 565 2 1 0 
2368 566 2 1 0 
2369 567 7 1 0 
2370 568 7 1 0 
2371 569 9 1 0 
2372 570 1 1 0 
2373 571 4 1 0 
2374 572 0 1 0 
2375 573 4 1 0 
2376 574 7 1 0 
2377 575 8 1 0 
2378 576 7 1 0 
2379 577 6 1 0 
2380 578 8 1 0 
2381 579 0 1 0 
2382 580 8 1 0 
2383 581 6 1 0 
2384 582 1 1 0 
2385 583 4 1 0 
2386 584 5 1 0 
2387 585 2 1 0 
2388 586 5 1 0 
2389 587 9 1 0 
2390 588 3 1 0 
2391 589 8 1 0 
2392 590 8 1 0 
2393 591 4 1 0 
2394 592 3 1 0 
2395 593 5 1 0 
2396 594 0 1 0 
2397 595 5 1 0 
2398 596 9 1 0 
2399 597 3 1 0 
2400 598 4 1 0 
2401 599 6 1 0 
2402 600 2 1 0 
2403 601 5 1 0 
2404 602 3 1 0 
2405 603 2 1 0 
2406 604 0 1 0 
2407 605 0 1 0 
2408 606 0 1 0 
2409 607 9 1 0 
2410 608 8 1 0 
2411 609 0 1 0 
2412 610 9 1 0 
2413 611 6 1 0 
2414 612 7 1 0 
2415 613 2 1 0 
2416 614 1 1 0 
2417 615 4 1 0 
2418 616 4 1 0 
2419 617 8 1 0 
2420 618 4 1 0 
2421 619 9 1 0 
2422 620 8 1 0 
2423 621 4 1 0 
2424 622 4 1 0 
2425 623 1 1 0 
2426 624 9 1 0 
2427 625 6 1 0 
2428 626 8 1 0 
2429 627 0 1 0 
2430 628 9 1 0 
2431 629 3 1 0 
2432 630 6 1 0 
2433 631 3 1 0 
2434 632 8 1 0 
2435 633 9 1 0 
2436 634 5 1 0 
2437 635 0 1 0 
2438 636 1 1 0 
2439 637 7 1 0 
2440 638 1 1 0 
2441 639 9 1 0 
2442 640 8 1 0 
2443 641 2 1 0 
2444 642 6 1 0 
2445 643 7 1 0 
2446 644 5 1 0 
2447 645 9 1 0 
2448 646 3 1 0 
2449 647 9 1 0 
2450 648 9 1 0 
2451 649 7 1 0 
2452 650 9 1 0 
2453 651 7 1 0 
2454 652 3 1 0 
2455 653 5 1 0 
2456 654 0 1 0 
2457 655 4 1 0 
2458 656 1 1 0 
2459 657 9 1 0 
2460 658 4 1 0 
2461 659 1 1 0 
2462 660 4 1 0 
2463 661 3 1 0 
2464 662 6 1 0 
2465 663 4 1 0 
2466 664 2 1 0 
2467 665 2 1 0 
2468 666 7 1 0 
2469 667 6 1 0 
2470 668 1 1 0 
2471 669 8 1 0 
2472 670 5 1 0 
2473 671 1 1 0 
2474 672 1 1 0 
2475 673 3 1 0 
2476 674 0 1 0 
2477 675 6 1 0 
2478 676 4 1 0 
2479 677 4 1 0 
2480 678 7 1 0 
2481 679 5 1 0 
2482 680 3 1 0 
2483 681 8 1 0 
2484 682 2 1 0 
2485 683 7 1 0 
2486 684 3 1 0 
2487 685 5 1 0 
2488 686 3 1 0 
2489 687 7 1 0 
2490 688 4 1 0 
2491 689 8 1 0 
2492 690 0 1 0 
2493 691 0 1 0 
2494 692 1 1 0 
2495 693 6 1 0 
2496 694 4 1 0 
2497 695 5 1 0 
2498 696 8 1 0 
2499 697 3 1 0 
2500 698 1 1 0 
2501 699 2 1 0 
2502 700 2 1 0 
2503 701 9 1 0 
2504 702 5 1 0 
2505 703 5 1 0 
2506 704 4 1 0 
2507 705 6 1 0 
2508 706 3 1 0 
2509 707 1 1 0 
2510 708 2 1 0 
2511 709 0 1 0 
2512 710 6 1 0 
2513 711 5 1 0 
2514 712 1 1 0 
2515 713 9 1 0 
2516 714 4 1 0 
2517 715 4 1 0 
2518 716 6 1 0 
2519 717 8 1 0 
2520 718 1 1 0 
2521 719 0 1 0 
2522 720 8 1 0 
2523 721 1 1 0 
2524 722 2 1 0 
2525 723 9 1 0 
2526 724 8 1 0 
2527 725 8 1 0 
2528 726 6 1 0 
2529 727 8 1 0 
2530 728 2 1 0 
2531 729 0 1 0 
2532 730 2 1 0 
2533 731 4 1 0 
2534 732 9 1 0 
2535 733 8 1 0 
2536 734 1 1 0 
2537 735 5 1 0 
2538 736 6 1 0 
2539 737 4 1 0 
2540 738 6 1 0 
2541 739 8 1 0 
2542 740 6 1 0 
2543 741 3 1 0 
2544 742 5 1 0 
2545 743 7 1 0 
2546 744 4 1 0 
2547 745 2 1 0 
2548 746 4 1 0 
2549 747 0 1 0 
2550 748 2 1 0 
2551 749 7 1 0 
2552 750 2 1 0 
2553 751 0 1 0 
2554 752 1 1 0 
2555 753 6 1 0 
2556 754 1 1 0 
2557 755 9 1 0 
2558 756 4 1 0 
2559 757 9 1 0 
2560 758 9 1 0 
2561 759 6 1 0 
2562 760 9 1 0 
2563 761 4 1 0 
2564 762 2 1 0 
2565 763 0 1 0 
2566 764 2 1 0 
2567 765 3 1 0 
2568 766 6 1 0 
2569 767 8 1 0 
2570 768 9 1 0 
2571 769 2 1 0 
2572 770 8 1 0 
2573 771 6 1 0 
2574 772 7 1 0 
2575 773 3 1 0 
2576 774 5 1 0 
2577 775 3 1 0 
2578 776 5 1 0 
2579 777 9 1 0 
2580 778 5 1 0 
2581 779 9 1 0 
2582 780 7 1 0 
2583 781 9 1 0 
2584 782 9 1 0 
2585 783 0 1 0 
2586 784 5 1 0 
2587 785 2 1 0 
2588 786 1 1 0 
2589 787 0 1 0 
2590 788 2 1 0 
2591 789 0 1 0 
2592 790 6 1 0 
2593 791 3 1 0 
2594 792 6 1 0 
2595 793 9 1 0 
2596 794 4 1 0 
2597 795 8 1 0 
2598 796 4 1 0 
2599 797 0 1 0 
2600 798 8 1 0 
2601 799 4 1 0 
2602 800 4 1 0 
2603 801 8 1 0 
2604 802 2 1 0 
2605 803 4 1 0 
2606 804 2 1 0 
2607 805 7 1 0 
2608 806 7 1 0 
2609 807 9 1 0 
2610 808 9 1 0 
2611 809 3 1 0 
2612 810 9 1 0 
2613 811 8 1 0 
2614 812 4 1 0 
2615 813 0 1 0 
2616 814 8 1 0 
2617 815 0 1 0 
2618 816 5 1 0 
2619 817 9 1 0 
2620 818 0 1 0 
2621 819 9 1 0 
2622 820 1 1 0 
2623 821 8 1 0 
2624 822 2 1 0 
2625 823 8 1 0 
2626 824 7 1 0 
2627 825 6 1 0 
2628 826 8 1 0 
2629 827 4 1 0 
2630 828 8 1 0 
2631 829 9 1 0 
2632 830 8 1 0 
2633 831 3 1 0 
2634 832 7 1 0 
2635 833 0 1 0 
2636 834 7 1 0 
2637 835 1 1 0 
2638 836 9 1 0 
2639 837 6 1 0 
2640 838 3 1 0 
2641 839 0 1 0 
2642 840 1 1 0 
2643 841 4 1 0 
2644 842 8 1 0 
2645 843 6 1 0 
2646 844 6 1 0 
2647 845 6 1 0 
2648 846 6 1 0 
2649 847 1 1 0 
2650 848 7 1 0 
2651 849 8 1 0 
2652 850 2 1 0 
2653 851 9 1 0 
2654 852 6 1 0 
2655 853 5 1 0 
2656 854 9 1 0 
2657 855 4 1 0 
2658 856 3 1 0 
2659 857 7 1 0 
2660 858 8 1 0 
2661 859 2 1 0 
2662 860 8 1 0 
2663 861 8 1 0 
2664 862 7 1 0 
2665 863 6 1 0 
2666 864 0 1 0 
2667 865 4 1 0 
2668 866 9 1 0 
2669 867 1 1 0 
2670 868 2 1 0 
2671 869 2 1 0 
2672 870 2 1 0 
2673 871 4 1 0 
2674 872 6 1 0 
2675 873 0 1 0 
2676 874 2 1 0 
2677 875 3 1 0 
2678 876 9 1 0 
2679 877 8 1 0 
2680 878 6 1 0 
2681 879 8 1 0 
2682 880 6 1 0 
2683 881 9 1 0 
2684 882 7 1 0 
2685 883 2 1 0 
2686 884 6 1 0 
2687 885 8 1 0 
2688 886 8 1 0 
2689 887 9 1 0 
2690 888 8 1 0 
2691 889 8 1 0 
2692 890 1 1 0 
2693 891 6 1 0 
2694 892 8 1 0 
2695 893 0 1 0 
2696 894 4 1 0 
2697 895 8 1 0 
2698 896 4 1 0 
2699 897 4 1 0 
2700 898 2 1 0 
2701 899 9 1 0 
