1 0 3 0 0 
2 1 6 0 0 
3 2 7 0 0 
4 3 5 0 0 
5 4 3 0 0 
6 5 5 0 0 
7 6 6 0 0 
8 7 2 0 0 
9 8 9 0 0 
10 9 1 0 0 
11 10 2 0 0 
12 11 7 0 0 
13 12 0 0 0 
14 13 9 0 0 
15 14 3 0 0 
16 15 6 0 0 
17 16 0 0 0 
18 17 6 0 0 
19 18 2 0 0 
20 19 6 0 0 
21 20 1 0 0 
22 21 8 0 0 
23 22 7 0 0 
24 23 9 0 0 
25 24 2 0 0 
26 25 0 0 0 
27 26 2 0 0 
28 27 3 0 0 
29 28 7 0 0 
30 29 5 0 0 
31 30 9 0 0 
32 31 2 0 0 
33 32 2 0 0 
34 0 8 1 0 
35 1 9 1 0 
36 2 7 1 0 
37 3 3 1 0 
38 4 6 1 0 
39 5 1 1 0 
40 6 2 1 0 
41 7 9 1 0 
42 8 3 1 0 
43 9 1 1 0 
44 10 9 1 0 
45 11 4 1 0 
46 12 7 1 0 
47 13 8 1 0 
48 14 4 1 0 
49 15 5 1 0 
