1 0 3 0 0 
2 1 6 0 0 
3 2 7 0 0 
4 3 5 0 0 
5 4 3 0 0 
6 5 5 0 0 
7 6 6 0 0 
8 7 2 0 0 
9 8 9 0 0 
10 9 1 0 0 
11 10 2 0 0 
12 11 7 0 0 
13 12 0 0 0 
14 13 9 0 0 
15 14 3 0 0 
16 15 6 0 0 
17 16 0 0 0 
18 17 6 0 0 
19 18 2 0 0 
20 19 6 0 0 
21 20 1 0 0 
22 21 8 0 0 
23 22 7 0 0 
24 23 9 0 0 
25 24 2 0 0 
26 25 0 0 0 
27 26 2 0 0 
28 27 3 0 0 
29 28 7 0 0 
30 29 5 0 0 
31 30 9 0 0 
32 31 2 0 0 
33 32 2 0 0 
34 33 8 0 0 
35 34 9 0 0 
36 35 7 0 0 
37 36 3 0 0 
38 37 6 0 0 
39 38 1 0 0 
40 39 2 0 0 
41 40 9 0 0 
42 41 3 0 0 
43 42 1 0 0 
44 43 9 0 0 
45 44 4 0 0 
46 45 7 0 0 
47 46 8 0 0 
48 47 4 0 0 
49 48 5 0 0 
50 49 0 0 0 
51 50 3 0 0 
52 51 6 0 0 
53 52 1 0 0 
54 53 0 0 0 
55 54 6 0 0 
56 55 3 0 0 
57 56 2 0 0 
58 57 0 0 0 
59 58 6 0 0 
60 59 1 0 0 
61 60 5 0 0 
62 61 5 0 0 
63 62 4 0 0 
64 63 7 0 0 
65 64 6 0 0 
66 65 5 0 0 
67 66 6 0 0 
68 67 9 0 0 
69 68 3 0 0 
70 69 7 0 0 
71 70 4 0 0 
72 71 5 0 0 
73 72 2 0 0 
74 0 5 1 0 
75 1 4 1 0 
76 2 7 1 0 
77 3 4 1 0 
78 4 4 1 0 
79 5 3 1 0 
80 6 0 1 0 
81 7 7 1 0 
82 8 8 1 0 
83 9 6 1 0 
84 10 8 1 0 
85 11 8 1 0 
86 12 4 1 0 
87 13 3 1 0 
88 14 1 1 0 
89 15 4 1 0 
90 16 9 1 0 
91 17 2 1 0 
92 18 0 1 0 
93 19 6 1 0 
94 20 8 1 0 
95 21 9 1 0 
96 22 2 1 0 
97 23 6 1 0 
98 24 6 1 0 
99 25 4 1 0 
100 26 9 1 0 
101 27 5 1 0 
102 28 0 1 0 
103 29 4 1 0 
104 30 8 1 0 
105 31 7 1 0 
106 32 1 1 0 
107 33 7 1 0 
108 34 2 1 0 
109 35 7 1 0 
