1 0 3 0 0 
2 1 6 0 0 
3 2 7 0 0 
4 3 5 0 0 
5 4 3 0 0 
6 5 5 0 0 
7 6 6 0 0 
8 7 2 0 0 
9 8 9 0 0 
10 9 1 0 0 
11 10 2 0 0 
12 11 7 0 0 
13 12 0 0 0 
14 13 9 0 0 
15 14 3 0 0 
16 15 6 0 0 
17 16 0 0 0 
18 17 6 0 0 
19 18 2 0 0 
20 19 6 0 0 
21 20 1 0 0 
22 21 8 0 0 
23 22 7 0 0 
24 23 9 0 0 
25 24 2 0 0 
26 25 0 0 0 
27 26 2 0 0 
28 27 3 0 0 
29 28 7 0 0 
30 29 5 0 0 
31 30 9 0 0 
32 31 2 0 0 
33 32 2 0 0 
34 33 8 0 0 
35 34 9 0 0 
36 35 7 0 0 
37 36 3 0 0 
38 37 6 0 0 
39 38 1 0 0 
40 39 2 0 0 
41 40 9 0 0 
42 41 3 0 0 
43 42 1 0 0 
44 43 9 0 0 
45 44 4 0 0 
46 45 7 0 0 
47 46 8 0 0 
48 47 4 0 0 
49 48 5 0 0 
50 49 0 0 0 
51 50 3 0 0 
52 51 6 0 0 
53 52 1 0 0 
54 53 0 0 0 
55 54 6 0 0 
56 55 3 0 0 
57 56 2 0 0 
58 57 0 0 0 
59 58 6 0 0 
60 59 1 0 0 
61 60 5 0 0 
62 61 5 0 0 
63 62 4 0 0 
64 63 7 0 0 
65 64 6 0 0 
66 65 5 0 0 
67 66 6 0 0 
68 67 9 0 0 
69 68 3 0 0 
70 69 7 0 0 
71 70 4 0 0 
72 71 5 0 0 
73 72 2 0 0 
74 73 5 0 0 
75 74 4 0 0 
76 75 7 0 0 
77 76 4 0 0 
78 77 4 0 0 
79 78 3 0 0 
80 79 0 0 0 
81 80 7 0 0 
82 81 8 0 0 
83 82 6 0 0 
84 83 8 0 0 
85 84 8 0 0 
86 85 4 0 0 
87 86 3 0 0 
88 87 1 0 0 
89 88 4 0 0 
90 89 9 0 0 
91 90 2 0 0 
92 91 0 0 0 
93 92 6 0 0 
94 93 8 0 0 
95 94 9 0 0 
96 95 2 0 0 
97 96 6 0 0 
98 97 6 0 0 
99 98 4 0 0 
100 99 9 0 0 
101 100 5 0 0 
102 101 0 0 0 
103 102 4 0 0 
104 103 8 0 0 
105 104 7 0 0 
106 105 1 0 0 
107 106 7 0 0 
108 107 2 0 0 
109 108 7 0 0 
110 109 2 0 0 
111 110 2 0 0 
112 111 6 0 0 
113 112 1 0 0 
114 113 0 0 0 
115 114 6 0 0 
116 115 1 0 0 
117 116 5 0 0 
118 117 9 0 0 
119 118 4 0 0 
120 119 9 0 0 
121 120 0 0 0 
122 121 9 0 0 
123 122 1 0 0 
124 123 7 0 0 
125 124 7 0 0 
126 125 1 0 0 
127 126 1 0 0 
128 127 5 0 0 
129 128 9 0 0 
130 129 7 0 0 
131 130 7 0 0 
132 131 6 0 0 
133 132 7 0 0 
134 133 3 0 0 
135 134 6 0 0 
136 135 5 0 0 
137 136 6 0 0 
138 137 3 0 0 
139 138 9 0 0 
140 139 4 0 0 
141 140 8 0 0 
142 141 1 0 0 
143 142 2 0 0 
144 143 9 0 0 
145 144 3 0 0 
146 145 9 0 0 
147 146 0 0 0 
148 147 8 0 0 
149 148 8 0 0 
150 149 5 0 0 
151 150 0 0 0 
152 151 9 0 0 
153 152 6 0 0 
154 153 3 0 0 
155 154 8 0 0 
156 155 5 0 0 
157 156 6 0 0 
158 157 1 0 0 
159 158 1 0 0 
160 159 5 0 0 
161 160 9 0 0 
162 161 8 0 0 
163 162 4 0 0 
164 0 8 1 0 
165 1 1 1 0 
166 2 0 1 0 
167 3 3 1 0 
168 4 0 1 0 
169 5 4 1 0 
170 6 4 1 0 
171 7 4 1 0 
172 8 4 1 0 
173 9 7 1 0 
174 10 6 1 0 
175 11 3 1 0 
176 12 1 1 0 
177 13 7 1 0 
178 14 5 1 0 
179 15 9 1 0 
180 16 6 1 0 
181 17 2 1 0 
182 18 1 1 0 
183 19 7 1 0 
184 20 8 1 0 
185 21 5 1 0 
186 22 7 1 0 
187 23 4 1 0 
188 24 1 1 0 
189 25 8 1 0 
190 26 5 1 0 
191 27 9 1 0 
192 28 7 1 0 
193 29 5 1 0 
194 30 3 1 0 
195 31 8 1 0 
196 32 8 1 0 
197 33 3 1 0 
198 34 1 1 0 
199 35 8 1 0 
200 36 9 1 0 
201 37 6 1 0 
202 38 4 1 0 
203 39 3 1 0 
204 40 3 1 0 
205 41 3 1 0 
206 42 8 1 0 
207 43 6 1 0 
208 44 0 1 0 
209 45 4 1 0 
210 46 8 1 0 
211 47 8 1 0 
212 48 8 1 0 
213 49 9 1 0 
214 50 7 1 0 
215 51 7 1 0 
216 52 6 1 0 
217 53 4 1 0 
218 54 3 1 0 
219 55 0 1 0 
220 56 3 1 0 
221 57 0 1 0 
222 58 9 1 0 
223 59 2 1 0 
224 60 5 1 0 
225 61 4 1 0 
226 62 0 1 0 
227 63 5 1 0 
228 64 9 1 0 
229 65 4 1 0 
230 66 6 1 0 
231 67 9 1 0 
232 68 2 1 0 
233 69 2 1 0 
234 70 4 1 0 
235 71 7 1 0 
236 72 7 1 0 
237 73 5 1 0 
238 74 4 1 0 
239 75 8 1 0 
240 76 1 1 0 
241 77 2 1 0 
242 78 8 1 0 
243 79 9 1 0 
244 80 3 1 0 
