0 0 -1 
1 3 0 
2 6 0 
3 7 0 
4 5 0 
5 3 0 
6 5 0 
7 6 0 
8 2 0 
9 9 0 
10 1 0 
11 2 0 
12 7 0 
13 0 0 
14 9 0 
15 3 0 
16 6 0 
17 0 0 
18 6 0 
19 2 0 
20 6 0 
21 1 0 
22 8 0 
23 7 0 
24 9 0 
25 2 0 
26 0 0 
27 2 0 
28 3 0 
29 7 0 
30 5 0 
31 9 0 
32 2 0 
33 2 0 
34 8 0 
35 9 0 
36 7 0 
37 3 0 
38 6 0 
39 1 0 
40 2 0 
41 9 0 
42 3 0 
43 1 0 
44 9 0 
45 4 0 
46 7 0 
47 8 0 
48 4 0 
49 5 0 
50 0 0 
51 3 0 
52 6 0 
53 1 0 
54 0 0 
55 6 0 
56 3 0 
57 2 0 
58 0 0 
59 6 0 
60 1 0 
61 5 0 
62 5 0 
63 4 0 
64 7 0 
65 6 0 
66 5 0 
67 6 0 
68 9 0 
69 3 0 
70 7 0 
71 4 0 
72 5 0 
73 2 0 
74 5 0 
75 4 0 
76 7 0 
77 4 0 
78 4 0 
79 3 0 
80 0 0 
81 7 0 
82 8 0 
83 6 0 
84 8 0 
85 8 0 
86 4 0 
87 3 0 
88 1 0 
89 4 0 
90 9 0 
91 2 0 
92 0 0 
93 6 0 
94 8 0 
95 9 0 
96 2 0 
97 6 0 
98 6 0 
99 4 0 
100 137 0 
101 145 6 
102 166 0 
103 160 1 
104 173 3 
105 207 3 
106 176 0 
107 65 0 
108 101 5 
109 151 4 
110 161 8 
111 140 3 
112 174 8 
113 171 1 
114 96 2 
115 79 1 
116 96 5 
117 72 0 
118 100 0 
119 166 8 
120 95 8 
121 105 8 
122 118 7 
123 173 4 
124 112 2 
125 142 4 
126 164 7 
127 149 5 
128 157 2 
129 181 8 
130 221 4 
131 183 4 
132 184 5 
133 250 7 
134 202 3 
135 136 2 
136 126 6 
137 147 2 
138 105 8 
139 135 3 
140 197 8 
141 135 5 
142 142 1 
143 136 5 
144 150 7 
145 178 8 
146 203 1 
147 230 6 
148 201 8 
149 0 0 
150 4 6 
151 12 1 
152 16 7 
153 49 2 
154 65 1 
155 20 3 
156 85 0 
157 12 6 
158 97 0 
159 40 0 
160 137 0 
161 0 0 
162 9 0 
163 13 0 
164 0 4 
165 13 3 
166 42 5 
167 55 3 
168 25 3 
169 80 3 
170 9 7 
171 89 6 
172 20 0 
173 109 6 
174 36 0 
175 18 0 
176 22 6 
177 36 1 
178 58 7 
179 35 8 
180 93 7 
181 10 3 
182 103 6 
183 0 6 
184 103 6 
185 15 0 
186 118 6 
187 48 0 
188 3 0 
189 7 2 
190 6 4 
191 13 1 
192 42 2 
193 55 1 
194 25 3 
195 80 4 
196 21 7 
197 101 4 
198 5 0 
199 106 1 
200 54 0 
201 0 0 
202 4 0 
203 30 1 
204 34 1 
205 63 5 
206 97 4 
207 20 3 
208 117 4 
209 24 6 
210 141 3 
211 20 0 
212 161 3 
213 12 0 
214 18 0 
215 22 6 
216 30 1 
217 52 7 
218 21 8 
219 73 7 
220 35 3 
221 108 4 
222 18 6 
223 126 3 
224 45 0 
225 171 3 
226 36 0 
227 9 0 
228 13 2 
229 24 4 
230 37 1 
231 49 2 
232 86 2 
233 20 3 
234 106 5 
235 24 7 
236 130 8 
237 10 0 
238 140 2 
239 36 2 
240 0 0 
241 4 1 
242 18 1 
243 22 1 
244 7 5 
245 29 2 
246 8 3 
247 37 0 
248 28 6 
249 65 0 
250 0 0 
251 65 0 
252 0 0 
253 6 0 
254 10 0 
255 0 4 
256 10 3 
257 6 5 
258 16 3 
259 10 3 
260 26 3 
261 21 7 
262 47 4 
263 0 6 
264 47 3 
265 54 8 
266 12 0 
267 16 6 
268 54 1 
269 70 0 
270 5 8 
271 75 6 
272 4 3 
273 79 6 
274 0 6 
275 79 6 
276 0 1 
277 79 7 
278 72 5 
279 2 0 
280 6 2 
281 9 5 
282 15 2 
283 6 2 
284 21 2 
285 10 3 
286 31 0 
287 49 8 
288 80 2 
289 0 6 
290 80 8 
291 81 2 
292 0 0 
293 4 6 
294 45 1 
295 49 0 
296 9 4 
297 58 1 
298 8 3 
299 66 4 
300 56 6 
301 122 7 
302 0 6 
303 122 6 
304 18 2 
305 12 0 
306 16 0 
307 45 4 
308 61 1 
309 3 7 
310 64 1 
311 14 3 
312 78 4 
313 42 8 
314 120 7 
315 0 6 
316 120 6 
317 54 2 
318 6 0 
319 10 0 
320 36 4 
321 46 1 
322 7 8 
323 53 2 
324 8 3 
325 61 2 
326 56 7 
327 117 8 
328 0 6 
329 117 7 
330 54 2 
331 0 3 
332 4 3 
333 12 1 
334 16 4 
335 0 2 
336 16 1 
337 24 3 
338 40 0 
339 8 6 
340 48 0 
341 48 0 
342 96 0 
343 0 2 
344 9 3 
345 13 5 
346 0 4 
347 13 5 
348 0 5 
349 13 5 
350 30 3 
351 43 5 
352 6 7 
353 49 4 
354 24 7 
355 73 4 
356 6 2 
357 18 3 
358 22 3 
359 36 1 
360 58 0 
361 0 8 
362 58 2 
363 12 4 
364 70 5 
365 0 6 
366 70 3 
367 18 4 
368 88 3 
369 8 8 
370 3 0 
371 7 1 
372 6 5 
373 13 2 
374 0 2 
375 13 2 
376 30 7 
377 43 1 
378 14 8 
379 57 2 
380 6 6 
381 63 0 
382 9 2 
383 0 0 
384 4 6 
385 30 1 
386 34 7 
387 0 5 
388 34 8 
389 24 3 
390 58 5 
391 16 6 
392 74 3 
393 24 7 
394 98 5 
395 2 2 
396 18 4 
397 22 4 
398 30 1 
399 52 7 
400 0 8 
401 52 7 
402 42 4 
403 94 7 
404 12 7 
405 106 7 
406 54 6 
407 160 7 
408 6 8 
409 9 3 
410 13 3 
411 24 4 
412 37 3 
413 0 2 
414 37 5 
415 24 3 
416 61 5 
417 16 7 
418 77 8 
419 12 6 
420 89 8 
421 6 8 
422 0 0 
423 4 0 
424 14 1 
425 18 1 
426 63 2 
427 81 1 
428 8 3 
429 89 0 
430 0 6 
431 89 6 
432 16 4 
433 105 7 
434 0 2 
435 24 4 
436 28 4 
437 0 4 
438 28 4 
439 54 5 
440 82 5 
441 10 3 
442 92 3 
443 0 7 
444 92 4 
445 8 4 
446 100 4 
447 18 8 
448 48 4 
449 52 4 
450 42 1 
451 94 4 
452 45 2 
453 139 5 
454 4 4 
455 143 5 
456 0 6 
457 143 3 
458 6 1 
459 149 4 
460 24 5 
461 8 1 
462 12 1 
463 7 5 
464 19 2 
465 54 2 
466 73 2 
467 10 3 
468 83 5 
469 0 8 
470 83 5 
471 2 1 
472 85 2 
473 27 2 
474 0 0 
475 4 1 
476 35 1 
477 39 1 
478 81 5 
479 120 2 
480 8 4 
481 128 5 
482 0 6 
483 128 3 
484 8 1 
485 136 4 
486 6 5 
487 48 1 
488 52 1 
489 35 7 
490 87 7 
491 27 2 
492 114 8 
493 14 4 
494 128 7 
495 0 6 
496 128 7 
497 18 4 
498 146 4 
499 18 7 
500 24 4 
501 28 4 
502 28 4 
503 56 4 
504 63 2 
505 119 1 
506 8 4 
507 127 1 
508 0 8 
509 127 2 
510 4 6 
511 131 8 
512 18 5 
513 0 3 
514 4 3 
515 10 1 
516 14 4 
517 63 2 
518 77 1 
519 8 3 
520 85 0 
521 8 6 
522 93 0 
523 64 1 
524 157 0 
525 0 8 
526 21 4 
527 25 4 
528 0 4 
529 25 4 
530 54 8 
531 79 7 
532 10 5 
533 89 8 
534 6 7 
535 95 8 
536 32 6 
537 127 8 
538 54 8 
539 42 3 
540 46 3 
541 30 1 
542 76 0 
543 45 2 
544 121 0 
545 4 4 
546 125 3 
547 0 6 
548 125 3 
549 24 1 
550 149 4 
551 72 5 
552 7 0 
553 11 6 
554 5 5 
555 16 3 
556 54 2 
557 70 5 
558 10 3 
559 80 3 
560 14 7 
561 94 4 
562 8 6 
563 102 3 
564 81 5 
565 0 0 
566 4 2 
567 25 4 
568 29 5 
569 81 8 
570 110 5 
571 8 3 
572 118 5 
573 16 7 
574 134 4 
575 32 7 
576 166 4 
577 18 5 
578 42 3 
579 46 5 
580 25 4 
581 71 5 
582 27 8 
583 98 5 
584 14 5 
585 112 5 
586 12 7 
587 124 4 
588 72 6 
589 196 7 
590 54 8 
591 21 3 
592 25 3 
593 20 4 
594 45 3 
595 63 8 
596 108 6 
597 8 5 
598 116 3 
599 16 8 
600 132 6 
601 16 7 
602 148 6 
603 54 5 
604 0 0 
605 4 0 
606 6 1 
607 10 0 
608 42 2 
609 52 0 
610 4 3 
611 56 0 
612 8 6 
613 64 0 
614 72 1 
615 136 1 
616 0 8 
617 21 3 
618 25 3 
619 0 1 
620 25 4 
621 36 5 
622 61 4 
623 5 5 
624 66 4 
625 6 6 
626 72 3 
627 36 6 
628 108 6 
629 18 8 
630 42 0 
631 46 2 
632 18 1 
633 64 2 
634 30 2 
635 94 2 
636 2 3 
637 96 0 
638 0 6 
639 96 0 
640 27 1 
641 123 0 
642 24 5 
643 7 7 
644 11 7 
645 3 1 
646 14 7 
647 36 2 
648 50 8 
649 5 3 
650 55 6 
651 14 8 
652 69 6 
653 9 6 
654 78 6 
655 27 2 
656 0 2 
657 4 8 
658 15 1 
659 19 2 
660 54 5 
661 73 5 
662 4 4 
663 77 5 
664 16 6 
665 93 3 
666 36 7 
667 129 6 
668 6 5 
669 42 4 
670 46 4 
671 15 1 
672 61 4 
673 18 2 
674 79 5 
675 7 3 
676 86 5 
677 12 6 
678 98 8 
679 81 8 
680 179 8 
681 18 7 
682 21 5 
683 25 5 
684 12 1 
685 37 4 
686 42 5 
687 79 4 
688 4 5 
689 83 5 
690 16 8 
691 99 5 
692 18 8 
693 117 5 
694 18 8 
695 0 3 
696 4 6 
697 18 1 
698 22 0 
699 28 2 
700 50 2 
701 28 1 
702 78 1 
703 32 6 
704 110 7 
705 32 1 
706 142 7 
707 0 2 
708 3 3 
709 7 6 
710 0 4 
711 7 3 
712 24 5 
713 31 3 
714 35 5 
715 66 3 
716 24 6 
717 90 3 
718 16 6 
719 106 3 
720 30 2 
721 6 0 
722 10 0 
723 54 1 
724 64 1 
725 20 2 
726 84 2 
727 14 4 
728 98 1 
729 0 6 
730 98 7 
731 12 1 
732 110 7 
733 40 8 
734 1 0 
735 5 0 
736 9 8 
737 14 2 
738 24 2 
739 38 2 
740 35 7 
741 73 8 
742 56 8 
743 129 8 
744 4 6 
745 133 8 
746 45 2 
747 0 2 
748 4 2 
749 45 7 
750 49 8 
751 36 8 
752 85 8 
753 28 7 
754 113 8 
755 64 7 
756 177 8 
757 16 4 
758 193 7 
759 10 2 
760 6 5 
761 10 5 
762 45 7 
763 55 8 
764 12 7 
765 67 8 
766 49 3 
767 116 6 
768 48 8 
769 164 6 
770 36 8 
771 200 6 
772 30 8 
773 3 5 
774 7 5 
775 36 1 
776 43 4 
777 28 5 
778 71 4 
779 28 1 
780 99 4 
781 64 8 
782 163 7 
783 8 8 
784 171 7 
785 30 5 
