0 0 -1 
1 8 0 
2 16 0 
3 24 0 
4 255 0 
5 1936311911 0 
6 -330629295 0 
7 -1413821143 0 
8 1189346290 0 
9 -128662916 0 
10 -1914181605 0 
11 1663982198 0 
12 -1698062541 0 
13 -1223871898 0 
14 1520654385 0 
15 386227493 0 
16 -731977384 0 
17 -959597909 0 
18 290763931 0 
19 1098154510 0 
20 -2015609567 0 
21 -1 0 
22 0 0 
23 1 0 
24 -2 0 
25 0 0 
26 2 0 
27 -1 0 
28 0 0 
29 1 0 
30 1 0 
31 2 0 
32 1 0 
33 0 0 
34 0 0 
35 0 0 
36 -1 0 
37 -2 0 
38 -1 0 
39 0 4 
40 0 7 
41 558301184 17 
42 7936 18 
43 0 1 
44 0 10 
45 1090519040 3 
46 81 13 
47 0 18 
48 9896039 14 
49 0 12 
50 0 11 
51 251658240 18 
52 0 8 
53 0 0 
54 0 14 
55 601 24 
56 -287 4 
57 0 8 
58 149 3 
59 -637 20 
60 0 22 
61 -200 1 
62 -748 1 
63 0 1 
64 8 0 
65 -770 0 
66 0 1 
67 0 0 
68 0 1 
69 0 1 
70 0 1 
71 0 1 
72 0 1 
73 0 2 
74 0 2 
75 0 1 
76 0 3 
77 0 3 
78 0 8 
79 0 4 
80 0 4 
81 0 4 
82 0 5 
83 0 1 
84 0 6 
85 0 6 
86 0 7 
87 0 6 
88 0 7 
89 0 3 
90 0 8 
91 0 8 
92 0 4 
93 0 9 
94 0 9 
95 0 1 
96 0 6 
97 0 10 
98 0 6 
99 0 5 
100 0 11 
101 0 4 
102 0 9 
103 0 12 
104 0 4 
105 0 14 
106 103 0 
107 -206 2 
108 0 1 
109 198 0 
110 -396 5 
111 0 0 
112 105 0 
113 -210 4 
114 0 9 
115 103 4 
116 0 3 
117 0 14 
118 198 4 
119 -206 3 
120 0 0 
121 105 0 
122 -396 5 
123 0 5 
124 115 0 
125 -210 4 
126 0 9 
127 198 14 
128 396 4 
129 0 9 
130 105 0 
131 4 4 
132 0 4 
133 115 3 
134 -166 5 
135 0 5 
136 81 5 
137 -48 0 
138 0 5 
139 0 13 
140 396 4 
141 0 9 
142 41 20 
143 -37 4 
144 -41 4 
145 205 24 
146 -371 9 
147 -205 9 
148 186 20 
149 -234 20 
150 -186 0 
151 41 24 
152 396 4 
153 -82 9 
154 205 18 
155 -37 3 
156 -451 24 
157 186 21 
158 -371 1 
159 -577 1 
160 171 2 
161 -234 20 
162 -528 0 
163 205 23 
164 186 16 
165 171 24 
166 242 5 
167 601 23 
168 287 4 
169 888 3 
170 1 8 
171 -633 13 
172 149 2 
173 637 21 
174 786 22 
175 1 17 
176 -531 2 
177 200 1 
178 748 1 
179 948 1 
180 1 1 
181 -693 1 
182 8 1 
183 770 1 
184 778 1 
185 1 1 
186 -523 0 
187 0 3 
188 0 3 
189 360 4 
190 -906 0 
191 0 5 
192 -29 5 
193 -971 5 
194 0 10 
195 -219 21 
196 -775 10 
197 0 9 
198 -375 5 
199 -367 7 
200 0 7 
201 0 14 
202 0 13 
203 0 13 
204 0 15 
205 0 15 
206 0 16 
207 0 16 
208 0 16 
209 0 21 
210 0 17 
211 0 17 
212 0 17 
213 0 18 
214 0 18 
215 0 13 
216 0 19 
217 0 15 
218 0 15 
219 0 20 
220 0 21 
221 0 20 
222 0 21 
223 0 16 
224 0 16 
225 0 22 
226 0 19 
227 0 18 
228 0 23 
229 0 15 
230 0 19 
231 0 24 
232 0 21 
233 0 20 
234 0 4 
235 0 21 
236 0 16 
237 115 4 
238 -230 24 
239 0 23 
240 81 9 
241 -162 19 
242 0 14 
243 255 13 
244 -510 16 
245 0 15 
246 74 12 
247 -148 22 
248 0 17 
249 81 10 
250 -230 24 
251 0 24 
252 255 12 
253 -162 14 
254 0 13 
255 74 13 
256 -510 17 
257 0 16 
258 236 9 
259 -148 3 
260 0 12 
261 255 14 
262 280 24 
263 0 20 
264 74 14 
265 -14 9 
266 0 14 
267 236 0 
268 -38 22 
269 0 15 
270 0 5 
271 -148 8 
272 0 7 
273 171 22 
274 109 23 
275 -171 24 
276 242 6 
277 -256 9 
278 -242 10 
279 251 10 
280 -289 21 
281 -251 15 
282 227 13 
283 -375 8 
284 -227 7 
285 242 5 
286 109 24 
287 -655 20 
288 251 8 
289 -256 9 
290 -744 5 
291 227 11 
292 -289 21 
293 -705 10 
294 70 5 
295 -375 9 
296 -367 8 
297 251 9 
298 227 6 
299 70 5 
300 0 6 
301 360 0 
302 906 5 
303 1266 0 
304 1 5 
305 -1011 6 
306 29 5 
307 971 6 
308 1000 6 
309 1 11 
310 -745 5 
311 219 21 
312 775 10 
313 994 11 
314 1 5 
315 -739 5 
316 375 6 
317 367 2 
318 742 7 
319 1 8 
320 -487 7 
321 0 10 
322 0 5 
323 802 7 
324 -38 8 
325 0 12 
326 252 23 
327 8 3 
328 0 9 
329 -97 20 
330 -87 0 
331 71 5 
332 31 20 
333 -191 20 
334 33 15 
335 0 7 
336 0 7 
337 0 17 
338 103 14 
339 -103 10 
340 103 10 
341 198 19 
342 -198 15 
343 198 17 
344 105 19 
345 -105 15 
346 105 10 
347 103 9 
348 0 9 
349 206 17 
350 198 3 
351 -103 8 
352 499 5 
353 105 19 
354 -198 19 
355 408 18 
356 115 3 
357 -105 19 
358 335 19 
359 198 4 
360 198 4 
361 404 17 
362 105 20 
363 2 8 
364 604 5 
365 115 20 
366 -83 15 
367 523 23 
368 81 11 
369 -24 19 
370 416 19 
371 0 8 
372 198 9 
373 404 17 
374 41 21 
375 -80 7 
376 604 6 
377 205 22 
378 -493 15 
379 523 23 
380 186 17 
381 -396 19 
382 416 18 
383 41 22 
384 198 12 
385 404 17 
386 205 2 
387 -80 2 
388 604 6 
389 186 20 
390 -493 15 
391 523 18 
392 171 23 
393 -396 24 
394 416 18 
395 205 19 
396 608 12 
397 404 18 
398 186 21 
399 292 2 
400 604 1 
401 171 21 
402 -151 16 
403 523 23 
404 242 6 
405 88 20 
406 416 15 
407 0 9 
408 608 7 
409 404 13 
410 124 4 
411 168 3 
412 480 0 
413 194 24 
414 -345 15 
415 329 24 
416 84 0 
417 4 20 
418 332 20 
419 124 23 
420 608 12 
421 156 13 
422 194 3 
423 168 3 
424 92 4 
425 84 0 
426 -345 15 
427 161 4 
428 248 23 
429 4 20 
430 -164 15 
431 194 3 
432 84 18 
433 248 5 
434 27 1 
435 802 12 
436 38 13 
437 840 12 
438 1 12 
439 -585 12 
440 252 24 
441 8 8 
442 260 9 
443 1 4 
444 -5 9 
445 97 0 
446 87 4 
447 184 4 
448 0 9 
449 71 0 
450 31 0 
451 191 15 
452 222 15 
453 0 15 
454 33 20 
455 0 13 
456 4653056 13 
457 284 7 
458 -2 8 
459 0 8 
460 167 6 
461 -57 6 
462 31 6 
463 -472 7 
464 -196 6 
465 0 6 
466 -759 5 
467 33 11 
468 0 13 
469 115 4 
470 -115 3 
471 115 8 
472 81 12 
473 -81 7 
474 81 12 
475 255 9 
476 -255 8 
477 255 13 
478 74 16 
479 -74 15 
480 74 16 
481 81 6 
482 -115 3 
483 277 7 
484 255 8 
485 -81 7 
486 591 13 
487 74 17 
488 -255 7 
489 403 12 
490 236 16 
491 -74 16 
492 546 17 
493 255 10 
494 140 2 
495 532 12 
496 74 12 
497 -7 7 
498 665 13 
499 236 17 
500 -19 6 
501 639 12 
502 0 10 
503 -74 11 
504 546 12 
505 171 2 
506 -202 2 
507 532 12 
508 242 6 
509 -491 7 
510 665 8 
511 251 2 
512 -521 6 
513 639 7 
514 227 6 
515 -528 6 
516 546 7 
517 242 5 
518 -202 2 
519 532 12 
520 251 9 
521 -491 7 
522 665 8 
523 227 12 
524 -521 11 
525 639 12 
526 70 2 
527 -528 6 
528 546 6 
529 251 7 
530 300 2 
531 532 12 
532 227 8 
533 -37 7 
534 665 9 
535 70 16 
536 -381 11 
537 639 12 
538 0 11 
539 -528 5 
540 546 11 
541 248 9 
542 52 7 
543 284 13 
544 27 6 
545 -64 6 
546 638 5 
547 232 2 
548 -613 11 
549 407 12 
550 231 20 
551 -759 5 
552 315 11 
553 27 0 
554 52 7 
555 230 8 
556 232 7 
557 -64 5 
558 174 5 
559 231 12 
560 -613 6 
561 -55 11 
562 141 21 
563 -759 0 
564 33 16 
565 232 8 
566 231 11 
567 141 3 
568 0 12 
569 284 7 
570 2 3 
571 286 8 
572 1 8 
573 -31 3 
574 167 11 
575 57 6 
576 224 11 
577 0 6 
578 31 7 
579 472 7 
580 196 6 
581 668 6 
582 1 6 
583 -413 6 
584 759 0 
585 33 12 
586 792 13 
587 1 19 
588 -537 13 
589 7936 7 
590 7936 6 
591 683 2 
592 -39 3 
593 0 4 
594 -7 20 
595 293 5 
596 0 9 
597 83 3 
598 467 3 
599 0 8 
600 -53 0 
601 475 0 
602 0 0 
603 0 13 
604 0 18 
605 0 18 
606 41 17 
607 -41 11 
608 41 11 
609 205 24 
610 -205 19 
611 205 18 
612 186 18 
613 -186 18 
614 186 17 
615 41 2 
616 0 3 
617 82 22 
618 205 23 
619 -41 16 
620 451 6 
621 186 17 
622 -205 19 
623 577 18 
624 171 24 
625 -186 23 
626 528 18 
627 205 23 
628 205 3 
629 287 22 
630 186 20 
631 145 21 
632 637 5 
633 171 22 
634 -34 18 
635 748 17 
636 242 7 
637 56 3 
638 770 23 
639 0 18 
640 205 3 
641 287 22 
642 124 19 
643 -103 16 
644 637 9 
645 194 13 
646 -422 18 
647 748 18 
648 84 18 
649 -112 23 
650 770 23 
651 124 19 
652 205 3 
653 287 23 
654 194 14 
655 -103 16 
656 637 9 
657 84 14 
658 -422 19 
659 748 13 
660 248 24 
661 -112 23 
662 770 3 
663 194 4 
664 593 3 
665 287 24 
666 84 16 
667 65 15 
668 637 9 
669 248 23 
670 74 24 
671 748 13 
672 27 1 
673 -58 3 
674 770 2 
675 0 19 
676 593 3 
677 287 24 
678 118 0 
679 -53 20 
680 519 9 
681 90 9 
682 -16 4 
683 658 14 
684 46 19 
685 -104 23 
686 724 22 
687 118 1 
688 593 2 
689 51 4 
690 90 4 
691 -53 0 
692 339 9 
693 46 21 
694 -16 3 
695 566 9 
696 99 5 
697 -104 3 
698 526 0 
699 90 2 
700 46 21 
701 99 5 
702 51 0 
703 683 7 
704 39 4 
705 722 4 
706 1 9 
707 -467 3 
708 7 21 
709 293 5 
710 300 20 
711 1 24 
712 -45 9 
713 83 2 
714 467 8 
715 550 3 
716 1 8 
717 -295 3 
718 53 0 
719 475 0 
720 528 0 
721 1 0 
722 -273 0 
723 0 24 
724 0 4 
725 108 14 
726 546 18 
727 0 19 
728 543 21 
729 401 0 
730 0 1 
731 -368 10 
732 60 10 
733 0 16 
734 -890 22 
735 -142 21 
736 0 17 
737 171 22 
738 -171 22 
739 171 22 
740 242 7 
741 -242 7 
742 242 12 
743 251 10 
744 -251 11 
745 251 11 
746 227 17 
747 -227 17 
748 227 22 
749 242 11 
750 -171 11 
751 655 16 
752 251 8 
753 -242 7 
754 744 13 
755 227 12 
756 -251 11 
757 705 11 
758 70 21 
759 -227 16 
760 367 21 
761 251 10 
762 80 11 
763 906 16 
764 227 13 
765 -15 8 
766 971 14 
767 70 11 
768 -181 11 
769 775 10 
770 0 20 
771 -227 16 
772 367 21 
773 248 3 
774 -416 18 
775 906 23 
776 27 6 
777 -69 7 
778 971 13 
779 232 7 
780 -645 12 
781 775 10 
782 231 20 
783 -689 21 
784 367 20 
785 27 22 
786 -416 17 
787 906 22 
788 232 2 
789 -69 2 
790 971 8 
791 231 16 
792 -645 11 
793 775 10 
794 141 17 
795 -689 16 
796 367 21 
797 232 14 
798 48 19 
799 906 17 
800 231 21 
801 393 22 
802 971 8 
803 141 11 
804 -363 12 
805 775 10 
806 0 21 
807 -689 16 
808 367 1 
809 99 9 
810 -51 14 
811 807 17 
812 51 0 
813 342 21 
814 920 9 
815 159 24 
816 -522 11 
817 616 10 
818 201 20 
819 -890 21 
820 166 21 
821 51 0 
822 -51 14 
823 705 17 
824 159 24 
825 342 21 
826 602 4 
827 201 20 
828 -522 10 
829 214 10 
830 154 0 
831 -890 21 
832 -142 21 
833 159 19 
834 201 16 
835 154 5 
836 0 22 
837 108 19 
838 546 23 
839 654 18 
840 1 15 
841 -399 20 
842 543 16 
843 401 0 
844 944 20 
845 1 0 
846 -689 1 
847 368 10 
848 60 11 
849 428 10 
850 1 11 
851 -173 11 
852 890 17 
853 142 21 
854 1032 16 
855 1 17 
856 -777 18 
857 0 18 
858 0 15 
859 424 0 
860 188 0 
861 0 1 
862 -273 4 
863 381 9 
864 0 2 
865 205 20 
866 351 7 
867 0 24 
868 -11 6 
869 179 5 
870 65 8 
871 0 23 
872 0 23 
873 0 22 
874 124 15 
875 -124 15 
876 124 10 
877 194 10 
878 -194 10 
879 194 11 
880 84 18 
881 -84 18 
882 84 17 
883 124 19 
884 0 23 
885 248 23 
886 194 14 
887 -124 10 
888 512 10 
889 84 13 
890 -194 14 
891 362 12 
892 248 5 
893 -84 13 
894 580 12 
895 194 9 
896 194 18 
897 442 23 
898 84 23 
899 -40 14 
900 596 14 
901 248 24 
902 54 19 
903 610 13 
904 27 13 
905 -57 13 
906 607 12 
907 0 24 
908 194 23 
909 442 23 
910 118 1 
911 -276 9 
912 596 9 
913 90 4 
914 -126 24 
915 610 8 
916 46 23 
917 -149 18 
918 607 17 
919 118 23 
920 194 23 
921 442 23 
922 90 9 
923 -276 8 
924 596 9 
925 46 6 
926 -126 20 
927 610 7 
928 99 5 
929 -149 9 
930 607 12 
931 90 4 
932 374 24 
933 442 24 
934 46 19 
935 -184 9 
936 596 14 
937 99 21 
938 72 20 
939 610 2 
940 51 1 
941 -47 9 
942 607 11 
943 0 1 
944 374 24 
945 442 24 
946 102 4 
947 -286 9 
948 494 14 
949 50 0 
950 22 20 
951 560 2 
952 13 6 
953 -60 5 
954 594 11 
955 102 1 
956 374 0 
957 238 0 
958 50 24 
959 -286 4 
960 394 14 
961 13 6 
962 22 20 
963 534 7 
964 183 5 
965 -60 5 
966 228 5 
967 50 4 
968 13 20 
969 183 5 
970 49 0 
971 424 0 
972 188 0 
973 612 0 
974 1 0 
975 -357 1 
976 273 3 
977 381 8 
978 654 3 
979 1 2 
980 -399 1 
981 205 20 
982 351 7 
983 556 24 
984 1 3 
985 -301 24 
986 11 11 
987 179 5 
988 190 10 
989 0 9 
990 65 3 
991 0 1 
992 0 2 
993 9 22 
994 165 18 
995 81 16 
996 618 0 
997 334 20 
998 0 1 
999 -99 9 
1000 331 5 
1001 0 8 
1002 -796 10 
1003 170 13 
1004 0 19 
1005 248 4 
1006 -248 3 
1007 248 7 
1008 27 12 
1009 -27 7 
1010 27 12 
1011 232 8 
1012 -232 3 
1013 232 13 
1014 231 6 
1015 -231 11 
1016 231 11 
1017 27 15 
1018 -248 12 
1019 302 12 
1020 232 24 
1021 -27 17 
1022 491 17 
1023 231 6 
1024 -232 8 
1025 694 8 
1026 141 24 
1027 -231 16 
1028 513 11 
1029 232 2 
1030 -16 17 
1031 534 12 
1032 231 20 
1033 204 16 
1034 722 17 
1035 141 20 
1036 -91 8 
1037 835 9 
1038 0 2 
1039 -231 17 
1040 513 16 
1041 99 23 
1042 -214 17 
1043 534 12 
1044 51 15 
1045 102 15 
1046 722 16 
1047 159 10 
1048 -409 9 
1049 835 5 
1050 201 18 
1051 -633 18 
1052 513 17 
1053 51 15 
1054 -214 16 
1055 534 17 
1056 159 19 
1057 102 19 
1058 722 15 
1059 201 14 
1060 -409 14 
1061 835 5 
1062 154 9 
1063 -633 19 
1064 513 18 
1065 159 24 
1066 104 15 
1067 534 18 
1068 201 6 
1069 504 19 
1070 722 15 
1071 154 20 
1072 -101 9 
1073 835 5 
1074 0 3 
1075 -633 19 
1076 513 18 
1077 183 20 
1078 -79 20 
1079 351 19 
1080 49 0 
1081 455 24 
1082 673 20 
1083 88 4 
1084 -189 14 
1085 747 5 
1086 163 6 
1087 -796 15 
1088 350 13 
1089 49 1 
1090 -79 21 
1091 253 19 
1092 88 24 
1093 455 20 
1094 497 20 
1095 163 20 
1096 -189 9 
1097 421 5 
1098 90 2 
1099 -796 20 
1100 170 13 
1101 88 23 
1102 163 21 
1103 90 0 
1104 0 14 
1105 9 21 
1106 165 17 
1107 174 22 
1108 0 17 
1109 81 21 
1110 618 4 
1111 334 20 
1112 952 0 
1113 1 1 
1114 -697 6 
1115 99 14 
1116 331 0 
1117 430 9 
1118 1 3 
1119 -175 9 
1120 796 19 
1121 170 13 
1122 966 19 
1123 1 14 
1124 -711 19 
1125 81 21 
1126 81 13 
1127 283 19 
1128 159 14 
1129 0 18 
1130 -282 19 
1131 116 21 
1132 0 16 
1133 205 3 
1134 155 4 
1135 0 24 
1136 160 21 
1137 156 1 
1138 0 17 
1139 0 15 
1140 0 16 
1141 0 16 
1142 118 15 
1143 -118 15 
1144 118 16 
1145 90 9 
1146 -90 8 
1147 90 8 
1148 46 6 
1149 -46 12 
1150 46 12 
1151 118 1 
1152 0 16 
1153 236 16 
1154 90 4 
1155 -118 19 
1156 298 15 
1157 46 21 
1158 -90 7 
1159 182 8 
1160 99 5 
1161 -46 11 
1162 244 11 
1163 90 23 
1164 90 17 
1165 326 17 
1166 46 10 
1167 -72 15 
1168 344 10 
1169 99 22 
1170 9 2 
1171 281 3 
1172 51 15 
1173 5 10 
1174 295 16 
1175 0 16 
1176 90 18 
1177 326 17 
1178 102 1 
1179 -276 10 
1180 344 5 
1181 50 4 
1182 -91 2 
1183 281 8 
1184 13 23 
1185 -21 16 
1186 295 17 
1187 102 24 
1188 90 23 
1189 326 18 
1190 50 19 
1191 -276 15 
1192 344 10 
1193 13 21 
1194 -91 2 
1195 281 3 
1196 183 2 
1197 -21 21 
1198 295 22 
1199 50 10 
1200 190 18 
1201 326 13 
1202 13 10 
1203 -250 15 
1204 344 15 
1205 183 2 
1206 275 3 
1207 281 4 
1208 49 9 
1209 77 22 
1210 295 2 
1211 0 17 
1212 190 18 
1213 326 13 
1214 37 1 
1215 -287 15 
1216 307 15 
1217 93 4 
1218 182 3 
1219 188 9 
1220 5 6 
1221 72 21 
1222 290 1 
1223 37 5 
1224 190 19 
1225 252 14 
1226 93 24 
1227 -287 19 
1228 121 20 
1229 5 20 
1230 182 8 
1231 178 9 
1232 23 2 
1233 72 1 
1234 244 2 
1235 93 10 
1236 5 21 
1237 23 23 
1238 88 0 
1239 283 19 
1240 159 14 
1241 442 19 
1242 1 19 
1243 -187 19 
1244 282 15 
1245 116 21 
1246 398 16 
1247 1 16 
1248 -143 16 
1249 205 23 
1250 155 4 
1251 360 24 
1252 1 4 
1253 -105 23 
1254 160 22 
1255 156 1 
1256 316 22 
1257 1 21 
1258 -61 22 
1259 0 17 
1260 0 19 
1261 80 6 
1262 -72 24 
1263 103 15 
1264 384 19 
1265 -78 24 
1266 0 9 
1267 -22 2 
1268 82 22 
1269 151 12 
1270 -621 7 
1271 -9 2 
1272 0 8 
1273 99 2 
1274 -99 2 
1275 99 22 
1276 51 15 
1277 -51 15 
1278 51 10 
1279 159 19 
1280 -159 18 
1281 159 14 
1282 201 21 
1283 -201 21 
1284 201 21 
1285 51 1 
1286 -99 2 
1287 201 22 
1288 159 23 
1289 -51 19 
1290 369 14 
1291 201 16 
1292 -159 17 
1293 561 19 
1294 154 2 
1295 -201 1 
1296 509 21 
1297 159 14 
1298 60 7 
1299 360 17 
1300 201 14 
1301 150 14 
1302 570 14 
1303 154 14 
1304 -5 19 
1305 715 19 
1306 0 4 
1307 -201 2 
1308 509 1 
1309 183 23 
1310 -306 8 
1311 360 22 
1312 49 3 
1313 52 9 
1314 570 9 
1315 88 22 
1316 -181 18 
1317 715 18 
1318 163 11 
1319 -527 1 
1320 509 6 
1321 49 16 
1322 -306 13 
1323 360 22 
1324 88 13 
1325 52 9 
1326 570 8 
1327 163 17 
1328 -181 18 
1329 715 17 
1330 90 3 
1331 -527 2 
1332 509 1 
1333 88 18 
1334 -130 13 
1335 360 23 
1336 163 8 
1337 378 9 
1338 570 3 
1339 90 3 
1340 -1 23 
1341 715 22 
1342 0 5 
1343 -527 7 
1344 509 1 
1345 23 9 
1346 -153 8 
1347 337 3 
1348 88 0 
1349 290 5 
1350 482 4 
1351 233 0 
1352 -234 23 
1353 482 23 
1354 94 11 
1355 -621 6 
1356 415 1 
1357 88 22 
1358 -153 7 
1359 161 23 
1360 233 2 
1361 290 9 
1362 16 4 
1363 94 16 
1364 -234 22 
1365 294 22 
1366 212 3 
1367 -621 7 
1368 -9 2 
1369 233 10 
1370 94 17 
1371 212 3 
1372 0 6 
1373 80 11 
1374 72 20 
1375 152 15 
1376 0 15 
1377 103 15 
1378 384 9 
1379 78 4 
1380 462 9 
1381 1 4 
1382 -207 4 
1383 22 2 
1384 82 17 
1385 104 22 
1386 0 17 
1387 151 17 
1388 621 8 
1389 9 3 
1390 630 8 
1391 1 13 
1392 -375 3 
1393 103 19 
1394 9896039 13 
1395 414 9 
1396 -266 18 
1397 0 9 
1398 -119 10 
1399 -517 15 
1400 0 15 
1401 13 1 
1402 -527 12 
1403 0 7 
1404 152 11 
1405 -328 11 
1406 0 16 
1407 0 8 
1408 0 8 
1409 0 8 
1410 102 15 
1411 -102 15 
1412 102 15 
1413 50 19 
1414 -50 19 
1415 50 14 
1416 13 11 
1417 -13 12 
1418 13 7 
1419 102 15 
1420 0 19 
1421 204 19 
1422 50 9 
1423 -102 10 
1424 202 10 
1425 13 17 
1426 -50 18 
1427 76 18 
1428 183 9 
1429 -13 7 
1430 379 8 
1431 50 22 
1432 50 24 
1433 254 18 
1434 13 11 
1435 -89 10 
1436 215 10 
1437 183 22 
1438 133 23 
1439 259 23 
1440 49 3 
1441 36 8 
1442 428 8 
1443 0 9 
1444 50 4 
1445 254 18 
1446 37 19 
1447 -163 15 
1448 215 15 
1449 93 22 
1450 -53 22 
1451 259 22 
1452 5 11 
1453 26 8 
1454 428 13 
1455 37 3 
1456 50 3 
1457 254 18 
1458 93 18 
1459 -163 15 
1460 215 15 
1461 5 16 
1462 -53 17 
1463 259 22 
1464 23 17 
1465 26 7 
1466 428 12 
1467 93 13 
1468 236 8 
1469 254 19 
1470 5 8 
1471 -153 10 
1472 215 10 
1473 23 5 
1474 -7 16 
1475 259 17 
1476 88 18 
1477 202 12 
1478 428 13 
1479 0 10 
1480 236 9 
1481 254 19 
1482 171 5 
1483 -324 10 
1484 44 10 
1485 178 4 
1486 -185 0 
1487 81 12 
1488 205 20 
1489 -3 11 
1490 223 12 
1491 171 24 
1492 236 9 
1493 -88 18 
1494 178 9 
1495 -324 11 
1496 -312 10 
1497 205 21 
1498 -185 1 
1499 -329 12 
1500 198 0 
1501 -3 11 
1502 -173 12 
1503 178 4 
1504 205 20 
1505 198 5 
1506 155 0 
1507 414 5 
1508 266 23 
1509 680 9 
1510 1 13 
1511 -425 9 
1512 119 10 
1513 517 15 
1514 636 10 
1515 1 10 
1516 -381 15 
1517 13 1 
1518 527 12 
1519 540 7 
1520 1 7 
1521 -285 7 
1522 152 11 
1523 328 16 
1524 480 11 
1525 1 16 
1526 -225 15 
1527 0 9 
1528 0 7 
1529 307 8 
1530 -319 18 
1531 0 8 
1532 55 11 
1533 -211 17 
1534 0 18 
1535 -203 2 
1536 139 7 
1537 0 17 
1538 -435 19 
1539 225 14 
1540 0 15 
1541 183 5 
1542 -183 9 
1543 183 9 
1544 49 3 
1545 -49 8 
1546 49 7 
1547 88 13 
1548 -88 12 
1549 88 14 
1550 163 16 
1551 -163 17 
1552 163 12 
1553 49 13 
1554 -183 14 
1555 281 14 
1556 88 13 
1557 -49 13 
1558 225 8 
1559 163 13 
1560 -88 12 
1561 414 14 
1562 90 8 
1563 -163 18 
1564 343 13 
1565 88 18 
1566 -95 19 
1567 369 19 
1568 163 18 
1569 114 13 
1570 388 8 
1571 90 14 
1572 2 13 
1573 504 9 
1574 0 11 
1575 -163 13 
1576 343 13 
1577 23 5 
1578 -141 14 
1579 369 15 
1580 88 19 
1581 -62 14 
1582 388 9 
1583 233 13 
1584 -464 13 
1585 504 8 
1586 94 11 
1587 -351 12 
1588 343 13 
1589 88 16 
1590 -141 14 
1591 369 15 
1592 233 18 
1593 -62 13 
1594 388 14 
1595 94 17 
1596 -464 17 
1597 504 8 
1598 212 8 
1599 -351 7 
1600 343 8 
1601 233 8 
1602 325 14 
1603 369 19 
1604 94 15 
1605 126 14 
1606 388 10 
1607 212 2 
1608 -40 22 
1609 504 7 
1610 0 12 
1611 -351 8 
1612 343 8 
1613 198 9 
1614 127 14 
1615 171 19 
1616 155 1 
1617 -29 13 
1618 233 11 
1619 180 0 
1620 -220 2 
1621 324 7 
1622 84 0 
1623 -435 13 
1624 259 8 
1625 155 2 
1626 127 9 
1627 -139 19 
1628 180 22 
1629 -29 12 
1630 -127 16 
1631 84 18 
1632 -220 2 
1633 156 7 
1634 17 17 
1635 -435 14 
1636 225 13 
1637 180 7 
1638 84 12 
1639 17 5 
1640 0 18 
1641 307 7 
1642 319 18 
1643 626 12 
1644 1 7 
1645 -371 3 
1646 55 12 
1647 211 18 
1648 266 17 
1649 1 18 
1650 -11 19 
1651 203 7 
1652 139 17 
1653 342 12 
1654 1 12 
1655 -87 17 
1656 435 15 
1657 225 13 
1658 660 19 
1659 1 15 
1660 -405 19 
1661 0 13 
1662 0 12 
1663 579 23 
1664 9 18 
1665 0 2 
1666 138 5 
1667 -162 5 
1668 0 6 
1669 -95 19 
1670 -301 24 
1671 0 19 
1672 -100 17 
1673 -140 21 
1674 15 17 
1675 0 19 
1676 0 19 
1677 0 18 
1678 37 7 
1679 -37 2 
1680 37 23 
1681 93 1 
1682 -93 21 
1683 93 22 
1684 5 15 
1685 -5 10 
1686 5 19 
1687 37 15 
1688 0 19 
1689 74 19 
1690 93 1 
1691 -37 1 
1692 223 22 
1693 5 6 
1694 -93 1 
1695 103 21 
1696 23 20 
1697 -5 15 
1698 51 24 
1699 93 4 
1700 93 24 
1701 167 24 
1702 5 6 
1703 -32 1 
1704 228 21 
1705 23 20 
1706 -70 1 
1707 126 21 
1708 88 7 
1709 83 16 
1710 139 21 
1711 0 20 
1712 93 24 
1713 167 20 
1714 171 24 
1715 -374 0 
1716 228 20 
1717 178 3 
1718 -426 2 
1719 126 22 
1720 205 21 
1721 -327 15 
1722 139 21 
1723 171 10 
1724 93 24 
1725 167 20 
1726 178 4 
1727 -374 20 
1728 228 24 
1729 205 6 
1730 -426 1 
1731 126 22 
1732 198 5 
1733 -327 15 
1734 139 21 
1735 178 4 
1736 449 24 
1737 167 20 
1738 205 6 
1739 36 0 
1740 228 20 
1741 198 5 
1742 -30 0 
1743 126 2 
1744 155 7 
1745 -17 15 
1746 139 22 
1747 0 21 
1748 449 20 
1749 167 20 
1750 14 4 
1751 22 0 
1752 214 20 
1753 130 24 
1754 -160 20 
1755 -4 2 
1756 116 0 
1757 -133 16 
1758 23 21 
1759 14 3 
1760 449 20 
1761 139 24 
1762 130 14 
1763 22 5 
1764 -46 5 
1765 116 19 
1766 -160 15 
1767 -236 24 
1768 65 4 
1769 -133 17 
1770 -107 21 
1771 130 13 
1772 116 0 
1773 65 9 
1774 33 5 
1775 579 23 
1776 9 18 
1777 588 23 
1778 1 3 
1779 -333 2 
1780 138 5 
1781 162 6 
1782 300 6 
1783 1 6 
1784 -45 6 
1785 95 24 
1786 301 19 
1787 396 19 
1788 1 15 
1789 -141 19 
1790 100 12 
1791 140 22 
1792 240 17 
1793 0 22 
1794 15 12 
1795 0 7 
1796 0 17 
1797 170 24 
1798 240 21 
1799 0 20 
1800 51 20 
1801 273 9 
1802 0 3 
1803 -273 17 
1804 -3 12 
1805 0 12 
1806 -482 13 
1807 28 2 
1808 0 3 
1809 23 4 
1810 -23 24 
1811 23 24 
1812 88 6 
1813 -88 7 
1814 88 7 
1815 233 1 
1816 -233 1 
1817 233 1 
1818 94 11 
1819 -94 11 
1820 94 16 
1821 88 3 
1822 -23 4 
1823 199 24 
1824 233 22 
1825 -88 2 
1826 554 2 
1827 94 6 
1828 -233 1 
1829 421 6 
1830 212 2 
1831 -94 16 
1832 518 17 
1833 233 7 
1834 210 8 
1835 432 3 
1836 94 16 
1837 6 1 
1838 648 17 
1839 212 22 
1840 -21 2 
1841 633 1 
1842 0 22 
1843 -94 16 
1844 518 17 
1845 198 20 
1846 -186 23 
1847 432 23 
1848 155 7 
1849 -304 2 
1850 648 12 
1851 180 7 
1852 -381 2 
1853 633 1 
1854 84 6 
1855 -262 11 
1856 518 12 
1857 155 7 
1858 -186 23 
1859 432 3 
1860 180 1 
1861 -304 1 
1862 648 12 
1863 84 11 
1864 -381 7 
1865 633 6 
1866 17 2 
1867 -262 12 
1868 518 12 
1869 180 2 
1870 174 22 
1871 432 2 
1872 84 15 
1873 -136 16 
1874 648 17 
1875 17 5 
1876 -347 7 
1877 633 6 
1878 0 24 
1879 -262 18 
1880 518 17 
1881 65 24 
1882 109 23 
1883 367 2 
1884 33 4 
1885 -169 15 
1886 615 19 
1887 61 2 
1888 -408 2 
1889 572 7 
1890 220 6 
1891 -482 13 
1892 298 7 
1893 33 20 
1894 109 23 
1895 301 22 
1896 61 3 
1897 -169 20 
1898 493 4 
1899 220 21 
1900 -408 22 
1901 132 12 
1902 135 9 
1903 -482 13 
1904 28 7 
1905 61 24 
1906 220 0 
1907 135 14 
1908 0 1 
1909 170 24 
1910 240 21 
1911 410 20 
1912 1 20 
1913 -155 0 
1914 51 20 
1915 273 4 
1916 324 24 
1917 1 3 
1918 -69 3 
1919 273 22 
1920 3 13 
1921 276 12 
1922 1 17 
1923 -21 12 
1924 482 18 
1925 28 2 
1926 510 3 
1927 1 3 
1928 -255 3 
1929 0 2 
1930 0 2 
1931 438 11 
1932 520 21 
1933 0 16 
1934 238 16 
1935 732 17 
1936 0 17 
1937 -110 11 
1938 786 11 
1939 0 5 
1940 -216 4 
1941 756 24 
1942 0 4 
1943 0 2 
1944 0 22 
1945 0 1 
1946 171 20 
1947 -171 20 
1948 171 15 
1949 178 9 
1950 -178 9 
1951 178 14 
1952 205 21 
1953 -205 21 
1954 205 21 
1955 171 24 
1956 0 23 
1957 342 20 
1958 178 9 
1959 -171 10 
1960 527 10 
1961 205 21 
1962 -178 11 
1963 588 16 
1964 198 24 
1965 -205 20 
1966 601 20 
1967 178 3 
1968 178 3 
1969 520 23 
1970 205 16 
1971 34 11 
1972 732 11 
1973 198 3 
1974 20 11 
1975 786 11 
1976 155 7 
1977 -50 2 
1978 756 22 
1979 0 3 
1980 178 3 
1981 520 23 
1982 14 10 
1983 6 10 
1984 732 10 
1985 130 3 
1986 -240 11 
1987 786 16 
1988 116 18 
1989 -282 2 
1990 756 17 
1991 14 11 
1992 178 11 
1993 520 22 
1994 130 23 
1995 6 15 
1996 732 15 
1997 116 16 
1998 -240 16 
1999 786 16 
2000 65 17 
2001 -282 2 
2002 756 22 
2003 130 18 
2004 438 11 
2005 520 22 
2006 116 18 
2007 238 19 
2008 732 19 
2009 65 18 
2010 -110 16 
2011 786 16 
2012 33 1 
2013 -216 2 
2014 756 22 
2015 0 7 
2016 438 6 
2017 520 22 
2018 0 13 
2019 238 18 
2020 732 18 
2021 0 14 
2022 -110 16 
2023 786 16 
2024 0 16 
2025 -216 2 
2026 756 22 
2027 0 17 
2028 438 11 
2029 520 22 
2030 0 23 
2031 238 17 
2032 732 18 
2033 0 15 
2034 -110 11 
2035 786 16 
2036 0 4 
2037 -216 3 
2038 756 23 
2039 0 5 
2040 0 6 
2041 0 9 
2042 0 10 
2043 438 11 
2044 520 21 
2045 958 16 
2046 1 21 
2047 -703 11 
2048 238 16 
2049 732 17 
2050 970 17 
2051 1 17 
2052 -715 16 
2053 110 6 
2054 786 11 
2055 896 11 
2056 1 10 
2057 -641 6 
2058 216 9 
2059 756 4 
2060 972 4 
2061 1 24 
2062 -717 4 
2063 0 16 
2064 0 6 
2065 -26 19 
2066 688 15 
2067 0 19 
2068 303 23 
2069 599 23 
2070 0 18 
2071 -15 3 
2072 365 13 
2073 0 13 
2074 -524 10 
2075 118 11 
2076 0 10 
2077 198 10 
2078 -198 11 
2079 198 11 
2080 155 15 
2081 -155 16 
2082 155 15 
2083 180 12 
2084 -180 12 
2085 180 7 
2086 84 15 
2087 -84 23 
2088 84 14 
2089 155 6 
2090 -198 11 
2091 508 6 
2092 180 1 
2093 -155 21 
2094 515 20 
2095 84 20 
2096 -180 17 
2097 348 12 
2098 17 2 
2099 -84 3 
2100 118 8 
2101 180 22 
2102 -18 16 
2103 688 16 
2104 84 22 
2105 -71 21 
2106 599 20 
2107 17 22 
2108 -163 22 
2109 365 12 
2110 0 11 
2111 -84 8 
2112 118 8 
2113 65 14 
2114 -148 15 
2115 688 15 
2116 33 23 
2117 -137 22 
2118 599 21 
2119 61 10 
2120 -285 17 
2121 365 12 
2122 220 19 
2123 -524 13 
2124 118 8 
2125 33 18 
2126 -148 19 
2127 688 15 
2128 61 22 
2129 -137 22 
2130 599 22 
2131 220 13 
2132 -285 18 
2133 365 12 
2134 135 14 
2135 -524 14 
2136 118 13 
2137 61 14 
2138 -26 14 
2139 688 10 
2140 220 14 
2141 303 23 
2142 599 17 
2143 135 14 
2144 -15 18 
2145 365 13 
2146 0 12 
2147 -524 14 
2148 118 13 
2149 0 18 
2150 -26 19 
2151 688 15 
2152 0 20 
2153 303 23 
2154 599 22 
2155 0 21 
2156 -15 23 
2157 365 13 
2158 0 22 
2159 -524 14 
2160 118 12 
2161 0 24 
2162 -26 19 
2163 688 20 
2164 0 1 
2165 303 23 
2166 599 22 
2167 0 3 
2168 -15 3 
2169 365 13 
2170 0 7 
2171 -524 14 
2172 118 12 
2173 0 8 
2174 0 13 
2175 0 14 
2176 0 16 
2177 26 14 
2178 688 20 
2179 714 19 
2180 1 14 
2181 -459 15 
2182 303 23 
2183 599 18 
2184 902 18 
2185 1 17 
2186 -647 19 
2187 15 8 
2188 365 12 
2189 380 13 
2190 1 12 
2191 -125 14 
2192 524 10 
2193 118 16 
2194 642 11 
2195 1 10 
2196 -387 5 
2197 0 18 
2198 0 13 
