OP_Num 6027
Input_OP_Num 259
Output_OP_Num 12
IM_OP_Num 5756
IMOUT_OP_Num 0
Average_Input_Degree 2.2982
Average_Output_Degree 2.20382
Avg_OP_Pri 23.7621
Pri_Level 13
Pri_Distr 12 24 60 168 504 1000 500 1500 500 1000 129 501 129 
OP_Ready_List 1000 1000 999 998 998 998 997 996 996 996 995 995 995 995 994 993 992 992 992 992 992 991 990 989 989 989 988 987 987 987 986 985 985 985 985 985 985 984 984 984 984 983 982 981 980 979 978 978 978 977 977 977 977 976 976 976 976 976 976 976 975 974 974 973 972 971 970 969 968 968 968 968 967 966 966 966 966 966 966 965 964 963 962 961 960 959 958 957 957 956 955 955 955 954 954 954 954 954 954 954 953 953 953 953 952 951 951 951 951 950 950 949 949 949 949 949 948 947 946 945 944 944 944 944 943 942 942 942 941 941 940 940 940 940 939 938 938 938 938 938 937 936 936 936 936 935 934 933 933 932 931 931 931 931 930 930 930 929 928 927 926 925 924 924 924 924 924 924 924 923 922 921 920 919 918 918 918 918 918 917 916 915 915 914 914 914 914 913 912 911 911 911 910 910 909 908 908 908 908 908 908 908 908 908 908 908 908 908 908 908 908 908 908 908 908 908 907 907 907 907 906 905 905 904 904 903 903 903 903 903 903 903 903 903 903 903 902 902 902 901 900 899 898 898 897 896 896 896 895 894 894 894 894 894 894 894 894 894 894 894 893 893 892 892 892 891 890 890 891 891 890 889 888 888 887 886 886 886 886 886 885 885 884 883 883 883 883 883 882 881 881 881 881 881 881 881 881 881 880 880 879 878 878 878 878 878 877 876 875 875 875 875 875 874 873 873 873 873 873 873 872 871 871 871 870 869 869 869 869 869 868 868 867 866 865 864 863 862 862 861 860 859 858 857 857 857 857 857 857 857 857 857 856 855 855 855 855 855 855 855 855 854 854 854 854 853 853 853 852 852 851 850 850 849 848 848 848 848 848 848 848 847 847 847 847 847 846 845 844 844 844 844 844 844 843 844 844 843 843 842 842 841 840 840 840 839 839 839 839 839 838 837 836 835 834 834 834 834 834 833 832 831 830 829 829 829 829 828 828 828 828 827 826 826 826 826 825 824 824 824 823 822 821 821 821 821 820 820 819 818 817 816 816 816 816 815 815 815 815 815 814 814 813 812 812 812 812 812 812 813 813 816 815 814 813 813 812 812 811 810 810 809 809 808 807 807 807 807 807 807 807 807 806 805 804 803 802 801 801 801 801 801 801 801 800 799 799 799 799 798 797 797 796 796 796 796 796 796 795 794 793 793 793 793 793 793 793 793 793 793 793 793 793 792 792 791 790 790 790 790 789 789 789 788 787 787 786 785 785 785 784 783 782 782 782 781 781 781 780 780 780 780 779 778 777 776 776 776 776 775 775 774 773 773 772 771 770 770 769 769 769 769 769 768 767 766 765 765 765 765 765 765 765 765 764 764 763 763 762 762 762 761 761 761 760 759 758 758 757 756 755 755 755 755 755 754 754 754 754 753 752 751 751 751 750 749 749 749 748 748 747 747 746 746 746 746 745 744 744 743 742 741 740 739 738 738 738 738 738 737 736 735 734 734 734 734 734 734 734 734 733 733 733 732 732 731 731 730 730 730 730 731 731 731 731 732 731 730 730 730 730 730 730 730 730 730 730 729 728 727 726 725 725 724 724 724 724 723 722 721 720 720 719 718 718 718 718 718 717 716 715 714 714 714 713 712 712 712 712 712 711 710 710 709 709 709 709 709 709 709 709 709 708 707 707 707 707 707 707 707 707 707 706 705 704 704 703 702 701 700 699 699 699 699 698 697 696 695 695 695 695 695 695 695 695 695 694 693 692 691 691 690 690 690 689 689 688 688 688 688 688 688 688 688 688 688 688 687 686 685 685 684 683 682 682 682 682 682 682 682 682 681 681 681 681 681 680 679 678 677 676 676 676 676 676 676 676 676 676 676 675 674 673 672 672 672 671 671 670 670 670 670 669 669 669 669 668 668 668 667 667 667 666 666 665 664 663 663 662 662 662 662 662 662 662 662 661 660 659 659 658 657 656 655 654 653 652 652 652 652 652 652 652 652 652 651 654 653 652 651 650 649 648 649 649 648 647 647 647 647 647 647 647 647 646 645 645 644 644 643 642 641 640 639 639 639 639 639 638 638 638 637 636 635 635 635 635 635 635 634 633 633 632 631 631 631 631 631 631 630 630 630 630 630 629 628 627 627 627 628 627 626 626 626 626 626 625 624 623 623 622 621 620 620 620 619 619 619 618 618 618 618 618 618 618 619 619 618 617 617 617 616 615 614 613 612 612 611 610 609 608 607 606 607 606 605 604 603 602 601 601 601 601 601 601 601 601 601 601 601 600 599 598 597 597 597 597 597 597 597 597 597 597 597 597 597 597 597 597 597 597 597 597 596 595 594 593 593 593 593 593 593 593 592 592 591 590 589 588 587 586 586 586 586 586 586 586 586 586 586 586 586 586 585 584 584 583 583 584 583 582 581 580 580 580 579 579 579 578 579 578 577 576 575 575 576 575 574 573 572 571 570 569 568 568 567 567 566 565 564 564 564 564 564 564 564 564 564 564 564 563 563 563 563 563 562 561 560 559 558 557 556 555 554 553 553 553 552 551 550 550 550 550 550 550 550 550 550 550 550 550 550 550 549 549 549 549 548 547 546 546 546 545 545 544 543 542 541 540 540 540 540 540 540 539 539 538 538 538 537 537 537 537 536 536 536 535 535 534 533 532 532 531 531 531 531 530 529 529 529 528 528 528 527 527 526 525 525 525 525 525 528 527 526 525 524 523 522 521 520 519 519 519 519 519 519 519 518 517 517 516 515 514 514 514 513 512 511 511 511 511 510 510 510 510 510 510 509 509 508 507 506 506 506 506 506 506 505 504 504 504 503 503 502 502 502 502 501 501 501 500 499 499 499 499 499 498 498 498 497 496 496 495 494 494 493 492 491 490 490 489 489 489 489 489 489 488 487 486 486 486 486 485 484 483 483 482 482 482 482 481 481 480 480 480 480 479 478 477 477 477 477 477 476 476 476 475 474 473 473 473 473 473 473 473 473 473 473 473 473 472 472 472 472 472 472 472 471 471 470 470 469 469 468 467 466 466 466 466 465 465 464 463 462 462 462 462 462 461 461 460 459 459 458 458 458 458 458 458 457 456 456 455 455 455 455 455 455 455 455 454 453 453 453 452 452 451 450 450 450 449 448 447 447 447 447 447 447 447 446 446 445 444 443 443 443 443 443 443 443 443 443 443 443 442 443 443 443 443 443 443 443 443 443 443 443 443 443 443 443 443 443 443 443 443 443 443 443 443 443 442 442 442 442 445 445 445 445 445 445 444 444 444 444 444 444 443 444 443 442 441 440 441 441 440 439 440 439 438 437 436 437 437 437 436 436 436 436 435 435 435 435 435 435 434 433 433 433 433 433 432 433 433 433 433 433 433 433 433 433 433 433 433 433 433 433 433 433 432 431 432 432 431 431 431 431 431 431 431 431 431 432 431 430 429 432 431 432 432 432 431 430 429 428 427 426 425 424 423 424 423 422 421 421 421 422 421 421 421 421 421 421 421 420 420 420 419 418 417 416 415 414 413 412 413 416 415 414 413 412 415 414 413 412 411 410 409 410 409 408 411 410 409 408 407 408 407 408 409 410 411 412 413 412 415 414 413 414 413 412 411 410 410 409 409 408 407 407 407 407 407 406 406 406 405 405 405 404 403 402 401 400 399 398 398 398 398 398 397 400 399 398 398 398 398 398 398 398 398 398 398 398 398 398 397 396 396 396 396 396 397 396 395 396 396 396 395 394 394 394 394 394 394 394 393 393 393 392 391 390 389 389 389 388 388 388 388 388 388 388 393 393 393 392 391 391 391 391 391 392 392 392 392 391 394 394 394 394 394 394 394 394 394 394 394 394 393 392 393 394 395 398 403 402 401 400 399 398 398 397 397 397 397 396 396 395 395 394 393 393 394 393 392 391 391 391 391 391 391 391 391 391 391 390 391 390 391 390 389 388 387 388 387 387 387 387 387 387 387 386 385 385 385 385 385 385 385 385 385 384 384 383 382 381 380 383 382 381 384 383 382 381 380 379 378 377 376 375 374 373 372 375 374 373 378 377 376 375 375 375 375 374 375 375 374 373 373 373 372 377 376 377 377 377 376 375 376 376 376 376 377 376 376 377 376 375 375 374 377 376 376 376 375 374 373 374 373 373 374 374 375 375 374 373 372 373 372 371 370 373 372 371 370 369 368 367 366 367 370 369 368 367 368 367 366 367 366 367 366 365 364 363 364 363 364 367 368 367 366 365 368 369 372 371 370 373 376 375 374 373 372 371 370 371 370 369 368 367 368 371 370 369 368 371 370 371 370 373 372 371 370 369 370 371 370 369 370 369 368 367 366 367 366 365 364 363 364 363 366 365 364 363 362 361 360 359 358 357 360 361 362 361 360 363 364 363 362 367 370 373 372 371 370 369 370 369 368 367 366 365 364 363 362 361 360 359 358 357 356 355 354 353 352 351 354 355 358 357 356 355 358 357 356 355 354 353 352 351 350 349 348 347 346 345 344 343 342 342 342 342 342 341 340 339 338 339 338 337 340 339 338 337 336 335 334 333 332 331 330 329 330 329 328 329 328 327 326 325 324 323 324 323 322 321 320 321 320 319 318 317 316 315 314 313 312 311 312 313 312 311 310 311 310 309 308 307 310 309 310 309 308 307 306 311 310 309 309 309 309 310 309 308 311 310 309 309 308 307 308 307 306 305 310 309 314 315 315 315 314 313 313 313 314 313 312 311 310 311 310 309 310 309 308 311 310 309 308 307 308 313 312 315 320 323 324 323 323 322 323 328 328 327 326 326 326 326 327 326 325 326 325 324 323 324 323 324 323 322 325 324 323 322 321 320 319 320 321 320 319 319 318 318 318 318 317 316 315 314 313 312 311 310 310 310 310 309 308 308 308 308 307 308 307 306 307 307 306 305 306 305 304 303 302 305 304 303 302 301 306 306 307 306 307 306 306 305 304 304 303 302 303 304 303 302 305 304 303 304 304 303 302 301 302 301 300 301 300 301 300 299 298 299 298 297 296 295 294 293 296 299 298 297 296 295 296 295 294 293 292 291 290 289 288 287 286 285 286 285 284 287 286 285 284 283 288 287 287 286 286 287 288 287 286 291 290 290 291 292 297 296 296 299 300 299 298 297 296 295 294 293 292 291 291 291 290 289 292 293 292 291 290 289 288 288 288 289 289 289 288 288 287 286 286 287 286 285 284 285 284 287 286 287 286 287 286 285 284 283 282 281 282 281 280 279 278 277 278 277 276 275 274 273 272 275 274 277 276 277 280 279 278 277 276 275 274 273 272 277 278 281 282 281 280 280 279 278 277 276 275 274 273 272 271 270 270 270 270 275 276 275 274 273 272 271 270 270 269 268 271 272 272 272 272 273 272 271 270 269 270 271 270 269 268 267 266 265 264 263 262 263 262 261 262 261 260 259 260 259 258 263 263 262 263 263 262 261 262 261 261 261 262 261 260 261 260 259 258 257 258 257 256 255 256 255 254 253 254 255 254 253 252 251 256 255 254 253 253 253 253 256 256 255 254 253 252 251 252 253 252 257 256 256 255 254 253 253 253 253 254 253 252 251 254 253 252 253 252 251 250 253 252 251 250 249 248 247 246 251 252 251 250 249 249 254 254 253 253 252 252 251 252 251 250 251 250 249 249 249 250 249 248 248 247 246 246 247 246 245 250 249 250 249 248 248 247 247 246 246 246 245 250 250 250 253 252 251 251 251 252 251 250 251 256 255 255 254 254 253 252 251 250 250 250 251 250 249 248 247 250 249 248 249 248 247 246 251 250 249 249 249 248 248 248 249 248 247 246 247 246 245 244 247 248 247 246 247 246 245 244 243 242 241 240 239 244 244 243 243 242 242 243 242 242 241 240 241 240 239 240 241 240 239 238 237 240 239 242 243 242 241 240 241 240 239 238 237 236 235 234 233 236 241 240 239 238 237 236 235 234 234 234 234 234 239 240 239 238 238 238 237 236 236 236 241 240 239 239 239 239 239 240 239 238 239 238 239 238 237 238 237 236 235 238 239 238 237 236 235 236 235 234 233 232 231 232 231 230 231 230 235 235 235 234 234 233 233 232 233 232 231 234 233 234 233 232 231 230 229 230 229 228 231 232 231 230 231 236 235 234 233 232 231 230 229 228 229 228 228 228 227 227 227 232 231 231 231 230 230 230 231 230 229 228 229 232 231 232 231 230 229 228 227 226 225 228 227 230 229 228 233 232 232 231 230 230 230 229 228 228 233 232 231 231 231 230 229 229 234 234 234 233 234 233 232 231 231 231 231 236 235 234 234 234 234 234 235 236 237 236 235 234 235 234 233 232 233 232 231 232 231 230 233 234 233 232 231 230 229 228 227 226 227 226 225 230 230 230 230 229 228 228 233 236 235 235 234 233 232 232 231 230 231 230 229 230 229 229 229 228 231 234 233 232 231 230 229 228 227 228 227 226 227 226 227 226 225 230 229 228 228 228 228 228 229 228 227 226 227 226 225 224 225 224 223 226 227 226 225 228 229 230 229 228 227 226 225 224 223 222 221 222 221 220 219 218 217 218 217 216 219 222 221 220 219 218 217 216 215 218 217 216 215 214 213 214 219 219 218 218 218 217 217 222 221 221 220 220 220 219 218 218 221 222 221 220 221 220 219 218 217 218 217 216 217 216 215 216 215 214 219 218 217 217 216 216 216 216 217 216 215 214 213 212 217 217 218 217 216 217 216 215 214 213 213 213 213 214 213 212 213 212 211 212 211 210 211 210 209 210 209 208 209 208 207 208 207 206 207 206 205 208 209 210 209 208 207 206 211 210 211 210 209 208 207 206 209 209 209 209 208 208 213 214 213 212 212 211 210 210 210 210 209 208 209 208 207 208 207 208 207 206 205 206 205 204 203 202 205 204 203 202 201 206 206 206 207 206 205 206 205 204 203 202 202 203 202 201 202 202 201 200 201 200 199 200 199 198 203 203 202 202 201 201 201 202 201 200 203 202 201 200 199 200 199 198 197 198 197 196 197 196 195 194 196 196 196 201 200 201 200 200 199 199 198 197 197 197 198 199 198 197 196 195 197 197 197 198 197 196 197 196 195 196 199 202 201 200 199 198 197 196 195 194 199 198 197 196 197 196 195 195 195 194 193 193 193 196 195 194 195 194 193 192 191 190 191 190 191 190 189 188 189 188 187 192 192 191 191 191 190 190 191 190 189 192 193 192 191 194 193 192 191 190 191 190 189 192 191 190 189 188 191 190 189 188 187 192 192 192 191 190 190 190 191 190 189 190 189 188 189 188 187 186 187 186 185 184 183 182 183 182 181 184 185 184 183 184 183 182 183 182 181 180 179 178 177 180 179 178 177 176 179 178 177 176 175 180 179 179 178 178 178 178 180 180 181 180 180 179 184 189 189 188 187 187 186 186 186 185 185 185 185 185 186 185 184 185 188 187 186 185 184 183 184 183 182 183 182 181 182 181 180 179 182 181 182 181 180 179 180 179 178 179 178 177 176 178 177 177 177 178 177 176 181 182 181 181 180 179 179 179 179 178 183 182 182 181 180 180 180 180 185 184 183 183 183 184 183 182 182 187 187 188 187 186 186 185 190 190 189 188 188 187 187 187 187 187 188 187 186 186 187 186 185 186 185 184 185 188 187 186 185 184 183 184 183 182 185 184 183 182 183 184 183 182 181 180 179 178 179 178 177 178 177 176 177 176 175 180 179 179 178 178 178 178 179 178 177 182 183 182 181 181 181 181 181 182 181 180 181 180 179 178 177 178 177 176 178 178 178 177 176 181 181 182 181 180 180 179 179 178 178 179 178 177 180 181 180 179 178 177 178 177 176 175 174 179 180 179 182 181 182 181 180 179 178 177 176 176 176 175 174 174 174 175 180 179 178 177 176 176 176 176 176 179 180 179 178 181 180 179 178 177 180 179 180 179 178 177 176 177 176 175 174 173 172 171 172 171 170 169 172 171 170 169 168 171 170 169 168 167 170 169 168 167 166 167 166 165 166 165 164 165 164 165 164 163 164 163 162 161 162 161 160 165 166 165 166 165 164 163 168 167 166 166 166 166 166 165 165 164 164 164 164 165 164 163 164 163 162 163 162 163 162 161 160 161 160 159 160 159 158 159 162 161 160 159 160 159 158 157 156 155 156 155 154 155 154 153 154 153 152 153 158 157 156 155 155 155 154 154 154 155 154 155 154 153 152 153 152 151 152 151 150 149 154 153 153 153 152 152 152 153 152 151 152 151 150 151 150 149 154 157 156 155 155 155 154 153 152 152 152 155 154 153 152 151 150 151 150 149 148 150 150 150 149 150 149 148 149 148 147 146 147 146 145 144 147 150 149 148 147 146 145 144 143 142 147 147 146 151 151 150 150 149 149 149 148 148 148 148 151 156 155 154 154 156 155 155 154 154 154 156 156 156 156 155 154 154 153 154 156 155 154 154 154 153 158 163 162 162 162 162 162 161 161 160 159 159 159 164 164 163 162 162 162 162 162 163 162 161 166 168 168 167 167 168 167 166 166 166 165 164 169 168 168 168 167 167 167 168 167 166 166 166 168 168 168 167 166 168 168 168 167 168 167 166 167 166 165 164 163 162 163 162 161 163 163 163 164 163 162 161 162 161 160 161 160 159 160 159 158 160 160 160 161 160 159 164 164 163 168 167 167 167 166 166 166 166 168 168 167 167 166 168 168 168 168 168 169 168 167 168 167 166 165 164 163 165 164 167 166 166 165 164 163 164 163 162 163 162 161 162 161 160 160 161 160 159 160 161 160 159 158 157 158 157 156 159 160 159 158 159 158 157 156 155 154 153 152 157 158 157 156 155 154 153 152 151 151 151 151 151 153 153 153 154 153 152 154 154 154 153 152 151 152 151 150 151 150 149 150 149 148 147 146 148 148 148 147 146 145 144 149 154 153 152 152 151 150 150 149 149 149 149 149 148 148 148 149 148 147 148 147 146 147 146 145 147 149 149 149 149 149 148 150 150 152 152 152 155 154 153 152 151 156 156 155 155 154 154 154 154 155 154 153 154 153 152 151 152 151 150 152 152 152 151 150 149 150 152 152 152 151 150 149 148 149 148 147 146 145 144 143 144 143 142 147 146 151 153 153 153 153 152 152 152 151 150 150 150 152 153 153 153 153 152 151 150 150 152 152 152 151 150 155 154 153 153 152 152 152 152 152 153 152 151 150 151 150 149 150 149 148 149 148 147 148 147 146 145 146 145 144 143 146 145 144 143 142 145 144 143 142 141 146 146 145 144 143 143 144 143 142 142 142 147 147 147 146 145 145 145 146 145 144 143 142 141 146 147 146 145 146 145 144 143 143 142 143 142 141 142 141 140 139 141 141 141 140 140 140 140 142 142 142 144 144 144 143 145 145 145 147 147 146 146 145 148 147 146 145 144 149 148 147 150 149 150 149 148 147 148 147 146 146 145 144 143 142 141 141 141 141 140 139 140 139 138 137 136 137 136 135 140 139 139 138 138 138 138 139 138 137 138 137 136 138 138 138 137 142 143 143 143 142 141 141 141 140 139 138 143 144 143 142 141 140 140 140 145 145 145 144 144 144 143 143 143 144 143 142 144 144 144 146 146 146 145 144 143 142 143 142 141 140 139 140 139 138 137 138 137 136 135 134 139 138 140 139 139 139 139 138 138 138 139 138 137 137 139 139 139 138 137 136 138 138 138 137 140 139 138 137 136 135 136 135 134 137 138 137 136 135 134 133 132 131 132 131 133 132 132 132 133 132 131 132 131 132 131 130 129 128 133 132 131 131 130 130 130 130 131 130 129 130 129 128 130 131 131 131 130 129 128 127 126 125 128 127 126 127 126 125 124 123 128 127 127 126 126 126 126 127 126 125 126 125 124 125 124 123 124 123 122 124 124 124 126 126 126 127 126 125 124 126 125 126 125 124 126 126 126 125 125 125 126 125 124 123 122 121 120 121 120 119 118 117 116 117 116 115 120 119 118 117 116 117 116 115 117 117 117 118 117 116 117 117 116 115 115 114 114 113 113 114 113 112 111 110 109 114 114 113 113 112 112 112 114 114 114 113 115 115 115 117 116 116 116 115 114 113 114 113 112 113 112 111 114 116 116 116 115 114 116 116 116 115 114 113 112 111 112 111 110 111 110 109 108 110 112 112 112 111 111 111 110 109 108 113 112 111 110 109 109 109 111 111 111 113 113 113 114 113 112 111 110 109 110 112 111 111 111 111 111 110 109 108 107 109 109 109 110 109 108 110 110 110 109 111 110 109 109 109 108 107 106 109 108 107 106 105 110 110 109 108 108 108 108 107 106 108 108 108 107 106 105 107 107 107 109 109 109 110 109 108 107 106 107 106 105 104 106 106 106 111 110 110 110 110 109 109 110 109 108 109 111 111 110 110 109 108 109 108 107 109 109 109 108 107 106 107 106 105 104 103 104 103 102 103 102 101 100 99 101 101 101 103 103 103 108 107 106 105 104 104 103 103 102 102 102 104 104 104 104 103 108 108 108 107 106 106 106 108 108 108 111 110 109 110 109 108 113 112 114 114 114 113 113 113 113 112 111 111 110 109 108 107 106 105 107 107 107 106 107 106 105 104 103 104 103 102 101 106 106 111 111 110 110 109 109 108 110 110 109 109 108 107 106 106 106 106 106 109 111 111 111 110 109 108 107 112 111 112 111 110 109 109 109 109 109 111 111 111 110 115 114 113 113 113 113 113 115 115 115 120 119 121 121 121 120 119 119 119 118 117 117 117 116 121 121 120 119 119 119 119 121 121 121 120 119 118 120 120 120 119 118 117 119 120 119 118 118 118 123 122 121 123 123 123 125 125 125 125 124 123 125 125 125 124 126 126 126 126 125 124 125 124 123 122 122 121 121 120 119 119 121 121 123 123 123 123 123 124 124 123 122 123 122 121 122 121 120 119 119 119 118 117 116 115 114 113 112 111 113 113 113 112 111 116 115 115 114 114 114 114 119 118 118 117 117 117 117 117 122 123 122 122 121 120 119 118 117 119 119 119 118 117 117 116 116 116 116 115 115 116 115 114 115 114 113 112 111 110 112 112 112 111 110 112 112 112 114 114 114 113 113 112 111 110 110 109 108 109 108 107 109 109 109 108 107 107 106 105 107 107 107 107 106 105 104 103 102 101 103 103 103 102 101 101 100 100 102 104 104 104 103 104 103 103 103 103 102 102 101 100 99 101 101 101 100 99 99 99 98 97 99 99 99 98 98 97 102 102 101 101 100 99 99 99 101 101 101 100 99 98 97 99 99 99 98 100 100 100 99 98 97 98 97 96 95 94 93 92 91 93 93 93 92 91 90 92 92 92 91 90 89 88 90 90 90 90 90 89 91 91 91 91 90 89 89 88 87 89 89 89 94 93 92 91 91 91 91 91 93 93 93 95 95 95 95 97 96 96 96 96 96 96 95 94 99 99 99 98 97 97 97 98 99 98 99 98 97 96 95 94 96 96 95 94 94 93 95 95 95 95 95 94 96 98 98 98 98 98 97 96 96 95 94 93 93 95 95 95 100 100 100 99 98 98 98 97 102 102 102 101 100 100 100 102 102 102 102 101 102 101 100 102 102 102 104 104 104 104 104 103 102 104 106 106 106 106 106 105 105 104 103 102 107 107 106 105 105 105 105 107 107 107 106 105 110 110 109 108 108 108 108 110 110 110 109 111 111 111 110 109 111 111 111 110 112 114 114 114 116 116 116 116 116 116 115 115 114 115 114 113 115 115 115 115 115 117 117 117 116 116 115 114 113 113 113 113 112 111 110 112 112 112 111 110 110 109 108 110 110 110 112 112 112 111 110 110 109 114 116 115 115 114 114 114 114 114 114 116 118 118 118 118 118 118 118 117 116 116 115 114 114 114 116 116 116 116 116 115 114 114 113 112 114 114 114 114 113 113 112 112 111 110 110 109 108 107 107 107 106 105 104 104 105 104 103 105 105 104 106 106 106 105 104 104 104 104 103 102 101 100 100 100 99 99 98 100 100 100 100 99 99 98 97 97 96 98 98 98 98 97 96 98 98 98 97 97 97 97 96 95 95 94 94 93 92 91 93 92 92 92 92 91 93 93 93 92 91 90 90 89 89 94 94 94 93 92 91 91 91 90 90 90 90 92 92 92 92 91 93 93 93 95 95 95 94 94 93 92 91 90 92 92 92 92 91 91 90 89 88 87 86 86 85 87 86 86 86 86 86 88 88 88 87 86 85 85 84 83 85 85 85 85 84 84 83 83 82 82 81 80 82 82 82 82 81 80 79 81 81 81 83 83 83 82 82 81 82 81 80 80 79 79 81 81 81 80 79 79 78 80 80 80 79 78 77 79 79 79 78 77 79 79 79 78 78 77 77 77 76 76 75 74 74 73 72 71 73 73 73 73 75 75 75 75 75 75 75 75 75 75 74 73 73 73 72 71 71 70 69 71 71 71 71 71 70 70 69 69 68 67 66 68 68 68 68 68 68 67 67 66 66 66 68 68 68 68 68 68 67 67 66 66 66 66 66 65 64 63 62 62 61 61 60 60 59 58 58 57 56 55 55 54 54 53 52 51 51 50 50 50 49 49 48 48 48 47 47 47 47 47 47 47 49 49 49 49 49 49 49 49 48 48 48 47 46 45 45 44 43 42 44 44 44 44 44 44 43 42 42 44 44 44 44 43 42 42 41 41 41 41 41 41 41 41 40 39 39 41 41 41 41 41 41 41 41 40 40 39 38 38 38 38 38 38 38 37 37 36 35 35 34 34 34 34 36 36 36 36 36 36 35 35 34 34 34 34 34 33 33 32 32 32 31 30 30 30 30 29 29 29 29 29 28 30 30 30 29 29 29 29 28 27 27 27 27 27 26 26 26 25 25 24 24 23 23 22 22 22 22 21 20 20 19 19 19 19 19 18 18 18 18 18 17 16 16 15 15 15 15 15 14 14 14 14 13 13 12 12 12 12 12 11 10 9 9 8 8 8 8 8 7 7 6 6 6 6 6 6 5 5 5 5 5 4 4 3 3 3 3 2 1 1 
Sim_Perf 1109
