0 0 -1 
1 3 0 
2 6 0 
3 7 0 
4 5 0 
5 3 0 
6 5 0 
7 6 0 
8 2 0 
9 9 0 
10 1 0 
11 2 0 
12 7 0 
13 0 0 
14 9 0 
15 3 0 
16 6 0 
17 0 0 
18 6 0 
19 2 0 
20 6 0 
21 1 0 
22 8 0 
23 7 0 
24 9 0 
25 2 0 
26 0 0 
27 2 0 
28 3 0 
29 7 0 
30 5 0 
31 9 0 
32 2 0 
33 2 0 
34 8 0 
35 9 0 
36 7 0 
37 3 0 
38 6 0 
39 1 0 
40 2 0 
41 9 0 
42 3 0 
43 1 0 
44 9 0 
45 4 0 
46 7 0 
47 8 0 
48 4 0 
49 5 0 
50 0 0 
51 3 0 
52 6 0 
53 1 0 
54 0 0 
55 6 0 
56 3 0 
57 2 0 
58 0 0 
59 6 0 
60 1 0 
61 5 0 
62 5 0 
63 4 0 
64 7 0 
65 6 0 
66 5 0 
67 6 0 
68 9 0 
69 3 0 
70 7 0 
71 4 0 
72 5 0 
73 2 0 
74 5 0 
75 4 0 
76 7 0 
77 4 0 
78 4 0 
79 3 0 
80 0 0 
81 7 0 
82 8 0 
83 6 0 
84 8 0 
85 8 0 
86 4 0 
87 3 0 
88 1 0 
89 4 0 
90 9 0 
91 2 0 
92 0 0 
93 6 0 
94 8 0 
95 9 0 
96 2 0 
97 6 0 
98 6 0 
99 4 0 
100 9 0 
101 5 0 
102 0 0 
103 4 0 
104 8 0 
105 7 0 
106 1 0 
107 7 0 
108 2 0 
109 7 0 
110 2 0 
111 2 0 
112 6 0 
113 1 0 
114 0 0 
115 6 0 
116 1 0 
117 5 0 
118 9 0 
119 4 0 
120 9 0 
121 0 0 
122 9 0 
123 1 0 
124 7 0 
125 7 0 
126 1 0 
127 1 0 
128 5 0 
129 9 0 
130 7 0 
131 7 0 
132 6 0 
133 7 0 
134 3 0 
135 6 0 
136 5 0 
137 6 0 
138 3 0 
139 9 0 
140 4 0 
141 8 0 
142 1 0 
143 2 0 
144 9 0 
145 3 0 
146 9 0 
147 0 0 
148 8 0 
149 8 0 
150 5 0 
151 0 0 
152 9 0 
153 6 0 
154 3 0 
155 8 0 
156 5 0 
157 6 0 
158 1 0 
159 1 0 
160 5 0 
161 9 0 
162 8 0 
163 4 0 
164 8 0 
165 1 0 
166 0 0 
167 3 0 
168 0 0 
169 4 0 
170 4 0 
171 4 0 
172 4 0 
173 7 0 
174 6 0 
175 3 0 
176 1 0 
177 7 0 
178 5 0 
179 9 0 
180 6 0 
181 2 0 
182 1 0 
183 7 0 
184 8 0 
185 5 0 
186 7 0 
187 4 0 
188 1 0 
189 8 0 
190 5 0 
191 9 0 
192 7 0 
193 5 0 
194 3 0 
195 8 0 
196 8 0 
197 3 0 
198 1 0 
199 8 0 
200 9 0 
201 175 0 
202 249 1 
203 202 2 
204 265 2 
205 250 0 
206 166 1 
207 189 2 
208 159 0 
209 304 0 
210 259 1 
211 193 0 
212 221 3 
213 206 2 
214 158 0 
215 243 3 
216 179 0 
217 207 2 
218 162 0 
219 271 2 
220 248 3 
221 189 0 
222 237 1 
223 189 2 
224 207 1 
225 250 0 
226 171 1 
227 178 3 
228 179 0 
229 330 2 
230 275 3 
231 248 0 
232 213 1 
233 227 2 
234 286 3 
235 262 3 
236 198 1 
237 226 0 
238 182 0 
239 330 2 
240 233 3 
241 244 0 
242 233 3 
243 248 2 
244 291 2 
245 255 0 
246 168 0 
247 247 2 
248 141 0 
249 312 0 
250 224 0 
251 114 0 
252 107 3 
253 104 2 
254 161 3 
255 146 2 
256 129 0 
257 103 0 
258 123 0 
259 169 3 
260 159 3 
261 291 0 
262 295 1 
263 263 2 
264 305 2 
265 297 2 
266 214 0 
267 250 0 
268 204 2 
269 392 0 
270 322 0 
271 155 0 
272 196 3 
273 173 2 
274 198 2 
275 201 2 
276 132 0 
277 179 0 
278 140 1 
279 226 2 
280 197 3 
281 291 0 
282 289 0 
283 230 0 
284 295 0 
285 341 0 
286 254 0 
287 226 2 
288 226 3 
289 400 0 
290 339 3 
291 305 0 
292 268 3 
293 239 2 
294 312 3 
295 263 2 
296 245 0 
297 183 3 
298 175 0 
299 396 0 
300 294 2 
301 15 0 
302 27 0 
303 27 0 
304 62 0 
305 86 0 
306 86 0 
307 140 0 
308 148 0 
309 166 0 
310 0 1 
311 36 1 
312 99 1 
313 129 1 
314 132 1 
315 177 1 
316 225 1 
317 233 1 
318 242 1 
319 12 2 
320 18 2 
321 25 2 
322 60 2 
323 66 2 
324 96 2 
325 120 2 
326 134 2 
327 197 2 
328 24 3 
329 24 3 
330 73 3 
331 88 3 
332 115 3 
333 130 3 
334 178 3 
335 190 3 
336 262 3 
337 21 0 
338 57 0 
339 106 0 
340 136 0 
341 145 0 
342 185 0 
343 191 0 
344 197 0 
345 242 0 
346 3 1 
347 9 1 
348 16 1 
349 41 1 
350 68 1 
351 93 1 
352 93 1 
353 95 1 
354 158 1 
355 21 2 
356 51 2 
357 58 2 
358 88 2 
359 88 2 
360 118 2 
361 136 2 
362 150 2 
363 186 2 
364 6 3 
365 60 3 
366 95 3 
367 110 3 
368 134 3 
369 139 3 
370 139 3 
371 149 3 
372 158 3 
373 21 0 
374 45 0 
375 108 0 
376 153 0 
377 177 0 
378 182 0 
379 206 0 
380 224 0 
381 296 0 
382 6 1 
383 60 1 
384 109 1 
385 129 1 
386 144 1 
387 169 1 
388 193 1 
389 205 1 
390 250 1 
391 10 0 
392 24 0 
393 24 0 
394 87 0 
395 111 0 
396 111 0 
397 111 0 
398 135 0 
399 139 0 
400 0 1 
401 42 1 
402 42 1 
403 96 1 
404 99 1 
405 153 3 
406 153 3 
407 177 3 
408 179 3 
409 8 2 
410 15 2 
411 15 2 
412 78 2 
413 84 2 
414 120 2 
415 120 2 
416 162 2 
417 176 2 
418 16 3 
419 16 3 
420 16 3 
421 43 3 
422 70 3 
423 88 3 
424 88 3 
425 124 3 
426 140 3 
427 14 2 
428 56 2 
429 56 2 
430 110 2 
431 119 2 
432 167 2 
433 167 3 
434 185 3 
435 195 3 
436 2 0 
437 9 0 
438 9 0 
439 54 0 
440 81 0 
441 111 0 
442 111 0 
443 117 0 
444 131 0 
445 14 2 
446 49 2 
447 49 2 
448 103 2 
449 103 2 
450 139 2 
451 139 2 
452 181 2 
453 189 2 
454 4 3 
455 67 3 
456 67 3 
457 94 3 
458 118 3 
459 124 1 
460 124 1 
461 154 1 
462 156 1 
463 14 2 
464 42 2 
465 42 2 
466 123 2 
467 147 2 
468 153 2 
469 153 2 
470 207 2 
471 223 2 
472 4 1 
473 67 1 
474 67 1 
475 103 1 
476 118 1 
477 148 1 
478 148 1 
479 184 1 
480 194 1 
481 5 0 
482 21 0 
483 21 0 
484 84 0 
485 100 0 
486 100 0 
487 118 0 
488 130 0 
489 144 0 
490 0 1 
491 48 1 
492 111 1 
493 165 1 
494 167 1 
495 167 1 
496 183 1 
497 195 1 
498 202 1 
499 4 2 
500 12 2 
501 19 2 
502 82 2 
503 86 2 
504 86 2 
505 94 2 
506 115 2 
507 164 2 
508 8 3 
509 8 3 
510 57 3 
511 84 3 
512 102 3 
513 102 3 
514 118 3 
515 136 3 
516 192 3 
517 7 0 
518 55 0 
519 104 0 
520 158 0 
521 164 0 
522 164 0 
523 166 0 
524 175 0 
525 210 0 
526 1 1 
527 9 1 
528 16 1 
529 61 1 
530 79 1 
531 79 1 
532 79 1 
533 82 1 
534 131 1 
535 7 2 
536 47 3 
537 54 3 
538 108 3 
539 108 3 
540 108 3 
541 114 3 
542 135 3 
543 163 3 
544 2 3 
545 74 3 
546 109 3 
547 136 3 
548 152 3 
549 152 1 
550 152 1 
551 167 1 
552 174 1 
553 7 0 
554 39 2 
555 102 2 
556 183 2 
557 199 2 
558 199 2 
559 207 2 
560 234 2 
561 290 2 
562 2 1 
563 74 1 
564 123 1 
565 159 1 
566 169 1 
567 169 1 
568 177 1 
569 195 1 
570 230 1 
571 45 0 
572 49 0 
573 49 0 
574 105 0 
575 177 0 
576 177 0 
577 204 0 
578 228 0 
579 230 0 
580 0 1 
581 12 1 
582 30 1 
583 78 1 
584 87 1 
585 150 1 
586 174 1 
587 198 1 
588 199 1 
589 36 2 
590 38 2 
591 40 2 
592 96 2 
593 114 2 
594 156 2 
595 168 2 
596 210 2 
597 217 2 
598 72 3 
599 72 3 
600 86 3 
601 110 3 
602 191 3 
603 212 3 
604 236 3 
605 272 3 
606 280 3 
607 63 2 
608 75 2 
609 89 2 
610 137 2 
611 164 2 
612 220 2 
613 223 2 
614 241 2 
615 246 2 
616 9 1 
617 11 1 
618 13 1 
619 53 1 
620 134 1 
621 169 1 
622 169 1 
623 175 1 
624 182 1 
625 63 0 
626 73 0 
627 75 0 
628 123 0 
629 123 0 
630 165 0 
631 174 0 
632 216 0 
633 220 0 
634 18 3 
635 36 3 
636 46 3 
637 70 3 
638 142 3 
639 149 3 
640 149 3 
641 179 3 
642 180 3 
643 63 2 
644 71 2 
645 89 2 
646 161 2 
647 233 2 
648 240 2 
649 252 2 
650 306 2 
651 314 2 
652 18 1 
653 36 1 
654 50 1 
655 82 1 
656 127 1 
657 162 1 
658 174 1 
659 210 1 
660 215 1 
661 45 0 
662 51 0 
663 51 0 
664 114 0 
665 146 0 
666 146 0 
667 218 0 
668 234 0 
669 244 0 
670 0 1 
671 18 1 
672 27 1 
673 81 1 
674 85 1 
675 148 3 
676 212 3 
677 228 3 
678 233 3 
679 36 2 
680 39 2 
681 40 2 
682 103 2 
683 111 2 
684 153 2 
685 185 2 
686 213 2 
687 248 2 
688 72 3 
689 72 3 
690 79 3 
691 106 3 
692 142 3 
693 163 3 
694 227 3 
695 251 3 
696 291 3 
697 63 0 
698 81 0 
699 88 0 
700 142 0 
701 154 0 
702 210 0 
703 218 0 
704 230 0 
705 255 0 
706 9 0 
707 12 1 
708 13 1 
709 58 1 
710 94 1 
711 129 1 
712 129 1 
713 133 1 
714 168 1 
715 63 2 
716 78 2 
717 79 2 
718 133 2 
719 133 2 
720 175 2 
721 199 2 
722 227 2 
723 247 2 
724 18 3 
725 45 1 
726 50 1 
727 77 1 
728 109 1 
729 116 1 
730 116 1 
731 136 1 
732 141 1 
733 63 2 
734 75 3 
735 84 3 
736 165 3 
737 197 3 
738 204 2 
739 236 2 
740 272 2 
741 312 2 
742 18 0 
743 45 0 
744 52 0 
745 88 0 
746 108 0 
747 143 0 
748 175 0 
749 199 0 
750 224 0 
751 15 0 
752 27 0 
753 27 0 
754 27 0 
755 75 0 
756 75 0 
757 93 0 
758 93 0 
759 105 0 
760 0 1 
761 36 1 
762 45 1 
763 45 1 
764 51 1 
765 78 1 
766 94 1 
767 94 1 
768 100 1 
769 12 2 
770 18 2 
771 19 2 
772 19 2 
773 31 2 
774 49 2 
775 57 2 
776 57 2 
777 99 2 
778 24 3 
779 24 3 
780 31 3 
781 31 3 
782 85 3 
783 94 3 
784 110 3 
785 110 3 
786 158 3 
787 21 2 
788 57 2 
789 64 2 
790 64 2 
791 82 2 
792 106 2 
793 108 2 
794 108 2 
795 138 2 
796 3 1 
797 9 1 
798 10 1 
799 10 1 
800 64 1 
801 79 1 
802 79 1 
803 79 1 
804 121 1 
805 21 0 
806 51 0 
807 52 0 
808 52 0 
809 52 0 
810 70 0 
811 76 0 
812 76 0 
813 100 0 
814 6 3 
815 60 3 
816 65 3 
817 65 3 
818 113 3 
819 116 3 
820 116 3 
821 116 3 
822 122 3 
823 21 1 
824 45 3 
825 54 3 
826 54 3 
827 102 3 
828 105 3 
829 113 3 
830 113 3 
831 161 3 
832 6 1 
833 60 1 
834 67 1 
835 67 1 
836 97 1 
837 112 1 
838 120 1 
839 120 1 
840 150 1 
841 25 0 
842 35 0 
843 35 0 
844 84 0 
845 132 0 
846 132 0 
847 186 0 
848 222 0 
849 228 0 
850 0 1 
851 30 1 
852 66 1 
853 108 1 
854 114 1 
855 159 1 
856 207 1 
857 243 1 
858 246 1 
859 20 2 
860 25 2 
861 29 2 
862 78 2 
863 90 2 
864 120 2 
865 144 2 
866 207 2 
867 228 2 
868 40 3 
869 40 3 
870 68 3 
871 89 3 
872 143 3 
873 158 3 
874 206 3 
875 260 3 
876 284 3 
877 35 2 
878 65 2 
879 93 2 
880 135 2 
881 153 2 
882 193 2 
883 199 2 
884 226 2 
885 241 2 
886 5 0 
887 10 0 
888 14 0 
889 49 0 
890 103 0 
891 128 0 
892 128 0 
893 137 0 
894 158 0 
895 35 2 
896 60 2 
897 64 2 
898 106 2 
899 106 2 
900 136 2 
901 154 2 
902 217 2 
903 229 2 
904 10 3 
905 55 1 
906 75 1 
907 96 1 
908 144 1 
909 149 3 
910 149 3 
911 194 1 
912 197 3 
913 35 0 
914 55 0 
915 91 0 
916 154 0 
917 202 0 
918 207 0 
919 231 0 
920 312 0 
921 336 0 
922 10 1 
923 55 1 
924 83 1 
925 111 1 
926 141 1 
927 166 1 
928 190 1 
929 244 1 
930 259 1 
931 20 0 
932 30 0 
933 30 0 
934 65 0 
935 97 0 
936 97 0 
937 133 0 
938 149 0 
939 155 0 
940 0 1 
941 30 1 
942 48 1 
943 78 1 
944 82 1 
945 145 1 
946 177 1 
947 193 1 
948 196 1 
949 16 2 
950 21 2 
951 23 2 
952 58 2 
953 66 2 
954 108 2 
955 124 2 
956 152 2 
957 173 2 
958 32 3 
959 32 3 
960 46 3 
961 61 3 
962 97 3 
963 118 3 
964 150 3 
965 174 3 
966 198 3 
967 28 2 
968 58 2 
969 72 2 
970 102 2 
971 114 2 
972 170 2 
973 174 2 
974 186 2 
975 201 2 
976 4 1 
977 9 1 
978 11 1 
979 36 1 
980 72 1 
981 107 1 
982 107 1 
983 111 1 
984 132 1 
985 28 0 
986 53 0 
987 55 0 
988 85 0 
989 85 0 
990 127 0 
991 139 0 
992 167 0 
993 179 0 
994 8 3 
995 53 3 
996 63 3 
997 78 3 
998 110 3 
999 117 3 
1000 117 3 
1001 137 3 
1002 140 3 
1003 28 1 
1004 48 1 
1005 66 1 
1006 111 1 
1007 143 1 
1008 150 1 
1009 166 1 
1010 202 3 
1011 226 2 
1012 8 3 
1013 53 3 
1014 67 3 
1015 87 3 
1016 107 1 
1017 142 1 
1018 158 1 
1019 182 1 
1020 197 1 
1021 35 0 
1022 51 0 
1023 51 0 
1024 107 0 
1025 171 0 
1026 171 0 
1027 198 0 
1028 202 0 
1029 210 0 
1030 0 1 
1031 48 1 
1032 102 1 
1033 150 1 
1034 158 1 
1035 194 1 
1036 218 1 
1037 222 1 
1038 226 1 
1039 28 2 
1040 36 2 
1041 42 2 
1042 98 2 
1043 114 2 
1044 138 2 
1045 150 2 
1046 157 2 
1047 185 2 
1048 56 0 
1049 56 0 
1050 98 0 
1051 122 0 
1052 194 0 
1053 206 0 
1054 230 0 
1055 236 0 
1056 268 0 
1057 49 2 
1058 97 2 
1059 139 2 
1060 187 2 
1061 211 2 
1062 243 2 
1063 246 2 
1064 249 2 
1065 269 2 
1066 7 1 
1067 15 1 
1068 21 1 
1069 61 1 
1070 133 1 
1071 153 1 
1072 153 1 
1073 154 1 
1074 182 1 
1075 49 2 
1076 89 2 
1077 95 2 
1078 143 2 
1079 143 2 
1080 167 2 
1081 176 2 
1082 183 2 
1083 199 2 
1084 14 3 
1085 86 3 
1086 116 3 
1087 140 3 
1088 204 3 
1089 208 3 
1090 208 3 
1091 213 3 
1092 217 3 
1093 49 0 
1094 81 0 
1095 135 0 
1096 207 0 
1097 271 0 
1098 275 0 
1099 287 0 
1100 296 0 
1101 328 0 
1102 14 1 
1103 86 3 
1104 128 1 
1105 160 1 
1106 200 1 
1107 220 1 
1108 232 1 
1109 238 1 
1110 258 3 
1111 10 0 
1112 10 0 
1113 10 0 
1114 66 0 
1115 138 0 
1116 138 0 
1117 192 0 
1118 216 0 
1119 224 0 
1120 0 1 
1121 0 1 
1122 54 1 
1123 102 1 
1124 111 1 
1125 129 1 
1126 177 1 
1127 201 1 
1128 205 3 
1129 8 2 
1130 8 2 
1131 14 2 
1132 70 2 
1133 88 2 
1134 100 2 
1135 124 2 
1136 166 2 
1137 194 2 
1138 16 3 
1139 16 3 
1140 58 3 
1141 82 3 
1142 163 3 
1143 169 3 
1144 217 3 
1145 253 3 
1146 285 3 
1147 14 2 
1148 14 2 
1149 56 2 
1150 104 2 
1151 131 2 
1152 147 2 
1153 153 2 
1154 171 2 
1155 191 2 
1156 2 0 
1157 2 0 
1158 8 0 
1159 48 0 
1160 129 0 
1161 139 0 
1162 139 0 
1163 145 0 
1164 173 0 
1165 14 2 
1166 14 2 
1167 20 2 
1168 68 2 
1169 68 3 
1170 80 3 
1171 98 3 
1172 140 3 
1173 156 3 
1174 4 3 
1175 4 2 
1176 34 2 
1177 58 2 
1178 130 2 
1179 132 2 
1180 132 2 
1181 162 2 
1182 166 2 
1183 14 0 
1184 14 0 
1185 68 0 
1186 140 0 
1187 212 0 
1188 214 0 
1189 238 0 
1190 292 0 
1191 324 0 
1192 4 1 
1193 4 1 
1194 46 3 
1195 78 3 
1196 123 3 
1197 133 2 
1198 157 2 
1199 193 2 
1200 213 2 
