0 0 -1 
1 3 0 
2 6 0 
3 7 0 
4 5 0 
5 3 0 
6 5 0 
7 6 0 
8 2 0 
9 9 0 
10 1 0 
11 2 0 
12 7 0 
13 0 0 
14 9 0 
15 3 0 
16 6 0 
17 0 0 
18 6 0 
19 2 0 
20 6 0 
21 1 0 
22 8 0 
23 7 0 
24 9 0 
25 2 0 
26 0 0 
27 2 0 
28 3 0 
29 7 0 
30 5 0 
31 9 0 
32 2 0 
33 2 0 
34 8 0 
35 9 0 
36 7 0 
37 3 0 
38 6 0 
39 1 0 
40 2 0 
41 9 0 
42 3 0 
43 1 0 
44 9 0 
45 4 0 
46 7 0 
47 8 0 
48 4 0 
49 5 0 
50 0 0 
51 3 0 
52 6 0 
53 1 0 
54 0 0 
55 6 0 
56 3 0 
57 2 0 
58 0 0 
59 6 0 
60 1 0 
61 5 0 
62 5 0 
63 4 0 
64 7 0 
65 6 0 
66 5 0 
67 6 0 
68 9 0 
69 3 0 
70 7 0 
71 4 0 
72 5 0 
73 2 0 
74 5 0 
75 4 0 
76 7 0 
77 4 0 
78 4 0 
79 3 0 
80 0 0 
81 7 0 
82 8 0 
83 6 0 
84 8 0 
85 8 0 
86 4 0 
87 3 0 
88 1 0 
89 4 0 
90 9 0 
91 2 0 
92 0 0 
93 6 0 
94 8 0 
95 9 0 
96 2 0 
97 6 0 
98 6 0 
99 4 0 
100 9 0 
101 5 0 
102 0 0 
103 4 0 
104 8 0 
105 7 0 
106 1 0 
107 7 0 
108 2 0 
109 7 0 
110 2 0 
111 2 0 
112 6 0 
113 1 0 
114 0 0 
115 6 0 
116 1 0 
117 5 0 
118 9 0 
119 4 0 
120 9 0 
121 0 0 
122 9 0 
123 1 0 
124 7 0 
125 7 0 
126 1 0 
127 1 0 
128 5 0 
129 9 0 
130 167 0 
131 196 6 
132 188 3 
133 191 0 
134 222 3 
135 188 6 
136 153 3 
137 159 8 
138 173 0 
139 201 6 
140 180 1 
141 176 5 
142 218 8 
143 191 3 
144 153 2 
145 181 3 
146 128 2 
147 204 3 
148 168 2 
149 162 4 
150 244 8 
151 177 3 
152 144 6 
153 187 2 
154 133 0 
155 127 2 
156 158 3 
157 139 4 
158 178 4 
159 148 5 
160 126 4 
161 204 8 
162 189 2 
163 236 5 
164 183 3 
165 209 4 
166 237 4 
167 170 3 
168 161 1 
169 121 5 
170 193 0 
171 225 2 
172 216 4 
173 205 4 
174 247 4 
175 250 6 
176 204 4 
177 239 8 
178 96 6 
179 145 2 
180 112 6 
181 114 4 
182 140 4 
183 161 6 
184 123 6 
185 126 4 
186 136 6 
187 174 0 
188 145 6 
189 183 7 
190 198 5 
191 108 2 
192 97 5 
193 168 5 
194 18 0 
195 27 0 
196 12 1 
197 39 0 
198 49 2 
199 88 0 
200 20 3 
201 108 0 
202 18 6 
203 126 0 
204 35 0 
205 161 0 
206 6 0 
207 167 0 
208 0 0 
209 15 0 
210 24 3 
211 30 4 
212 54 3 
213 56 5 
214 110 3 
215 45 3 
216 155 3 
217 18 7 
218 173 6 
219 5 0 
220 178 6 
221 0 0 
222 178 6 
223 18 0 
224 18 0 
225 27 6 
226 24 1 
227 51 7 
228 42 8 
229 93 7 
230 10 3 
231 103 4 
232 12 6 
233 115 3 
234 35 0 
235 150 3 
236 36 0 
237 186 3 
238 2 0 
239 27 0 
240 36 2 
241 42 4 
242 78 1 
243 56 2 
244 134 1 
245 0 3 
246 134 4 
247 27 7 
248 161 7 
249 10 0 
250 171 1 
251 6 0 
252 177 1 
253 14 0 
254 9 0 
255 18 0 
256 24 1 
257 42 0 
258 56 5 
259 98 3 
260 30 3 
261 128 3 
262 15 6 
263 143 3 
264 35 0 
265 178 3 
266 30 0 
267 208 3 
268 14 0 
269 21 0 
270 30 2 
271 24 4 
272 54 1 
273 28 8 
274 82 2 
275 40 3 
276 122 5 
277 0 6 
278 122 3 
279 10 0 
280 132 3 
281 54 0 
282 186 3 
283 2 0 
284 12 0 
285 21 3 
286 18 1 
287 39 4 
288 21 2 
289 60 1 
290 45 3 
291 105 4 
292 12 7 
293 117 4 
294 10 0 
295 127 3 
296 24 0 
297 151 3 
298 2 0 
299 15 0 
300 24 6 
301 0 1 
302 24 7 
303 7 5 
304 31 4 
305 10 3 
306 41 4 
307 24 6 
308 65 7 
309 30 2 
310 95 1 
311 54 6 
312 149 7 
313 10 0 
314 54 0 
315 63 2 
316 2 1 
317 65 2 
318 14 2 
319 79 2 
320 28 3 
321 107 5 
322 0 6 
323 107 3 
324 63 2 
325 170 5 
326 3 6 
327 173 2 
328 0 0 
329 45 0 
330 54 3 
331 5 4 
332 59 3 
333 16 5 
334 75 3 
335 63 5 
336 138 3 
337 0 7 
338 138 6 
339 9 2 
340 147 8 
341 0 6 
342 147 8 
343 54 0 
344 54 0 
345 63 6 
346 4 1 
347 67 7 
348 12 8 
349 79 7 
350 14 3 
351 93 4 
352 0 6 
353 93 7 
354 63 2 
355 156 1 
356 18 6 
357 174 2 
358 6 0 
359 81 1 
360 90 1 
361 7 4 
362 97 4 
363 16 8 
364 113 5 
365 0 3 
366 113 5 
367 0 7 
368 113 8 
369 18 2 
370 131 8 
371 3 6 
372 134 8 
373 42 3 
374 27 4 
375 36 4 
376 4 1 
377 40 4 
378 16 4 
379 56 4 
380 42 5 
381 98 4 
382 0 7 
383 98 7 
384 63 2 
385 161 8 
386 15 6 
387 176 8 
388 42 5 
389 63 5 
390 72 5 
391 4 4 
392 76 5 
393 8 7 
394 84 4 
395 56 3 
396 140 4 
397 0 6 
398 140 3 
399 18 2 
400 158 5 
401 27 6 
402 185 3 
403 6 3 
404 36 1 
405 45 1 
406 3 1 
407 48 1 
408 6 8 
409 54 7 
410 63 5 
411 117 8 
412 0 7 
413 117 7 
414 18 2 
415 135 1 
416 12 6 
417 147 7 
418 6 0 
419 45 0 
420 54 0 
421 0 1 
422 54 0 
423 2 2 
424 56 0 
425 14 5 
426 70 3 
427 0 7 
428 70 4 
429 54 2 
430 124 5 
431 27 6 
432 151 3 
433 30 3 
434 0 0 
435 9 0 
436 12 1 
437 21 0 
438 14 2 
439 35 0 
440 24 3 
441 59 0 
442 6 6 
443 65 6 
444 56 2 
445 121 8 
446 7 7 
447 128 8 
448 0 0 
449 0 1 
450 9 1 
451 30 4 
452 39 4 
453 16 5 
454 55 4 
455 54 5 
456 109 5 
457 6 7 
458 115 4 
459 8 2 
460 123 5 
461 0 4 
462 123 4 
463 81 0 
464 0 4 
465 9 4 
466 24 1 
467 33 4 
468 12 8 
469 45 7 
470 12 3 
471 57 4 
472 4 8 
473 61 7 
474 56 8 
475 117 8 
476 42 6 
477 159 8 
478 9 3 
479 0 1 
480 9 1 
481 42 4 
482 51 4 
483 16 2 
484 67 1 
485 0 3 
486 67 4 
487 9 8 
488 76 7 
489 16 8 
490 92 8 
491 7 6 
492 99 5 
493 63 3 
494 0 1 
495 9 1 
496 24 1 
497 33 1 
498 16 5 
499 49 4 
500 36 3 
501 85 4 
502 5 6 
503 90 7 
504 56 2 
505 146 8 
506 35 7 
507 181 8 
508 63 5 
509 0 4 
510 9 4 
511 24 4 
512 33 4 
513 8 8 
514 41 5 
515 48 3 
516 89 5 
517 0 6 
518 89 3 
519 16 8 
520 105 6 
521 63 7 
522 168 6 
523 9 5 
524 0 7 
525 9 7 
526 18 1 
527 27 7 
528 6 5 
529 33 4 
530 54 5 
531 87 5 
532 4 8 
533 91 5 
534 16 5 
535 107 5 
536 28 7 
537 135 8 
538 9 0 
539 0 1 
540 9 1 
541 0 1 
542 9 1 
543 2 5 
544 11 4 
545 12 5 
546 23 4 
547 8 7 
548 31 4 
549 48 8 
550 79 5 
551 63 7 
552 142 8 
553 45 3 
554 12 0 
555 21 6 
556 0 1 
557 21 7 
558 14 2 
559 35 8 
560 12 3 
561 47 5 
562 42 6 
563 89 3 
564 35 2 
565 124 0 
566 9 6 
567 133 0 
568 0 0 
569 10 1 
570 19 1 
571 0 4 
572 19 1 
573 16 5 
574 35 4 
575 27 3 
576 62 3 
577 42 7 
578 104 6 
579 5 2 
580 109 8 
581 0 6 
582 109 8 
583 18 0 
584 12 4 
585 21 4 
586 0 1 
587 21 4 
588 12 8 
589 33 5 
590 6 3 
591 39 5 
592 28 8 
593 67 5 
594 35 8 
595 102 5 
596 54 6 
597 156 3 
598 2 3 
599 18 1 
600 27 1 
601 0 4 
602 27 1 
603 16 2 
604 43 1 
605 0 3 
606 43 4 
607 63 4 
608 106 4 
609 10 8 
610 116 5 
611 9 7 
612 125 4 
613 14 3 
614 6 1 
615 15 1 
616 0 1 
617 15 1 
618 16 4 
619 31 4 
620 18 5 
621 49 4 
622 35 6 
623 84 3 
624 35 5 
625 119 3 
626 45 7 
627 164 4 
628 14 5 
629 14 8 
630 23 8 
631 0 4 
632 23 7 
633 8 5 
634 31 8 
635 24 5 
636 55 8 
637 0 6 
638 55 8 
639 10 8 
640 65 8 
641 81 4 
642 146 5 
643 2 3 
644 8 7 
645 17 7 
646 0 1 
647 17 7 
648 6 2 
649 23 1 
650 27 5 
651 50 2 
652 28 6 
653 78 0 
654 10 5 
655 88 3 
656 36 7 
657 124 4 
658 2 3 
659 10 4 
660 19 4 
661 0 1 
662 19 4 
663 2 2 
664 21 1 
665 6 8 
666 27 2 
667 56 6 
668 83 8 
669 30 8 
670 113 8 
671 81 7 
672 194 8 
673 10 5 
674 12 0 
675 21 0 
676 16 1 
677 37 0 
678 63 2 
679 100 0 
680 28 3 
681 128 0 
682 18 6 
683 146 6 
684 42 2 
685 188 8 
686 1 6 
687 189 8 
688 0 0 
689 10 1 
690 19 1 
691 40 7 
692 59 7 
693 72 2 
694 131 1 
695 63 3 
696 194 4 
697 18 7 
698 212 4 
699 6 2 
700 218 5 
701 0 6 
702 218 2 
703 18 0 
704 12 4 
705 21 4 
706 32 1 
707 53 4 
708 54 8 
709 107 5 
710 14 3 
711 121 5 
712 12 8 
713 133 5 
714 42 2 
715 175 5 
716 6 6 
717 181 3 
718 2 3 
719 18 1 
720 27 2 
721 56 4 
722 83 5 
723 72 2 
724 155 5 
725 0 3 
726 155 5 
727 27 7 
728 182 4 
729 12 2 
730 194 1 
731 1 7 
732 195 1 
733 14 3 
734 6 4 
735 15 4 
736 32 1 
737 47 4 
738 72 8 
739 119 5 
740 42 5 
741 161 5 
742 15 7 
743 176 4 
744 42 5 
745 218 4 
746 5 6 
747 223 7 
748 14 5 
749 14 0 
750 23 6 
751 32 4 
752 55 3 
753 36 8 
754 91 6 
755 56 5 
756 147 3 
757 0 6 
758 147 3 
759 12 5 
760 159 3 
761 9 7 
762 168 6 
763 2 3 
764 8 1 
765 17 2 
766 24 1 
767 41 2 
768 27 2 
769 68 2 
770 63 5 
771 131 2 
772 12 7 
773 143 1 
774 12 5 
775 155 2 
776 4 7 
777 159 1 
778 2 4 
779 10 1 
780 19 7 
781 0 7 
782 19 7 
783 9 2 
784 28 8 
785 14 8 
786 42 8 
787 24 7 
788 66 8 
789 36 5 
790 102 8 
791 9 7 
792 111 8 
793 10 3 
794 54 0 
795 63 0 
796 6 1 
797 69 0 
798 7 2 
799 76 2 
800 36 3 
801 112 0 
802 24 6 
803 136 0 
804 49 2 
805 185 0 
806 8 6 
807 193 6 
808 0 0 
809 45 1 
810 54 7 
811 15 7 
812 69 7 
813 8 2 
814 77 1 
815 81 3 
816 158 4 
817 24 7 
818 182 4 
819 7 2 
820 189 5 
821 0 6 
822 189 2 
823 36 3 
824 54 4 
825 63 5 
826 12 1 
827 75 4 
828 6 8 
829 81 5 
830 18 3 
831 99 5 
832 16 6 
833 115 3 
834 49 2 
835 164 5 
836 48 6 
837 212 4 
838 4 3 
839 81 1 
840 90 7 
841 21 4 
842 111 7 
843 8 2 
844 119 1 
845 0 3 
846 119 4 
847 36 4 
848 155 4 
849 14 2 
850 169 5 
851 8 7 
852 177 4 
853 28 5 
854 27 4 
855 36 5 
856 12 1 
857 48 4 
858 8 5 
859 56 4 
860 54 5 
861 110 4 
862 20 7 
863 130 7 
864 49 5 
865 179 4 
866 40 6 
867 219 7 
868 28 5 
869 63 0 
870 72 6 
871 12 4 
872 84 3 
873 4 5 
874 88 3 
875 72 5 
876 160 3 
877 0 6 
878 160 3 
879 14 8 
880 174 6 
881 72 7 
882 246 6 
883 4 8 
884 36 1 
885 45 1 
886 9 1 
887 54 1 
888 3 2 
889 57 2 
890 81 5 
891 138 2 
892 16 8 
893 154 2 
894 14 8 
895 168 2 
896 32 7 
897 200 1 
898 4 3 
899 45 1 
900 54 1 
901 0 7 
902 54 1 
903 1 2 
904 55 1 
905 18 8 
906 73 2 
907 32 8 
908 105 2 
909 42 8 
910 147 2 
911 72 7 
912 219 8 
913 20 5 
914 30 0 
915 39 0 
916 0 1 
917 39 0 
918 21 2 
919 60 0 
920 24 3 
921 84 0 
922 6 6 
923 90 6 
924 0 2 
925 90 8 
926 6 6 
927 96 8 
928 0 0 
929 25 1 
930 34 2 
931 0 7 
932 34 1 
933 24 5 
934 58 2 
935 54 4 
936 112 5 
937 6 6 
938 118 2 
939 0 2 
940 118 2 
941 0 6 
942 118 0 
943 27 3 
944 30 0 
945 39 0 
946 0 1 
947 39 0 
948 18 8 
949 57 6 
950 12 3 
951 69 6 
952 4 6 
953 73 6 
954 0 2 
955 73 8 
956 36 6 
957 109 8 
958 3 3 
959 45 1 
960 54 2 
961 0 4 
962 54 1 
963 24 2 
964 78 1 
965 0 3 
966 78 4 
967 9 8 
968 87 7 
969 0 8 
970 87 7 
971 6 7 
972 93 7 
973 21 5 
974 15 4 
975 24 5 
976 0 8 
977 24 5 
978 24 4 
979 48 5 
980 36 5 
981 84 5 
982 5 6 
983 89 3 
984 0 5 
985 89 3 
986 30 7 
987 119 4 
988 21 5 
989 35 7 
990 44 7 
991 0 4 
992 44 7 
993 12 8 
994 56 7 
995 48 3 
996 104 6 
997 0 6 
998 104 6 
999 0 8 
1000 104 6 
1001 54 4 
1002 158 3 
1003 3 8 
1004 20 7 
1005 29 7 
1006 0 7 
1007 29 7 
1008 9 2 
1009 38 1 
1010 54 4 
1011 92 1 
1012 4 8 
1013 96 2 
1014 0 8 
1015 96 8 
1016 24 7 
1017 120 8 
1018 3 3 
1019 25 1 
1020 34 2 
1021 0 7 
1022 34 1 
1023 3 2 
1024 37 1 
1025 12 5 
1026 49 2 
1027 8 8 
1028 57 2 
1029 0 8 
1030 57 8 
1031 54 4 
1032 111 5 
1033 15 5 
1034 12 0 
1035 21 6 
1036 0 1 
1037 21 0 
1038 42 2 
1039 63 0 
1040 4 3 
1041 67 0 
1042 30 6 
1043 97 0 
1044 35 2 
1045 132 2 
1046 4 6 
1047 136 8 
1048 0 0 
1049 10 1 
1050 19 2 
1051 0 7 
1052 19 8 
1053 48 5 
1054 67 8 
1055 9 4 
1056 76 5 
1057 30 6 
1058 106 3 
1059 5 2 
1060 111 0 
1061 0 6 
1062 111 0 
1063 63 3 
1064 12 0 
1065 21 0 
1066 0 1 
1067 21 0 
1068 36 8 
1069 57 6 
1070 2 3 
1071 59 6 
1072 20 8 
1073 79 6 
1074 35 2 
1075 114 8 
1076 24 6 
1077 138 8 
1078 7 3 
1079 18 1 
1080 27 1 
1081 0 1 
1082 27 1 
1083 48 2 
1084 75 1 
1085 0 3 
1086 75 4 
1087 45 7 
1088 120 4 
1089 10 2 
1090 130 1 
1091 4 7 
1092 134 1 
1093 49 6 
1094 6 8 
1095 15 8 
1096 0 1 
1097 15 7 
1098 48 4 
1099 63 7 
1100 6 5 
1101 69 8 
1102 25 6 
1103 94 6 
1104 35 5 
1105 129 3 
1106 20 6 
1107 149 3 
1108 49 2 
1109 14 8 
1110 23 8 
1111 0 1 
1112 23 2 
1113 24 8 
1114 47 2 
1115 8 4 
1116 55 1 
1117 0 7 
1118 55 1 
1119 10 4 
1120 65 1 
1121 36 7 
1122 101 1 
1123 7 8 
1124 8 8 
1125 17 8 
1126 0 1 
1127 17 7 
1128 18 2 
1129 35 1 
1130 9 7 
1131 44 1 
1132 20 7 
1133 64 1 
1134 10 5 
1135 74 2 
1136 16 8 
1137 90 8 
1138 7 4 
1139 10 8 
1140 19 8 
1141 0 8 
1142 19 8 
1143 6 2 
1144 25 8 
1145 2 8 
1146 27 8 
1147 40 7 
1148 67 8 
1149 30 5 
1150 97 8 
1151 36 8 
1152 133 8 
1153 35 3 
