0 0 -1 
1 3 0 
2 6 0 
3 7 0 
4 5 0 
5 3 0 
6 5 0 
7 6 0 
8 2 0 
9 9 0 
10 1 0 
11 2 0 
12 7 0 
13 0 0 
14 9 0 
15 3 0 
16 6 0 
17 0 0 
18 6 0 
19 2 0 
20 47 0 
21 62 3 
22 83 3 
23 37 0 
24 39 1 
25 76 3 
26 62 0 
27 32 3 
28 104 2 
29 3 0 
30 5 2 
31 0 1 
32 5 0 
33 42 2 
34 6 0 
35 8 0 
36 54 3 
37 62 1 
38 0 2 
39 21 0 
40 23 2 
41 18 1 
42 41 3 
43 42 2 
44 5 0 
45 7 2 
46 0 1 
47 7 0 
48 30 2 
49 10 0 
50 12 0 
51 27 3 
52 39 1 
53 0 1 
54 35 0 
55 37 0 
56 9 3 
57 46 1 
58 30 2 
59 6 1 
60 8 1 
61 0 1 
62 8 1 
63 54 2 
64 12 0 
65 14 1 
66 18 3 
67 32 1 
68 0 3 
69 42 3 
70 44 3 
71 6 1 
72 50 3 
73 54 2 
