0 0 -1 
1 3 0 
2 6 0 
3 7 0 
4 5 0 
5 3 0 
6 5 0 
7 6 0 
8 2 0 
9 9 0 
10 1 0 
11 2 0 
12 7 0 
13 0 0 
14 9 0 
15 3 0 
16 6 0 
17 0 0 
18 6 0 
19 2 0 
20 6 0 
21 1 0 
22 8 0 
23 7 0 
24 9 0 
25 2 0 
26 0 0 
27 2 0 
28 3 0 
29 7 0 
30 5 0 
31 9 0 
32 2 0 
33 2 0 
34 8 0 
35 9 0 
36 7 0 
37 3 0 
38 6 0 
39 1 0 
40 2 0 
41 9 0 
42 3 0 
43 1 0 
44 9 0 
45 4 0 
46 7 0 
47 8 0 
48 4 0 
49 5 0 
50 0 0 
51 3 0 
52 172 24 
53 81 33 
54 83 7 
55 139 31 
56 106 10 
57 159 6 
58 66 22 
59 55 19 
60 174 28 
61 122 23 
62 168 22 
63 72 13 
64 44 27 
65 169 14 
66 112 8 
67 105 19 
68 87 31 
69 83 20 
70 99 19 
71 53 32 
72 219 35 
73 85 30 
74 81 4 
75 172 3 
76 130 34 
77 0 0 
78 3 34 
79 54 1 
80 57 35 
81 49 5 
82 106 5 
83 45 6 
84 151 35 
85 21 30 
86 6 6 
87 9 6 
88 12 2 
89 21 0 
90 21 11 
91 42 10 
92 15 7 
93 57 9 
94 24 31 
95 9 12 
96 12 12 
97 12 3 
98 24 6 
99 42 35 
100 66 30 
101 5 8 
102 71 6 
103 12 32 
104 21 7 
105 24 7 
106 48 4 
107 72 8 
108 7 5 
109 79 2 
110 45 9 
111 124 8 
112 15 30 
113 15 8 
114 18 8 
115 54 10 
116 72 10 
117 14 11 
118 86 17 
119 20 12 
120 106 11 
121 0 0 
122 0 23 
123 3 23 
124 54 2 
125 57 0 
126 14 29 
127 71 1 
128 81 17 
129 152 2 
130 7 24 
131 10 20 
132 13 21 
133 12 3 
134 25 15 
135 6 17 
136 31 15 
137 27 13 
138 58 16 
139 8 25 
140 15 15 
141 18 15 
142 12 4 
143 30 9 
144 12 35 
145 42 34 
146 9 14 
147 51 26 
148 4 26 
149 35 19 
150 38 19 
151 48 34 
152 86 18 
153 2 35 
154 88 29 
155 81 15 
156 169 16 
157 5 29 
158 25 14 
159 28 14 
160 54 9 
161 82 8 
162 4 22 
163 86 21 
164 36 16 
165 122 22 
166 0 18 
167 0 17 
168 3 16 
169 63 1 
170 66 15 
171 0 5 
172 66 16 
173 81 22 
174 147 17 
175 21 27 
176 4 6 
177 7 5 
178 14 16 
179 21 11 
180 0 11 
181 21 6 
182 27 19 
183 48 7 
184 24 31 
185 6 14 
186 9 25 
187 14 34 
188 23 33 
189 0 0 
190 23 33 
191 9 20 
192 32 21 
193 12 32 
194 14 12 
195 17 17 
196 56 28 
197 73 29 
198 0 22 
199 73 28 
200 81 21 
201 154 20 
202 15 21 
203 10 8 
204 13 26 
205 63 10 
206 76 2 
207 0 10 
208 76 10 
209 36 18 
210 112 23 
211 0 33 
212 0 19 
213 3 18 
214 0 1 
215 3 12 
216 42 24 
217 45 18 
218 18 23 
219 63 12 
220 42 24 
221 12 7 
222 15 0 
223 0 2 
224 15 1 
225 18 25 
226 33 31 
227 6 25 
228 39 1 
229 48 25 
230 18 20 
231 21 20 
232 0 3 
233 21 14 
234 36 29 
235 57 25 
236 2 26 
237 59 20 
238 24 26 
239 42 13 
240 45 13 
241 0 4 
242 45 12 
243 6 28 
244 51 13 
245 18 27 
246 69 13 
247 30 28 
248 30 15 
249 33 27 
250 0 9 
251 33 21 
252 12 9 
253 45 27 
254 8 24 
255 53 26 
256 0 34 
257 0 23 
258 3 22 
259 72 30 
260 75 29 
261 49 5 
262 124 0 
263 81 28 
264 205 5 
265 14 30 
266 2 27 
267 5 33 
268 16 1 
269 21 32 
270 21 11 
271 42 30 
272 27 18 
273 69 24 
274 16 31 
275 3 16 
276 6 4 
277 16 31 
278 22 34 
279 42 35 
280 64 4 
281 9 13 
282 73 3 
283 8 32 
284 7 18 
285 10 24 
286 64 2 
287 74 25 
288 7 0 
289 81 1 
290 81 33 
291 162 2 
292 10 21 
293 5 26 
294 8 32 
295 72 3 
296 80 3 
297 14 17 
298 94 9 
299 36 29 
300 130 11 
301 0 33 
