0 0 -1 
1 8 0 
2 16 0 
3 24 0 
4 255 0 
5 1936311911 0 
6 -330629295 0 
7 -1413821143 0 
8 1189346290 0 
9 -128662916 0 
10 -1914181605 0 
11 1663982198 0 
12 -1698062541 0 
13 -1 0 
14 0 0 
15 1 0 
16 -2 0 
17 0 0 
18 2 0 
19 -1 0 
20 0 0 
21 1 0 
22 1 0 
23 2 0 
24 1 0 
25 0 0 
26 0 0 
27 0 0 
28 -1 0 
29 -2 0 
30 -1 0 
31 0 17 
32 0 19 
33 558301184 21 
34 7936 22 
35 0 14 
36 0 10 
37 0 15 
38 0 12 
39 601 8 
40 -287 24 
41 0 7 
42 149 4 
43 -637 10 
44 0 0 
45 -200 6 
46 -748 11 
47 0 3 
48 8 1 
49 -770 2 
50 0 21 
51 0 0 
52 0 1 
53 0 1 
54 0 1 
55 0 2 
56 0 1 
57 0 2 
58 0 22 
59 0 22 
60 0 3 
61 0 8 
62 0 8 
63 0 4 
64 0 1 
65 0 4 
66 0 5 
67 0 2 
68 0 5 
69 0 6 
70 0 2 
71 0 7 
72 0 7 
73 0 7 
74 0 7 
75 0 8 
76 0 6 
77 0 9 
78 0 9 
79 0 7 
80 0 5 
81 0 10 
82 0 7 
83 0 10 
84 0 11 
85 0 7 
86 0 6 
87 0 12 
88 0 11 
89 0 14 
90 103 0 
91 -206 7 
92 0 0 
93 198 0 
94 -396 7 
95 0 10 
96 105 0 
97 -210 6 
98 0 5 
99 103 4 
100 0 10 
101 0 19 
102 198 4 
103 -206 8 
104 0 4 
105 105 0 
106 -396 6 
107 0 5 
108 115 0 
109 -210 1 
110 0 0 
111 198 4 
112 396 14 
113 0 24 
114 105 5 
115 4 9 
116 0 9 
117 115 0 
118 -166 5 
119 0 5 
120 81 5 
121 -48 6 
122 0 5 
123 0 13 
124 396 14 
125 0 4 
126 41 20 
127 -37 4 
128 -41 9 
129 205 17 
130 -371 6 
131 -205 6 
132 186 20 
133 -234 11 
134 -186 0 
135 41 21 
136 396 9 
137 -82 4 
138 205 15 
139 -37 9 
140 -451 14 
141 186 21 
142 -371 6 
143 -577 11 
144 171 0 
145 -234 1 
146 -528 1 
147 205 16 
148 186 20 
149 171 20 
150 242 9 
151 601 13 
152 287 0 
153 888 8 
154 1 2 
155 -633 9 
156 149 4 
157 637 14 
158 786 4 
159 1 0 
160 -531 4 
161 200 8 
162 748 11 
163 948 7 
164 1 3 
165 -693 7 
166 8 2 
167 770 2 
168 778 22 
169 1 21 
170 -523 21 
171 0 7 
172 0 12 
173 360 3 
174 -906 22 
175 0 3 
176 -29 18 
177 -971 12 
178 0 19 
179 -219 10 
180 -775 14 
181 0 13 
182 -375 0 
183 -367 5 
184 0 10 
185 0 14 
186 0 14 
187 0 8 
188 0 15 
189 0 15 
190 0 19 
191 0 16 
192 0 16 
193 0 17 
194 0 17 
195 0 17 
196 0 22 
197 0 18 
198 0 17 
199 0 13 
200 0 19 
201 0 15 
202 0 14 
203 0 20 
204 0 21 
205 0 22 
206 0 21 
207 0 16 
208 0 21 
209 0 22 
210 0 22 
211 0 18 
212 0 23 
213 0 24 
214 0 24 
215 0 24 
216 0 20 
217 0 23 
218 0 4 
219 0 21 
220 0 1 
221 115 4 
222 -230 24 
223 0 23 
224 81 6 
225 -162 23 
226 0 23 
227 255 10 
228 -510 15 
229 0 20 
230 74 5 
231 -148 1 
232 0 6 
233 81 9 
234 -230 4 
235 0 3 
236 255 11 
237 -162 22 
238 0 22 
239 74 6 
240 -510 15 
241 0 16 
242 236 5 
243 -148 0 
244 0 5 
245 255 12 
246 280 9 
247 0 7 
248 74 5 
249 -14 18 
250 0 18 
251 236 6 
252 -38 10 
253 0 15 
254 0 5 
255 -148 0 
256 0 5 
257 171 21 
258 109 8 
259 -171 7 
260 242 2 
261 -256 18 
262 -242 12 
263 251 13 
264 -289 14 
265 -251 19 
266 227 9 
267 -375 4 
268 -227 5 
269 242 2 
270 109 8 
271 -655 2 
272 251 18 
273 -256 13 
274 -744 17 
275 227 10 
276 -289 14 
277 -705 19 
278 70 3 
279 -375 4 
280 -367 9 
281 251 23 
282 227 11 
283 70 10 
284 0 6 
285 360 4 
286 906 23 
287 1266 24 
288 1 23 
289 -1011 4 
290 29 3 
291 971 19 
292 1000 19 
293 1 24 
294 -745 19 
295 219 14 
296 775 13 
297 994 13 
298 1 8 
299 -739 12 
300 375 5 
301 367 6 
302 742 6 
303 1 11 
304 -487 5 
305 0 18 
306 0 18 
307 802 7 
308 -38 8 
309 0 1 
310 252 16 
311 8 1 
312 0 21 
313 -97 24 
314 -87 22 
315 71 19 
316 31 8 
317 -191 0 
318 33 23 
319 0 7 
320 0 13 
321 0 7 
322 103 24 
323 -103 19 
324 103 19 
325 198 23 
326 -198 22 
327 198 2 
328 105 6 
329 -105 1 
330 105 21 
331 103 3 
332 0 13 
333 206 2 
334 198 4 
335 -103 24 
336 499 15 
337 105 24 
338 -198 21 
339 408 22 
340 115 4 
341 -105 1 
342 335 1 
343 198 23 
344 198 18 
345 404 3 
346 105 24 
347 2 24 
348 604 20 
349 115 5 
350 -83 21 
351 523 21 
352 81 10 
353 -24 6 
354 416 21 
355 0 8 
356 198 8 
357 404 2 
358 41 15 
359 -80 24 
360 604 20 
361 205 17 
362 -493 16 
363 523 22 
364 186 21 
365 -396 1 
366 416 21 
367 41 16 
368 198 7 
369 404 17 
370 205 15 
371 -80 20 
372 604 15 
373 186 15 
374 -493 15 
375 523 17 
376 171 15 
377 -396 1 
378 416 21 
379 205 16 
380 608 6 
381 404 12 
382 186 16 
383 292 20 
384 604 20 
385 171 4 
386 -151 19 
387 523 22 
388 242 9 
389 88 6 
390 416 2 
391 0 9 
392 608 7 
393 404 12 
394 124 1 
395 168 21 
396 480 0 
397 194 0 
398 -345 19 
399 329 2 
400 84 0 
401 4 7 
402 332 2 
403 124 1 
404 608 2 
405 156 7 
406 194 17 
407 168 21 
408 92 1 
409 84 24 
410 -345 19 
411 161 2 
412 248 19 
413 4 8 
414 -164 2 
415 194 13 
416 84 11 
417 248 23 
418 27 1 
419 802 6 
420 38 13 
421 840 8 
422 1 2 
423 -585 5 
424 252 17 
425 8 1 
426 260 16 
427 1 21 
428 -5 20 
429 97 19 
430 87 23 
431 184 24 
432 0 19 
433 71 18 
434 31 23 
435 191 5 
436 222 3 
437 0 2 
438 33 3 
439 0 0 
440 4653056 20 
441 284 16 
442 -2 17 
443 0 17 
444 167 10 
445 -57 9 
446 31 24 
447 -472 0 
448 -196 20 
449 0 1 
450 -759 16 
451 33 15 
452 0 15 
453 115 5 
454 -115 9 
455 115 7 
456 81 11 
457 -81 14 
458 81 7 
459 255 10 
460 -255 14 
461 255 14 
462 74 6 
463 -74 1 
464 74 7 
465 81 12 
466 -115 8 
467 277 12 
468 255 11 
469 -81 11 
470 591 6 
471 74 10 
472 -255 10 
473 403 10 
474 236 6 
475 -74 1 
476 546 6 
477 255 12 
478 140 8 
479 532 7 
480 74 11 
481 -7 11 
482 665 6 
483 236 6 
484 -19 5 
485 639 10 
486 0 10 
487 -74 21 
488 546 11 
489 171 20 
490 -202 8 
491 532 22 
492 242 2 
493 -491 6 
494 665 1 
495 251 12 
496 -521 10 
497 639 11 
498 227 15 
499 -528 16 
500 546 15 
501 242 9 
502 -202 7 
503 532 22 
504 251 17 
505 -491 1 
506 665 2 
507 227 16 
508 -521 15 
509 639 16 
510 70 10 
511 -528 15 
512 546 10 
513 251 18 
514 300 12 
515 532 22 
516 227 14 
517 -37 6 
518 665 7 
519 70 15 
520 -381 15 
521 639 16 
522 0 11 
523 -528 15 
524 546 10 
525 248 19 
526 52 17 
527 284 23 
528 27 5 
529 -64 6 
530 638 8 
531 232 4 
532 -613 20 
533 407 15 
534 231 20 
535 -759 20 
536 315 10 
537 27 6 
538 52 17 
539 230 18 
540 232 10 
541 -64 11 
542 174 9 
543 231 21 
544 -613 20 
545 -55 15 
546 141 15 
547 -759 15 
548 33 10 
549 232 0 
550 231 9 
551 141 3 
552 0 12 
553 284 17 
554 2 12 
555 286 12 
556 1 17 
557 -31 16 
558 167 15 
559 57 5 
560 224 10 
561 0 20 
562 31 22 
563 472 1 
564 196 20 
565 668 0 
566 1 1 
567 -413 21 
568 759 11 
569 33 16 
570 792 11 
571 1 16 
572 -537 10 
573 7936 22 
574 7936 23 
575 683 8 
576 -39 14 
577 0 10 
578 -7 7 
579 293 8 
580 0 7 
581 83 4 
582 467 0 
583 0 14 
584 -53 20 
585 475 5 
586 0 5 
587 0 13 
588 0 18 
589 0 13 
590 41 17 
591 -41 23 
592 41 3 
593 205 13 
594 -205 8 
595 205 7 
596 186 20 
597 -186 24 
598 186 24 
599 41 18 
600 0 18 
601 82 13 
602 205 18 
603 -41 23 
604 451 23 
605 186 21 
606 -205 3 
607 577 2 
608 171 21 
609 -186 24 
610 528 20 
611 205 12 
612 205 17 
613 287 12 
614 186 20 
615 145 23 
616 637 18 
617 171 3 
618 -34 3 
619 748 2 
620 242 14 
621 56 24 
622 770 24 
623 0 18 
624 205 18 
625 287 13 
626 124 17 
627 -103 23 
628 637 17 
629 194 13 
630 -422 8 
631 748 12 
632 84 16 
633 -112 24 
634 770 23 
635 124 11 
636 205 13 
637 287 12 
638 194 16 
639 -103 18 
640 637 16 
641 84 14 
642 -422 9 
643 748 14 
644 248 19 
645 -112 24 
646 770 18 
647 194 12 
648 593 13 
649 287 7 
650 84 11 
651 65 17 
652 637 11 
653 248 0 
654 74 4 
655 748 14 
656 27 7 
657 -58 4 
658 770 12 
659 0 19 
660 593 14 
661 287 9 
662 118 5 
663 -53 17 
664 519 6 
665 90 11 
666 -16 4 
667 658 10 
668 46 20 
669 -104 0 
670 724 5 
671 118 6 
672 593 9 
673 51 9 
674 90 4 
675 -53 12 
676 339 7 
677 46 10 
678 -16 4 
679 566 5 
680 99 21 
681 -104 20 
682 526 5 
683 90 15 
684 46 5 
685 99 20 
686 51 0 
687 683 13 
688 39 10 
689 722 14 
690 1 10 
691 -467 14 
692 7 7 
693 293 9 
694 300 8 
695 1 7 
696 -45 2 
697 83 4 
698 467 1 
699 550 0 
700 1 5 
701 -295 9 
702 53 15 
703 475 5 
704 528 10 
705 1 5 
706 -273 1 
707 0 5 
708 0 9 
709 108 16 
710 546 15 
711 0 1 
712 543 11 
713 401 5 
714 0 19 
715 -368 20 
716 60 24 
717 0 20 
718 -890 21 
719 -142 15 
720 0 6 
721 171 3 
722 -171 8 
723 171 3 
724 242 19 
725 -242 18 
726 242 18 
727 251 12 
728 -251 13 
729 251 8 
730 227 9 
731 -227 8 
732 227 8 
733 242 3 
734 -171 8 
735 655 3 
736 251 12 
737 -242 17 
738 744 18 
739 227 9 
740 -251 8 
741 705 9 
742 70 19 
743 -227 18 
744 367 18 
745 251 14 
746 80 9 
747 906 4 
748 227 14 
749 -15 12 
750 971 13 
751 70 23 
752 -181 3 
753 775 8 
754 0 20 
755 -227 19 
756 367 19 
757 248 22 
758 -416 8 
759 906 3 
760 27 7 
761 -69 17 
762 971 12 
763 232 4 
764 -645 2 
765 775 3 
766 231 5 
767 -689 19 
768 367 19 
769 27 7 
770 -416 8 
771 906 3 
772 232 10 
773 -69 13 
774 971 12 
775 231 20 
776 -645 3 
777 775 3 
778 141 6 
779 -689 14 
780 367 14 
781 232 15 
782 48 13 
783 906 20 
784 231 21 
785 393 13 
786 971 11 
787 141 3 
788 -363 23 
789 775 2 
790 0 21 
791 -689 20 
792 367 14 
793 99 6 
794 -51 13 
795 807 15 
796 51 0 
797 342 12 
798 920 11 
799 159 23 
800 -522 24 
801 616 22 
802 201 5 
803 -890 20 
804 166 15 
805 51 1 
806 -51 12 
807 705 16 
808 159 11 
809 342 12 
810 602 10 
811 201 20 
812 -522 20 
813 214 23 
814 154 15 
815 -890 21 
816 -142 10 
817 159 14 
818 201 10 
819 154 16 
820 0 22 
821 108 15 
822 546 16 
823 654 15 
824 1 16 
825 -399 1 
826 543 10 
827 401 5 
828 944 10 
829 1 14 
830 -689 15 
831 368 20 
832 60 20 
833 428 20 
834 1 0 
835 -173 21 
836 890 16 
837 142 20 
838 1032 21 
839 1 6 
840 -777 11 
841 0 4 
842 0 5 
843 374 21 
844 442 20 
845 0 19 
846 -184 21 
847 596 6 
848 0 22 
849 72 23 
850 610 3 
851 0 4 
852 -47 9 
853 607 9 
854 0 1 
855 0 23 
856 0 23 
857 0 24 
858 124 22 
859 -124 22 
860 124 22 
861 194 18 
862 -194 18 
863 194 13 
864 84 24 
865 -84 24 
866 84 19 
867 124 22 
868 0 22 
869 248 23 
870 194 17 
871 -124 17 
872 512 22 
873 84 16 
874 -194 16 
875 362 17 
876 248 19 
877 -84 19 
878 580 14 
879 194 13 
880 194 17 
881 442 18 
882 84 11 
883 -40 16 
884 596 16 
885 248 8 
886 54 12 
887 610 7 
888 27 2 
889 -57 18 
890 607 13 
891 0 24 
892 194 17 
893 442 19 
894 118 11 
895 -276 16 
896 596 11 
897 90 4 
898 -126 8 
899 610 2 
900 46 10 
901 -149 19 
902 607 14 
903 118 15 
904 194 18 
905 442 19 
906 90 12 
907 -276 16 
908 596 11 
909 46 21 
910 -126 23 
911 610 22 
912 99 3 
913 -149 18 
914 607 13 
915 90 12 
916 374 17 
917 442 19 
918 46 9 
919 -184 16 
920 596 10 
921 99 3 
922 72 23 
923 610 2 
924 51 21 
925 -47 17 
926 607 12 
927 0 1 
928 374 22 
929 442 24 
930 0 2 
931 -184 16 
932 596 11 
933 0 3 
934 72 23 
935 610 3 
936 0 14 
937 -47 12 
938 607 12 
939 0 15 
940 374 22 
941 442 24 
942 0 16 
943 -184 21 
944 596 11 
945 0 17 
946 72 18 
947 610 3 
948 0 4 
949 -47 7 
950 607 7 
951 0 5 
952 0 6 
953 0 8 
954 0 9 
955 374 16 
956 442 24 
957 816 19 
958 1 19 
959 -561 19 
960 184 22 
961 596 1 
962 780 21 
963 1 22 
964 -525 23 
965 72 18 
966 610 4 
967 682 3 
968 1 1 
969 -427 3 
970 47 7 
971 607 9 
972 654 9 
973 1 24 
974 -399 6 
975 0 17 
976 0 11 
977 104 12 
978 534 11 
979 0 3 
980 504 2 
981 722 23 
982 0 24 
983 -101 14 
984 835 23 
985 0 18 
986 -633 13 
987 513 3 
988 0 3 
989 248 16 
990 -248 12 
991 248 15 
992 27 1 
993 -27 1 
994 27 1 
995 232 12 
996 -232 17 
997 232 13 
998 231 14 
999 -231 9 
1000 231 8 
1001 27 13 
1002 -248 12 
1003 302 15 
1004 232 17 
1005 -27 16 
1006 491 16 
1007 231 7 
1008 -232 17 
1009 694 8 
1010 141 2 
1011 -231 4 
1012 513 3 
1013 232 23 
1014 -16 18 
1015 534 18 
1016 231 2 
1017 204 21 
1018 722 16 
1019 141 2 
1020 -91 22 
1021 835 7 
1022 0 10 
1023 -231 14 
1024 513 13 
1025 99 8 
1026 -214 23 
1027 534 13 
1028 51 0 
1029 102 1 
1030 722 21 
1031 159 4 
1032 -409 24 
1033 835 2 
1034 201 9 
1035 -633 9 
1036 513 14 
1037 51 6 
1038 -214 13 
1039 534 12 
1040 159 13 
1041 102 2 
1042 722 22 
1043 201 2 
1044 -409 23 
1045 835 22 
1046 154 3 
1047 -633 8 
1048 513 14 
1049 159 23 
1050 104 18 
1051 534 12 
1052 201 0 
1053 504 2 
1054 722 22 
1055 154 11 
1056 -101 18 
1057 835 17 
1058 0 11 
1059 -633 13 
1060 513 19 
1061 0 12 
1062 104 13 
1063 534 11 
1064 0 18 
1065 504 22 
1066 722 23 
1067 0 19 
1068 -101 19 
1069 835 17 
1070 0 20 
1071 -633 14 
1072 513 24 
1073 0 21 
1074 104 13 
1075 534 11 
1076 0 22 
1077 504 2 
1078 722 23 
1079 0 24 
1080 -101 19 
1081 835 18 
1082 0 1 
1083 -633 14 
1084 513 4 
1085 0 2 
1086 0 3 
1087 0 7 
1088 0 13 
1089 104 17 
1090 534 6 
1091 638 11 
1092 1 8 
1093 -383 2 
1094 504 22 
1095 722 22 
1096 1226 23 
1097 1 22 
1098 -971 24 
1099 101 13 
1100 835 23 
1101 936 18 
1102 1 18 
1103 -681 18 
1104 633 8 
1105 513 3 
1106 1146 3 
1107 1 8 
1108 -891 2 
1109 0 3 
1110 0 13 
