0 0 -1 
1 3 0 
2 6 0 
3 7 0 
4 5 0 
5 3 0 
6 5 0 
7 6 0 
8 2 0 
9 9 0 
10 1 0 
11 2 0 
12 7 0 
13 0 0 
14 9 0 
15 3 0 
16 6 0 
17 0 0 
18 6 0 
19 2 0 
20 47 20 
21 62 24 
22 83 1 
23 37 2 
24 39 18 
25 76 22 
26 62 19 
27 32 21 
28 104 3 
29 3 0 
30 5 3 
31 0 1 
32 5 0 
33 42 4 
34 6 5 
35 8 4 
36 54 2 
37 62 23 
38 0 9 
39 21 6 
40 23 5 
41 18 3 
42 41 0 
43 42 20 
44 5 15 
45 7 10 
46 0 12 
47 7 13 
48 30 22 
49 10 10 
50 12 9 
51 27 7 
52 39 8 
53 0 23 
54 35 11 
55 37 6 
56 9 8 
57 46 7 
58 30 21 
59 6 16 
60 8 11 
61 0 13 
62 8 12 
63 54 24 
64 12 18 
65 14 16 
66 18 19 
67 32 17 
68 0 1 
69 42 17 
70 44 15 
71 6 14 
72 50 14 
73 54 2 
