0 0 -1 
1 3 0 
2 6 0 
3 7 0 
4 5 0 
5 3 0 
6 5 0 
7 6 0 
8 2 0 
9 9 0 
10 1 0 
11 2 0 
12 7 0 
13 0 0 
14 9 0 
15 3 0 
16 6 0 
17 0 0 
18 6 0 
19 2 0 
20 6 0 
21 1 0 
22 8 0 
23 7 0 
24 9 0 
25 2 0 
26 0 0 
27 2 0 
28 3 0 
29 7 0 
30 5 0 
31 9 0 
32 2 0 
33 2 0 
34 8 0 
35 9 0 
36 7 0 
37 3 0 
38 6 0 
39 1 0 
40 2 0 
41 9 0 
42 3 0 
43 1 0 
44 9 0 
45 4 0 
46 7 0 
47 8 0 
48 4 0 
49 5 0 
50 0 0 
51 3 0 
52 6 0 
53 1 0 
54 0 0 
55 6 0 
56 3 0 
57 2 0 
58 0 0 
59 6 0 
60 1 0 
61 5 0 
62 5 0 
63 4 0 
64 7 0 
65 6 0 
66 5 0 
67 6 0 
68 9 0 
69 3 0 
70 7 0 
71 4 0 
72 5 0 
73 2 0 
74 127 5 
75 149 8 
76 87 1 
77 148 14 
78 152 9 
79 80 20 
80 125 1 
81 132 24 
82 74 10 
83 145 0 
84 127 7 
85 74 17 
86 98 0 
87 155 10 
88 77 1 
89 125 18 
90 137 19 
91 74 22 
92 156 23 
93 208 14 
94 102 3 
95 166 19 
96 195 14 
97 120 23 
98 101 21 
99 103 11 
100 59 6 
101 102 12 
102 102 10 
103 71 15 
104 176 20 
105 206 23 
106 98 10 
107 158 2 
108 231 7 
109 125 4 
110 9 0 
111 11 10 
112 6 1 
113 17 11 
114 35 4 
115 52 12 
116 30 5 
117 82 13 
118 15 0 
119 97 14 
120 30 0 
121 18 5 
122 20 5 
123 54 2 
124 74 6 
125 0 9 
126 74 8 
127 15 6 
128 89 8 
129 15 0 
130 104 8 
131 45 0 
132 3 6 
133 5 6 
134 24 3 
135 29 7 
136 21 14 
137 50 12 
138 10 7 
139 60 12 
140 12 0 
141 72 11 
142 15 0 
143 6 10 
144 8 10 
145 42 8 
146 50 10 
147 42 19 
148 92 10 
149 0 10 
150 92 14 
151 21 0 
152 113 14 
153 35 5 
154 27 20 
155 29 20 
156 48 13 
157 77 14 
158 7 24 
159 84 4 
160 30 11 
161 114 0 
162 18 4 
163 132 4 
164 20 10 
165 9 4 
166 11 4 
167 24 21 
168 35 24 
169 0 9 
170 35 24 
171 5 12 
172 40 13 
173 15 1 
174 55 2 
175 25 15 
176 18 2 
177 20 2 
178 2 1 
179 22 2 
180 45 20 
181 67 2 
182 6 22 
183 73 7 
184 10 3 
185 83 2 
186 42 0 
187 36 9 
188 38 9 
189 18 2 
190 56 7 
191 0 13 
192 56 12 
193 3 23 
194 59 18 
195 10 0 
196 69 24 
197 63 9 
198 6 6 
199 8 16 
200 8 3 
201 16 17 
202 27 14 
203 43 16 
204 2 18 
205 45 16 
206 8 1 
207 53 11 
208 21 5 
209 12 15 
210 14 15 
211 14 8 
212 28 19 
213 54 20 
214 82 15 
215 0 15 
216 82 19 
217 14 3 
218 96 4 
219 49 5 
220 54 20 
221 56 20 
222 16 12 
223 72 17 
224 9 24 
225 81 17 
226 6 16 
227 87 17 
228 12 3 
229 99 2 
230 28 10 
231 18 4 
232 20 4 
233 8 21 
234 28 24 
235 0 8 
236 28 23 
237 1 17 
238 29 23 
239 10 1 
240 39 22 
241 35 15 
242 0 5 
243 2 9 
244 9 1 
245 11 6 
246 15 4 
247 26 11 
248 36 5 
249 62 6 
250 0 8 
251 62 7 
252 36 20 
253 0 5 
254 2 5 
255 81 2 
256 83 7 
257 0 19 
258 83 12 
259 18 6 
260 101 11 
261 0 9 
262 101 10 
263 54 20 
264 0 6 
265 2 6 
266 36 3 
267 38 8 
268 9 14 
269 47 13 
270 12 7 
271 59 12 
272 0 4 
273 59 7 
274 18 0 
275 0 10 
276 2 15 
277 63 13 
278 65 18 
279 18 19 
280 83 23 
281 0 10 
282 83 24 
283 0 13 
284 83 18 
285 42 6 
286 0 14 
287 2 14 
288 72 12 
289 74 14 
290 3 24 
291 77 19 
292 36 15 
293 113 19 
294 0 4 
295 113 24 
296 24 10 
297 0 9 
298 2 8 
299 36 21 
300 38 1 
301 0 4 
302 38 2 
303 6 11 
304 44 7 
305 0 1 
306 44 2 
307 30 20 
308 6 3 
309 8 3 
310 6 1 
311 14 2 
312 5 20 
313 19 22 
314 48 22 
315 67 22 
316 35 3 
317 102 2 
318 54 19 
319 12 8 
320 14 8 
321 54 2 
322 68 7 
323 0 9 
324 68 9 
325 24 23 
326 92 8 
327 35 0 
328 127 9 
329 81 15 
330 2 17 
331 4 17 
332 24 3 
333 28 22 
334 3 16 
335 31 22 
336 16 18 
337 47 22 
338 28 4 
339 75 23 
340 27 5 
341 4 16 
342 6 16 
343 42 4 
344 48 21 
345 6 15 
346 54 16 
347 0 16 
348 54 21 
349 49 9 
350 103 20 
351 63 9 
352 18 18 
353 20 18 
354 48 18 
355 68 17 
356 1 17 
357 69 22 
358 48 16 
359 117 17 
360 42 24 
361 159 18 
362 36 10 
363 6 3 
364 8 3 
365 24 21 
366 32 23 
367 0 7 
368 32 8 
369 8 17 
370 40 13 
371 35 21 
372 75 18 
373 45 15 
374 6 7 
375 8 7 
376 0 11 
377 8 6 
378 10 20 
379 18 5 
380 18 5 
381 36 9 
382 35 20 
383 71 0 
384 30 20 
385 12 11 
386 14 11 
387 0 22 
388 14 16 
389 0 9 
390 14 17 
391 9 6 
392 23 16 
393 35 9 
394 58 11 
395 45 19 
396 2 12 
397 4 12 
398 0 23 
399 4 13 
400 6 14 
401 10 18 
402 6 7 
403 16 17 
404 28 1 
405 44 16 
406 15 5 
407 4 19 
408 6 19 
409 0 13 
410 6 18 
411 12 19 
412 18 19 
413 0 10 
414 18 14 
415 49 3 
416 67 13 
417 35 16 
418 18 21 
419 20 21 
420 0 12 
421 20 17 
422 2 24 
423 22 19 
424 18 15 
425 40 19 
426 42 20 
427 82 15 
428 20 14 
429 6 13 
430 8 13 
431 0 17 
432 8 12 
433 0 8 
434 8 13 
435 3 11 
436 11 11 
437 35 3 
438 46 8 
439 25 16 
440 27 22 
441 29 22 
442 2 1 
443 31 21 
444 10 21 
445 41 16 
446 48 22 
447 89 21 
448 45 0 
449 134 21 
450 42 15 
451 54 7 
452 56 11 
453 18 2 
454 74 12 
455 0 14 
456 74 13 
457 24 23 
458 98 13 
459 45 0 
460 143 3 
461 63 7 
462 9 1 
463 11 1 
464 8 8 
465 19 3 
466 6 16 
467 25 17 
468 16 18 
469 41 22 
470 36 1 
471 77 17 
472 21 5 
473 18 24 
474 20 24 
475 14 7 
476 34 8 
477 12 15 
478 46 19 
479 0 10 
480 46 13 
481 63 2 
482 109 3 
483 49 6 
484 81 23 
485 83 23 
486 16 1 
487 99 23 
488 2 19 
489 101 23 
490 48 11 
491 149 22 
492 54 4 
493 203 23 
494 28 6 
495 27 2 
496 29 22 
497 8 22 
498 37 23 
499 0 24 
500 37 23 
501 8 17 
502 45 18 
503 45 4 
504 90 3 
505 35 15 
