0 0 -1 
1 3 0 
2 6 0 
3 7 0 
4 5 0 
5 3 0 
6 5 0 
7 6 0 
8 2 0 
9 9 0 
10 1 0 
11 2 0 
12 7 0 
13 0 0 
14 9 0 
15 3 0 
16 6 0 
17 0 0 
18 6 0 
19 2 0 
20 6 0 
21 1 0 
22 8 0 
23 7 0 
24 9 0 
25 2 0 
26 0 0 
27 2 0 
28 3 0 
29 7 0 
30 5 0 
31 9 0 
32 2 0 
33 2 0 
34 8 0 
35 9 0 
36 7 0 
37 3 0 
38 6 0 
39 1 0 
40 2 0 
41 9 0 
42 3 0 
43 1 0 
44 9 0 
45 4 0 
46 7 0 
47 8 0 
48 4 0 
49 5 0 
50 0 0 
51 3 0 
52 6 0 
53 1 0 
54 0 0 
55 6 0 
56 3 0 
57 2 0 
58 0 0 
59 6 0 
60 1 0 
61 5 0 
62 5 0 
63 4 0 
64 7 0 
65 6 0 
66 5 0 
67 6 0 
68 9 0 
69 3 0 
70 7 0 
71 4 0 
72 5 0 
73 2 0 
74 127 0 
75 149 1 
76 87 0 
77 148 2 
78 152 2 
79 80 2 
80 125 2 
81 132 1 
82 74 1 
83 145 3 
84 127 2 
85 74 1 
86 98 0 
87 155 1 
88 77 2 
89 125 0 
90 137 1 
91 74 1 
92 156 1 
93 208 0 
94 102 1 
95 166 0 
96 195 1 
97 120 1 
98 101 1 
99 103 2 
100 59 2 
101 102 3 
102 102 2 
103 71 2 
104 176 1 
105 206 2 
106 98 1 
107 158 1 
108 231 1 
109 125 0 
110 9 0 
111 11 0 
112 6 1 
113 17 0 
114 35 2 
115 52 0 
116 30 0 
117 82 0 
118 15 0 
119 97 0 
120 30 0 
121 18 0 
122 20 0 
123 54 3 
124 74 1 
125 0 2 
126 74 3 
127 15 0 
128 89 1 
129 15 0 
130 104 1 
131 45 0 
132 3 0 
133 5 0 
134 24 1 
135 29 0 
136 21 2 
137 50 0 
138 10 0 
139 60 0 
140 12 0 
141 72 0 
142 15 0 
143 6 0 
144 8 0 
145 42 3 
146 50 2 
147 42 2 
148 92 2 
149 0 0 
150 92 2 
151 21 0 
152 113 2 
153 35 0 
154 27 0 
155 29 0 
156 48 1 
157 77 0 
158 7 2 
159 84 2 
160 30 0 
161 114 2 
162 18 0 
163 132 2 
164 20 0 
165 9 0 
166 11 0 
167 24 3 
168 35 1 
169 0 2 
170 35 3 
171 5 0 
172 40 2 
173 15 0 
174 55 2 
175 25 0 
176 18 1 
177 20 1 
178 2 1 
179 22 1 
180 45 2 
181 67 3 
182 6 0 
183 73 2 
184 10 0 
185 83 2 
186 42 0 
187 36 1 
188 38 1 
189 18 3 
190 56 3 
191 0 3 
192 56 3 
193 3 2 
194 59 3 
195 10 0 
196 69 1 
197 63 0 
198 6 1 
199 8 1 
200 8 1 
201 16 1 
202 27 2 
203 43 3 
204 2 3 
205 45 3 
206 8 0 
207 53 1 
208 21 0 
209 12 1 
210 14 1 
211 14 3 
212 28 1 
213 54 3 
214 82 1 
215 0 2 
216 82 3 
217 14 0 
218 96 3 
219 49 0 
220 54 1 
221 56 1 
222 16 1 
223 72 1 
224 9 2 
225 81 0 
226 6 3 
227 87 2 
228 12 0 
229 99 2 
230 28 0 
231 18 1 
232 20 1 
233 8 1 
234 28 1 
235 0 2 
236 28 3 
237 1 2 
238 29 3 
239 10 0 
240 39 1 
241 35 0 
242 0 1 
243 2 1 
244 9 1 
245 11 1 
246 15 2 
247 26 0 
248 36 2 
249 62 0 
250 0 0 
251 62 0 
252 36 0 
253 0 3 
254 2 3 
255 81 3 
256 83 3 
257 0 3 
258 83 3 
259 18 2 
260 101 3 
261 0 0 
262 101 1 
263 54 0 
264 0 1 
265 2 1 
266 36 1 
267 38 1 
268 9 2 
269 47 3 
270 12 3 
271 59 3 
272 0 0 
273 59 2 
274 18 0 
275 0 1 
276 2 1 
277 63 3 
278 65 1 
279 18 2 
280 83 0 
281 0 2 
282 83 0 
283 0 0 
284 83 0 
285 42 0 
286 0 1 
287 2 1 
288 72 1 
289 74 1 
290 3 2 
291 77 3 
292 36 3 
293 113 3 
294 0 0 
295 113 1 
296 24 0 
297 0 3 
298 2 3 
299 36 1 
300 38 3 
301 0 3 
302 38 3 
303 6 2 
304 44 3 
305 0 2 
306 44 3 
307 30 0 
308 6 1 
309 8 1 
310 6 1 
311 14 1 
312 5 2 
313 19 3 
314 48 2 
315 67 3 
316 35 0 
317 102 1 
318 54 0 
319 12 1 
320 14 1 
321 54 3 
322 68 1 
323 0 3 
324 68 1 
325 24 2 
326 92 3 
327 35 2 
328 127 2 
329 81 0 
330 2 1 
331 4 1 
332 24 1 
333 28 1 
334 3 2 
335 31 0 
336 16 3 
337 47 1 
338 28 2 
339 75 3 
340 27 0 
341 4 1 
342 6 1 
343 42 1 
344 48 1 
345 6 2 
346 54 0 
347 0 2 
348 54 0 
349 49 2 
350 103 0 
351 63 0 
352 18 1 
353 20 1 
354 48 1 
355 68 1 
356 1 2 
357 69 3 
358 48 3 
359 117 3 
360 42 2 
361 159 3 
362 36 0 
363 6 3 
364 8 3 
365 24 1 
366 32 3 
367 0 3 
368 32 3 
369 8 2 
370 40 3 
371 35 2 
372 75 3 
373 45 0 
374 6 1 
375 8 1 
376 0 1 
377 8 1 
378 10 2 
379 18 3 
380 18 2 
381 36 3 
382 35 0 
383 71 1 
384 30 0 
385 12 3 
386 14 3 
387 0 3 
388 14 3 
389 0 2 
390 14 2 
391 9 2 
392 23 2 
393 35 2 
394 58 2 
395 45 0 
396 2 1 
397 4 1 
398 0 1 
399 4 1 
400 6 2 
401 10 3 
402 6 2 
403 16 2 
404 28 2 
405 44 2 
406 15 0 
407 4 1 
408 6 1 
409 0 1 
410 6 1 
411 12 3 
412 18 1 
413 0 2 
414 18 3 
415 49 2 
416 67 3 
417 35 0 
418 18 3 
419 20 3 
420 0 1 
421 20 3 
422 2 2 
423 22 3 
424 18 1 
425 40 3 
426 42 2 
427 82 3 
428 20 0 
429 6 3 
430 8 3 
431 0 3 
432 8 3 
433 0 2 
434 8 3 
435 3 2 
436 11 3 
437 35 2 
438 46 3 
439 25 0 
440 27 1 
441 29 1 
442 2 1 
443 31 1 
444 10 2 
445 41 3 
446 48 2 
447 89 3 
448 45 0 
449 134 1 
450 42 0 
451 54 3 
452 56 3 
453 18 3 
454 74 3 
455 0 2 
456 74 3 
457 24 2 
458 98 3 
459 45 2 
460 143 3 
461 63 0 
462 9 1 
463 11 1 
464 8 1 
465 19 1 
466 6 2 
467 25 3 
468 16 2 
469 41 3 
470 36 2 
471 77 3 
472 21 0 
473 18 1 
474 20 1 
475 14 1 
476 34 1 
477 12 3 
478 46 1 
479 0 2 
480 46 3 
481 63 2 
482 109 3 
483 49 0 
484 81 3 
485 83 3 
486 16 1 
487 99 3 
488 2 2 
489 101 3 
490 48 1 
491 149 1 
492 54 2 
493 203 3 
494 28 0 
495 27 3 
496 29 3 
497 8 3 
498 37 3 
499 0 3 
500 37 3 
501 8 3 
502 45 3 
503 45 2 
504 90 2 
505 35 0 
