0 0 -1 
1 3 0 
2 6 0 
3 7 0 
4 5 0 
5 3 0 
6 5 0 
7 6 0 
8 2 0 
9 9 0 
10 1 0 
11 2 0 
12 7 0 
13 0 0 
14 9 0 
15 3 0 
16 6 0 
17 0 0 
18 6 0 
19 2 0 
20 6 0 
21 1 0 
22 8 0 
23 7 0 
24 9 0 
25 2 0 
26 0 0 
27 2 0 
28 3 0 
29 7 0 
30 5 0 
31 9 0 
32 2 0 
33 2 0 
34 57 1 
35 93 3 
36 109 4 
37 105 3 
38 33 0 
39 70 1 
40 73 6 
41 87 6 
42 56 0 
43 99 8 
44 94 4 
45 85 6 
46 59 8 
47 104 2 
48 125 1 
49 104 5 
50 0 0 
51 2 3 
52 6 1 
53 8 0 
54 14 2 
55 22 1 
56 35 3 
57 18 6 
58 20 6 
59 48 4 
60 68 3 
61 0 5 
62 68 3 
63 25 0 
64 6 7 
65 8 7 
66 42 1 
67 50 1 
68 14 8 
69 64 7 
70 45 3 
71 18 6 
72 20 8 
73 54 4 
74 74 5 
75 21 2 
76 95 2 
77 10 3 
78 0 0 
79 2 2 
80 5 1 
81 7 2 
82 12 2 
83 19 2 
84 14 3 
85 18 6 
86 20 0 
87 40 4 
88 60 1 
89 0 5 
90 60 2 
91 10 0 
92 6 7 
93 8 7 
94 35 1 
95 43 7 
96 12 8 
97 55 8 
98 18 3 
99 18 7 
100 20 4 
101 45 4 
102 65 5 
103 18 5 
104 83 8 
105 4 3 
106 0 6 
107 2 6 
108 1 1 
109 3 0 
110 4 2 
111 7 0 
112 49 0 
113 54 6 
114 56 0 
115 8 4 
116 64 1 
117 0 5 
118 64 8 
119 35 0 
120 18 7 
121 20 7 
122 7 1 
123 27 7 
124 4 8 
125 31 7 
126 63 3 
127 54 6 
128 56 3 
129 9 5 
130 65 3 
131 6 8 
132 71 6 
133 14 0 
134 0 8 
135 2 8 
136 9 1 
137 11 7 
138 6 2 
139 17 1 
140 42 3 
141 0 2 
142 2 2 
143 72 4 
144 74 5 
145 0 5 
146 74 5 
147 30 0 
148 0 7 
149 2 6 
150 63 4 
151 65 7 
152 6 8 
153 71 7 
154 54 4 
155 0 6 
156 2 6 
157 81 5 
158 83 8 
159 9 2 
160 92 2 
161 12 5 
