0 0 -1 
1 3 0 
2 6 0 
3 7 0 
4 5 0 
5 3 0 
6 5 0 
7 6 0 
8 2 0 
9 9 0 
10 1 0 
11 2 0 
12 7 0 
13 0 0 
14 9 0 
15 3 0 
16 6 0 
17 0 0 
18 6 0 
19 2 0 
20 6 0 
21 1 0 
22 8 0 
23 7 0 
24 9 0 
25 2 0 
26 0 0 
27 2 0 
28 3 0 
29 7 0 
30 5 0 
31 9 0 
32 2 0 
33 2 0 
34 8 0 
35 9 0 
36 7 0 
37 3 0 
38 6 0 
39 1 0 
40 2 0 
41 9 0 
42 3 0 
43 1 0 
44 9 0 
45 4 0 
46 7 0 
47 8 0 
48 4 0 
49 5 0 
50 0 0 
51 3 0 
52 6 0 
53 1 0 
54 0 0 
55 6 0 
56 3 0 
57 2 0 
58 0 0 
59 6 0 
60 1 0 
61 5 0 
62 5 0 
63 4 0 
64 7 0 
65 6 0 
66 5 0 
67 6 0 
68 9 0 
69 3 0 
70 7 0 
71 4 0 
72 5 0 
73 2 0 
74 5 0 
75 4 0 
76 7 0 
77 4 0 
78 4 0 
79 3 0 
80 0 0 
81 7 0 
82 8 0 
83 6 0 
84 8 0 
85 8 0 
86 4 0 
87 3 0 
88 1 0 
89 4 0 
90 9 0 
91 2 0 
92 0 0 
93 6 0 
94 8 0 
95 9 0 
96 2 0 
97 6 0 
98 6 0 
99 4 0 
100 9 0 
101 5 0 
102 0 0 
103 4 0 
104 8 0 
105 7 0 
106 1 0 
107 7 0 
108 2 0 
109 7 0 
110 2 0 
111 2 0 
112 6 0 
113 1 0 
114 0 0 
115 6 0 
116 1 0 
117 5 0 
118 9 0 
119 4 0 
120 9 0 
121 0 0 
122 9 0 
123 1 0 
124 7 0 
125 7 0 
126 1 0 
127 1 0 
128 5 0 
129 9 0 
130 7 0 
131 7 0 
132 6 0 
133 7 0 
134 3 0 
135 6 0 
136 5 0 
137 6 0 
138 3 0 
139 9 0 
140 4 0 
141 8 0 
142 1 0 
143 2 0 
144 9 0 
145 3 0 
146 9 0 
147 0 0 
148 8 0 
149 8 0 
150 5 0 
151 0 0 
152 9 0 
153 6 0 
154 3 0 
155 8 0 
156 5 0 
157 6 0 
158 1 0 
159 1 0 
160 5 0 
161 9 0 
162 8 0 
163 4 0 
164 233 0 
165 230 6 
166 209 2 
167 293 17 
168 242 10 
169 174 0 
170 187 5 
171 253 20 
172 265 5 
173 211 10 
174 180 2 
175 180 16 
176 167 6 
177 214 10 
178 141 16 
179 144 21 
180 207 1 
181 164 2 
182 185 0 
183 138 21 
184 232 0 
185 213 3 
186 218 7 
187 108 2 
188 215 13 
189 161 10 
190 183 4 
191 258 6 
192 268 18 
193 183 19 
194 358 9 
195 271 3 
196 192 20 
197 179 12 
198 282 23 
199 310 4 
200 191 13 
201 201 14 
202 199 17 
203 218 21 
204 262 6 
205 116 5 
206 161 12 
207 252 13 
208 189 20 
209 183 3 
210 136 5 
211 163 1 
212 253 21 
213 194 19 
214 140 11 
215 120 19 
216 143 15 
217 210 11 
218 183 7 
219 186 24 
220 168 10 
221 200 16 
222 196 24 
223 123 6 
224 104 4 
225 196 14 
226 193 11 
227 305 20 
228 252 23 
229 262 15 
230 310 20 
231 299 6 
232 180 13 
233 204 24 
234 276 16 
235 285 16 
236 191 4 
237 160 18 
238 180 10 
239 215 18 
240 179 3 
241 107 24 
242 176 0 
243 186 9 
244 196 10 
245 24 0 
246 28 22 
247 12 1 
248 40 22 
249 63 4 
250 103 2 
251 35 5 
252 138 7 
253 27 0 
254 165 6 
255 5 0 
256 170 6 
257 30 0 
258 200 6 
259 6 0 
260 206 1 
261 27 0 
262 18 0 
263 22 1 
264 0 2 
265 22 1 
266 35 9 
267 57 6 
268 10 6 
269 67 7 
270 12 0 
271 79 7 
272 25 0 
273 104 6 
274 36 0 
275 140 5 
276 18 0 
277 158 5 
278 72 0 
279 24 6 
280 28 6 
281 36 3 
282 64 6 
283 0 14 
284 64 11 
285 10 7 
286 74 12 
287 27 1 
288 101 7 
289 45 20 
290 146 2 
291 18 0 
292 164 2 
293 0 0 
294 164 2 
295 45 0 
296 24 5 
297 28 5 
298 48 8 
299 76 6 
300 28 19 
301 104 11 
302 30 10 
303 134 12 
304 0 2 
305 134 17 
306 35 21 
307 169 17 
308 54 0 
309 223 17 
310 16 0 
311 239 17 
312 54 0 
313 12 10 
314 16 10 
315 54 13 
316 70 14 
317 56 24 
318 126 14 
319 5 11 
320 131 10 
321 27 8 
322 158 10 
323 35 24 
324 193 10 
325 24 0 
326 217 10 
327 16 0 
328 233 10 
329 9 0 
330 9 14 
331 13 14 
332 12 18 
333 25 13 
334 49 9 
335 74 14 
336 0 12 
337 74 13 
338 3 23 
339 77 18 
340 30 21 
341 107 18 
342 48 1 
343 155 23 
344 10 0 
345 165 20 
346 9 0 
347 3 19 
348 7 19 
349 36 21 
350 43 15 
351 7 4 
352 50 15 
353 30 15 
354 80 15 
355 21 7 
356 101 16 
357 35 20 
358 136 15 
359 6 1 
360 142 16 
361 0 0 
362 142 15 
363 45 5 
364 12 6 
365 16 7 
366 36 22 
367 52 2 
368 49 9 
369 101 2 
370 5 16 
371 106 22 
372 21 3 
373 127 23 
374 15 21 
375 142 22 
376 12 1 
377 154 21 
378 18 0 
379 172 21 
380 81 5 
381 27 9 
382 31 9 
383 24 23 
384 55 8 
385 14 4 
386 69 8 
387 25 17 
388 94 8 
389 3 1 
390 97 7 
391 30 20 
392 127 2 
393 54 1 
394 181 7 
395 12 0 
396 193 7 
397 72 0 
398 8 19 
399 12 19 
400 4 1 
401 16 15 
402 63 20 
403 79 15 
404 0 5 
405 79 15 
406 81 17 
407 160 16 
408 3 20 
409 163 16 
410 30 1 
411 193 16 
412 0 0 
413 193 15 
414 18 5 
415 6 19 
416 10 19 
417 0 2 
418 10 18 
419 35 18 
420 45 18 
421 0 6 
422 45 18 
423 36 23 
424 81 18 
425 15 24 
426 96 18 
427 36 3 
428 132 23 
429 0 0 
430 132 3 
431 48 6 
432 8 11 
433 12 11 
434 12 3 
435 24 11 
436 0 19 
437 24 11 
438 0 7 
439 24 12 
440 81 22 
441 105 12 
442 27 20 
443 132 17 
444 18 2 
445 150 17 
446 0 0 
447 150 16 
448 30 5 
449 8 10 
450 12 11 
451 16 8 
452 28 12 
453 28 20 
454 56 17 
455 0 10 
456 56 17 
457 0 2 
458 56 22 
459 21 21 
460 77 22 
461 54 1 
462 131 2 
463 0 20 
464 131 1 
465 36 6 
466 4 15 
467 8 15 
468 18 13 
469 26 10 
470 56 24 
471 82 15 
472 0 11 
473 82 15 
474 81 13 
475 163 16 
476 21 24 
477 184 16 
478 24 1 
479 208 16 
480 0 0 
481 208 15 
482 6 5 
483 3 4 
484 7 3 
485 4 14 
486 11 8 
487 49 19 
488 60 8 
489 0 12 
490 60 8 
491 9 23 
492 69 13 
493 18 21 
494 87 18 
495 48 1 
496 135 17 
497 0 0 
498 135 16 
499 6 5 
500 1 14 
501 5 14 
502 12 21 
503 17 14 
504 7 24 
505 24 14 
506 0 15 
507 24 14 
508 63 12 
509 87 13 
510 21 15 
511 108 18 
512 6 1 
513 114 17 
514 0 20 
515 114 22 
516 30 5 
517 4 6 
518 8 6 
519 12 22 
520 20 7 
521 49 20 
522 69 7 
523 0 16 
524 69 7 
525 63 23 
526 132 7 
527 9 16 
528 141 7 
529 12 6 
530 153 6 
531 0 0 
532 153 1 
533 54 6 
534 9 8 
535 13 8 
536 8 23 
537 21 3 
538 14 14 
539 35 3 
540 0 17 
541 35 3 
542 9 7 
543 44 2 
544 18 24 
545 62 2 
546 54 2 
547 116 22 
548 0 20 
549 116 22 
550 48 5 
551 16 18 
552 20 18 
553 12 1 
554 32 17 
555 9 4 
556 41 18 
557 56 5 
558 97 13 
559 63 11 
560 160 12 
561 9 20 
562 169 12 
563 10 1 
564 179 11 
565 0 4 
566 179 6 
567 6 5 
568 12 16 
569 16 16 
570 0 2 
571 16 17 
572 5 9 
573 21 18 
574 16 6 
575 37 17 
576 28 1 
577 65 16 
578 45 19 
579 110 16 
580 12 2 
581 122 21 
582 0 3 
583 122 2 
584 16 1 
585 16 6 
586 20 7 
587 36 3 
588 56 2 
589 0 19 
590 56 22 
591 16 7 
592 72 22 
593 63 1 
594 135 22 
595 81 24 
596 216 22 
597 6 1 
598 222 2 
599 0 4 
600 222 4 
601 10 0 
602 16 5 
603 20 5 
604 48 8 
605 68 9 
606 4 20 
607 72 24 
608 48 10 
609 120 24 
610 0 2 
611 120 23 
612 63 21 
613 183 23 
614 18 2 
615 201 23 
616 0 3 
617 201 3 
618 12 2 
619 8 11 
620 12 12 
621 54 13 
622 66 12 
623 8 24 
624 74 17 
625 8 11 
626 82 12 
627 63 8 
628 145 7 
629 63 19 
630 208 12 
631 8 1 
632 216 7 
633 0 4 
634 216 8 
635 2 9 
636 6 3 
637 10 3 
638 12 18 
639 22 23 
640 7 24 
641 29 23 
642 0 12 
643 29 22 
644 7 22 
645 36 17 
646 54 21 
647 90 22 
648 16 6 
649 106 2 
650 0 24 
651 106 22 
652 2 9 
653 2 5 
654 6 6 
655 36 21 
656 42 6 
657 1 3 
658 43 7 
659 48 15 
660 91 12 
661 49 6 
662 140 12 
663 63 20 
664 203 17 
665 2 2 
666 205 17 
667 0 24 
668 205 18 
669 10 6 
670 8 6 
671 12 6 
672 36 22 
673 48 7 
674 7 21 
675 55 6 
676 8 16 
677 63 11 
678 49 23 
679 112 11 
680 27 20 
681 139 11 
682 4 6 
683 143 10 
684 0 4 
685 143 5 
686 18 6 
687 18 8 
688 22 8 
689 24 23 
690 46 3 
691 2 14 
692 48 3 
693 40 17 
694 88 3 
695 7 7 
696 95 8 
697 54 24 
698 149 9 
699 18 2 
700 167 4 
701 0 24 
702 167 4 
703 16 5 
704 24 24 
705 28 23 
706 14 1 
707 42 22 
708 45 4 
709 87 23 
710 63 5 
711 150 23 
712 18 16 
713 168 18 
714 2 4 
715 170 13 
716 40 1 
717 210 6 
718 27 24 
719 237 5 
720 21 5 
721 18 4 
722 22 3 
723 0 2 
724 22 3 
725 25 9 
726 47 8 
727 18 6 
728 65 7 
729 8 18 
730 73 12 
731 10 4 
732 83 13 
733 48 0 
734 131 18 
735 81 0 
736 212 18 
737 56 6 
738 24 10 
739 28 10 
740 42 3 
741 70 14 
742 0 19 
743 70 19 
744 18 7 
745 88 18 
746 18 17 
747 106 19 
748 18 4 
749 124 14 
750 24 1 
751 148 10 
752 0 24 
753 148 14 
754 35 5 
755 24 9 
756 28 8 
757 56 8 
758 84 8 
759 20 20 
760 104 8 
761 54 10 
762 158 13 
763 0 2 
764 158 13 
765 14 4 
766 172 9 
767 72 2 
768 244 4 
769 72 20 
770 316 4 
771 42 0 
772 12 15 
773 16 16 
774 63 13 
775 79 17 
776 40 24 
777 119 18 
778 9 11 
779 128 18 
780 18 13 
781 146 18 
782 14 24 
783 160 23 
784 32 1 
785 192 3 
786 72 20 
787 264 4 
788 7 9 
789 9 4 
790 13 3 
791 14 18 
792 27 23 
793 35 9 
794 62 24 
795 0 12 
796 62 23 
797 2 2 
798 64 23 
799 12 20 
800 76 23 
801 64 6 
802 140 22 
803 45 24 
804 185 24 
805 7 10 
806 3 5 
807 7 6 
808 42 21 
809 49 11 
810 5 4 
811 54 11 
812 54 15 
813 108 16 
814 14 6 
815 122 11 
816 14 20 
817 136 11 
818 8 2 
819 144 12 
820 0 20 
821 144 7 
822 35 11 
823 12 15 
824 16 16 
825 42 22 
826 58 17 
827 35 20 
828 93 17 
829 9 16 
830 102 18 
831 14 8 
832 116 13 
833 6 24 
834 122 18 
835 16 1 
836 138 17 
837 81 4 
838 219 22 
839 63 10 
840 27 9 
841 31 9 
842 28 23 
843 59 9 
844 10 8 
845 69 9 
846 45 17 
847 114 9 
848 2 7 
849 116 8 
850 12 23 
851 128 8 
852 72 0 
853 200 9 
854 54 24 
855 254 4 
856 56 9 
857 24 24 
858 28 19 
859 12 1 
860 40 19 
861 9 4 
862 49 19 
863 14 5 
864 63 19 
865 81 22 
866 144 18 
867 3 4 
868 147 19 
869 5 8 
870 152 18 
871 27 4 
872 179 18 
873 12 5 
874 18 19 
875 22 18 
876 0 2 
877 22 17 
878 5 18 
879 27 17 
880 4 6 
881 31 17 
882 36 1 
883 67 16 
884 15 24 
885 82 15 
886 6 3 
887 88 20 
888 81 18 
889 169 24 
890 32 14 
891 24 10 
892 28 11 
893 36 6 
894 64 11 
895 0 19 
896 64 16 
897 4 7 
898 68 17 
899 81 22 
900 149 17 
901 27 4 
902 176 22 
903 3 3 
904 179 22 
905 0 24 
906 179 22 
907 20 10 
908 24 17 
909 28 22 
910 48 1 
911 76 21 
912 4 18 
913 80 22 
914 12 10 
915 92 17 
916 0 18 
917 92 17 
918 21 4 
919 113 22 
920 9 23 
921 122 22 
922 72 20 
923 194 22 
924 24 11 
925 12 12 
926 16 12 
927 54 2 
928 70 7 
929 8 19 
930 78 12 
931 2 11 
932 80 17 
933 81 13 
934 161 12 
935 21 24 
936 182 12 
937 4 9 
938 186 7 
939 72 15 
940 258 6 
941 4 10 
942 9 14 
943 13 14 
944 12 7 
945 25 14 
946 7 14 
947 32 9 
948 0 5 
949 32 9 
950 9 23 
951 41 24 
952 18 20 
953 59 20 
954 8 8 
955 67 0 
956 45 19 
957 112 0 
958 4 10 
959 3 14 
960 7 13 
961 36 21 
962 43 13 
963 1 3 
964 44 13 
965 12 15 
966 56 13 
967 63 12 
968 119 13 
969 21 20 
970 140 18 
971 1 3 
972 141 23 
973 0 18 
974 141 17 
975 20 11 
976 12 16 
977 16 17 
978 36 22 
979 52 17 
980 7 9 
981 59 12 
982 2 10 
983 61 11 
984 63 3 
985 124 12 
986 9 23 
987 133 13 
988 2 2 
989 135 13 
990 81 19 
991 216 13 
992 36 10 
993 27 3 
994 31 2 
995 24 3 
996 55 2 
997 2 14 
998 57 7 
999 10 12 
1000 67 7 
1001 9 6 
1002 76 7 
1003 18 23 
1004 94 8 
1005 9 3 
1006 103 3 
1007 54 15 
1008 157 20 
1009 32 14 
1010 56 19 
1011 60 19 
1012 16 14 
1013 76 19 
1014 36 20 
1015 112 24 
1016 35 23 
1017 147 23 
1018 0 12 
1019 147 18 
1020 3 20 
1021 150 23 
1022 30 1 
1023 180 22 
1024 3 24 
1025 183 23 
1026 0 5 
1027 42 4 
1028 46 3 
1029 0 7 
1030 46 2 
1031 20 9 
1032 66 7 
1033 10 16 
1034 76 12 
1035 0 1 
1036 76 7 
1037 15 15 
1038 91 12 
1039 36 0 
1040 127 5 
1041 9 0 
1042 136 6 
1043 0 4 
1044 56 11 
1045 60 11 
1046 48 6 
1047 108 11 
1048 0 20 
1049 108 10 
1050 10 13 
1051 118 10 
1052 0 22 
1053 118 11 
1054 27 15 
1055 145 11 
1056 18 1 
1057 163 11 
1058 0 24 
1059 163 16 
1060 0 4 
1061 56 9 
1062 60 9 
1063 64 8 
1064 124 8 
1065 16 21 
1066 140 8 
1067 30 12 
1068 170 8 
1069 0 2 
1070 170 3 
1071 21 4 
1072 191 3 
1073 54 21 
1074 245 2 
1075 8 20 
1076 253 22 
1077 0 11 
1078 28 10 
1079 32 10 
1080 72 13 
1081 104 14 
1082 32 24 
1083 136 19 
1084 5 11 
1085 141 15 
1086 0 13 
1087 141 19 
1088 21 19 
1089 162 18 
1090 24 1 
1091 186 18 
1092 8 20 
1093 194 24 
1094 0 5 
1095 21 14 
1096 25 13 
1097 16 18 
1098 41 18 
1099 28 14 
1100 69 19 
1101 0 17 
1102 69 18 
1103 0 23 
1104 69 18 
1105 18 15 
1106 87 19 
1107 48 6 
1108 135 11 
1109 5 15 
1110 140 11 
1111 0 10 
1112 7 5 
1113 11 5 
1114 48 4 
1115 59 9 
1116 4 4 
1117 63 9 
1118 30 15 
1119 93 14 
1120 0 7 
1121 93 13 
1122 21 15 
1123 114 14 
1124 6 2 
1125 120 7 
1126 0 19 
1127 120 18 
1128 0 9 
1129 28 15 
1130 32 15 
1131 48 17 
1132 80 16 
1133 28 21 
1134 108 21 
1135 5 16 
1136 113 16 
1137 0 3 
1138 113 16 
1139 9 19 
1140 122 16 
1141 12 0 
1142 134 15 
1143 9 19 
1144 143 19 
1145 0 10 
1146 63 13 
1147 67 13 
1148 32 24 
1149 99 18 
1150 8 24 
1151 107 19 
1152 25 22 
1153 132 24 
1154 0 11 
1155 132 20 
1156 18 20 
1157 150 15 
1158 54 21 
1159 204 16 
1160 6 15 
1161 210 16 
1162 0 14 
1163 48 17 
1164 52 17 
1165 6 1 
1166 58 12 
1167 18 4 
1168 76 13 
1169 0 5 
1170 76 8 
1171 54 12 
1172 130 13 
1173 1 4 
1174 131 8 
1175 25 1 
1176 156 7 
1177 15 24 
1178 171 2 
1179 12 5 
1180 36 4 
1181 40 3 
1182 0 2 
1183 40 3 
1184 10 9 
1185 50 8 
1186 0 20 
1187 50 9 
1188 24 1 
1189 74 0 
1190 5 4 
1191 79 20 
1192 30 0 
1193 109 15 
1194 45 3 
1195 154 20 
1196 32 4 
1197 48 10 
1198 52 10 
1199 18 3 
1200 70 14 
1201 0 20 
1202 70 14 
1203 0 9 
1204 70 19 
1205 54 12 
1206 124 13 
1207 9 20 
1208 133 13 
1209 15 1 
1210 148 10 
1211 0 4 
1212 148 14 
1213 20 3 
1214 48 9 
1215 52 9 
1216 24 13 
1217 76 8 
1218 8 22 
1219 84 7 
1220 0 10 
1221 84 12 
1222 0 2 
1223 84 12 
1224 7 21 
1225 91 17 
1226 45 21 
1227 136 22 
1228 40 20 
1229 176 21 
1230 24 6 
1231 24 18 
1232 28 17 
1233 27 12 
1234 55 17 
1235 16 24 
1236 71 17 
1237 0 11 
1238 71 17 
1239 54 23 
1240 125 22 
1241 7 4 
1242 132 23 
1243 20 0 
1244 152 20 
1245 40 15 
1246 192 20 
1247 4 9 
1248 18 14 
1249 22 14 
1250 6 8 
1251 28 13 
1252 14 14 
1253 42 13 
1254 0 17 
1255 42 12 
1256 6 21 
1257 48 17 
1258 6 20 
1259 54 16 
1260 40 6 
1261 94 11 
1262 25 23 
1263 119 16 
1264 4 5 
1265 6 5 
1266 10 5 
1267 18 21 
1268 28 6 
1269 2 12 
1270 30 7 
1271 0 15 
1272 30 7 
1273 42 7 
1274 72 8 
1275 7 15 
1276 79 8 
1277 5 22 
1278 84 8 
1279 0 19 
1280 84 9 
1281 20 8 
1282 24 6 
1283 28 7 
1284 18 22 
1285 46 2 
1286 14 13 
1287 60 22 
1288 0 19 
1289 60 17 
1290 42 22 
1291 102 22 
1292 3 21 
1293 105 21 
1294 10 22 
1295 115 22 
1296 45 14 
1297 160 10 
1298 36 10 
1299 54 13 
1300 58 13 
1301 12 23 
1302 70 18 
1303 4 8 
1304 74 13 
1305 0 16 
1306 74 18 
1307 6 6 
1308 80 13 
1309 6 21 
1310 86 12 
1311 45 16 
1312 131 12 
1313 30 19 
1314 161 12 
1315 32 14 
1316 56 19 
1317 60 18 
1318 12 1 
1319 72 17 
1320 45 15 
1321 117 17 
1322 42 5 
1323 159 16 
1324 81 11 
1325 240 16 
1326 3 20 
1327 243 16 
1328 35 1 
1329 278 21 
1330 12 24 
1331 290 24 
1332 15 5 
1333 42 4 
1334 46 9 
1335 0 2 
1336 46 8 
1337 25 17 
1338 71 13 
1339 12 16 
1340 83 12 
1341 36 23 
1342 119 13 
1343 15 24 
1344 134 14 
1345 42 0 
1346 176 10 
1347 36 23 
1348 212 18 
1349 40 4 
1350 56 10 
1351 60 15 
1352 36 8 
1353 96 19 
1354 0 21 
1355 96 19 
1356 12 18 
1357 108 19 
1358 81 7 
1359 189 19 
1360 27 24 
1361 216 19 
1362 21 1 
1363 237 15 
1364 0 24 
1365 237 16 
1366 25 10 
1367 56 9 
1368 60 8 
1369 48 13 
1370 108 13 
1371 20 16 
1372 128 12 
1373 36 10 
1374 164 11 
1375 0 18 
1376 164 16 
1377 21 21 
1378 185 16 
1379 63 0 
1380 248 15 
1381 32 20 
1382 280 15 
1383 30 3 
1384 28 15 
1385 32 15 
1386 54 12 
1387 86 16 
1388 40 23 
1389 126 16 
1390 6 11 
1391 132 11 
1392 81 8 
1393 213 12 
1394 21 4 
1395 234 2 
1396 28 5 
1397 262 7 
1398 32 15 
1399 294 6 
1400 5 9 
1401 21 14 
1402 25 14 
1403 12 7 
1404 37 14 
1405 35 20 
1406 72 14 
1407 0 17 
1408 72 13 
1409 9 2 
1410 81 3 
1411 18 21 
1412 99 2 
1413 56 9 
1414 155 8 
1415 20 19 
1416 175 8 
1417 5 15 
1418 7 5 
1419 11 6 
1420 36 21 
1421 47 11 
1422 5 11 
1423 52 12 
1424 36 15 
1425 88 17 
1426 63 8 
1427 151 12 
1428 21 16 
1429 172 17 
1430 7 8 
1431 179 18 
1432 0 20 
1433 179 24 
1434 25 14 
1435 28 16 
1436 32 16 
1437 36 22 
1438 68 21 
1439 35 22 
1440 103 22 
1441 6 14 
1442 109 22 
1443 63 3 
1444 172 22 
1445 9 21 
1446 181 22 
1447 14 20 
1448 195 21 
1449 36 16 
1450 231 21 
1451 45 19 
1452 63 13 
1453 67 13 
1454 24 23 
1455 91 18 
1456 10 3 
1457 101 23 
1458 30 5 
1459 131 23 
1460 9 8 
1461 140 23 
1462 18 20 
1463 158 23 
1464 63 21 
1465 221 22 
1466 24 15 
1467 245 21 
1468 40 14 
1469 16 5 
1470 20 10 
1471 10 1 
1472 30 11 
1473 36 4 
1474 66 6 
1475 49 5 
1476 115 7 
1477 36 12 
1478 151 7 
1479 4 4 
1480 155 9 
1481 15 23 
1482 170 4 
1483 0 24 
1484 170 3 
1485 21 5 
1486 12 8 
1487 16 8 
1488 0 2 
1489 16 7 
1490 20 9 
1491 36 8 
1492 14 11 
1493 50 8 
1494 16 1 
1495 66 2 
1496 20 3 
1497 86 2 
1498 18 4 
1499 104 3 
1500 0 3 
1501 104 2 
1502 56 19 
1503 16 10 
1504 20 10 
1505 30 3 
1506 50 5 
1507 0 13 
1508 50 9 
1509 14 19 
1510 64 14 
1511 36 1 
1512 100 10 
1513 36 20 
1514 136 5 
1515 9 1 
1516 145 5 
1517 0 24 
1518 145 5 
1519 35 10 
1520 16 9 
1521 20 9 
1522 40 1 
1523 60 9 
1524 16 17 
1525 76 8 
1526 42 10 
1527 118 13 
1528 0 2 
1529 118 8 
1530 28 9 
1531 146 8 
1532 27 24 
1533 173 3 
1534 0 20 
1535 173 23 
1536 42 11 
1537 8 10 
1538 12 11 
1539 45 2 
1540 57 12 
1541 32 24 
1542 89 13 
1543 7 11 
1544 96 12 
1545 36 7 
1546 132 12 
1547 28 14 
1548 160 13 
1549 12 0 
1550 172 8 
1551 0 20 
1552 172 3 
1553 7 9 
1554 6 14 
1555 10 14 
1556 10 7 
1557 20 14 
1558 28 16 
1559 48 19 
1560 0 7 
1561 48 14 
1562 4 22 
1563 52 19 
1564 24 4 
1565 76 4 
1566 24 5 
1567 100 9 
1568 0 4 
1569 100 24 
1570 7 15 
1571 2 5 
1572 6 5 
1573 30 12 
1574 36 10 
1575 4 7 
1576 40 11 
1577 42 15 
1578 82 11 
1579 28 6 
1580 110 11 
1581 28 4 
1582 138 0 
1583 3 9 
1584 141 0 
1585 0 23 
1586 141 0 
1587 35 5 
1588 8 13 
1589 12 12 
1590 30 22 
1591 42 12 
1592 28 12 
1593 70 7 
1594 7 10 
1595 77 7 
1596 28 3 
1597 105 2 
1598 12 14 
1599 117 9 
1600 6 3 
1601 123 4 
1602 0 4 
1603 123 9 
1604 63 10 
1605 18 9 
1606 22 5 
1607 20 3 
1608 42 9 
1609 8 18 
1610 50 14 
1611 35 15 
1612 85 19 
1613 4 11 
1614 89 15 
1615 24 20 
1616 113 10 
1617 27 21 
1618 140 11 
1619 0 23 
1620 140 16 
1621 56 9 
