0 0 -1 
1 3 0 
2 6 0 
3 7 0 
4 5 0 
5 3 0 
6 5 0 
7 6 0 
8 2 0 
9 9 0 
10 1 0 
11 2 0 
12 7 0 
13 0 0 
14 9 0 
15 3 0 
16 6 0 
17 0 0 
18 6 0 
19 2 0 
20 6 0 
21 1 0 
22 8 0 
23 7 0 
24 9 0 
25 2 0 
26 0 0 
27 2 0 
28 3 0 
29 7 0 
30 5 0 
31 9 0 
32 2 0 
33 2 0 
34 8 0 
35 9 0 
36 7 0 
37 3 0 
38 6 0 
39 1 0 
40 2 0 
41 9 0 
42 3 0 
43 1 0 
44 9 0 
45 4 0 
46 7 0 
47 8 0 
48 4 0 
49 5 0 
50 0 0 
51 3 0 
52 172 6 
53 81 8 
54 83 7 
55 139 4 
56 106 7 
57 159 0 
58 66 1 
59 55 3 
60 174 7 
61 122 6 
62 168 6 
63 72 4 
64 44 3 
65 169 2 
66 112 1 
67 105 3 
68 87 1 
69 83 8 
70 99 7 
71 53 7 
72 219 6 
73 85 5 
74 81 6 
75 172 8 
76 130 8 
77 0 0 
78 3 3 
79 54 1 
80 57 0 
81 49 2 
82 106 0 
83 45 3 
84 151 3 
85 21 6 
86 6 0 
87 9 6 
88 12 4 
89 21 7 
90 21 5 
91 42 8 
92 15 3 
93 57 6 
94 24 7 
95 9 0 
96 12 0 
97 12 1 
98 24 1 
99 42 8 
100 66 7 
101 5 3 
102 71 4 
103 12 6 
104 21 0 
105 24 6 
106 48 4 
107 72 7 
108 7 2 
109 79 8 
110 45 3 
111 124 5 
112 15 7 
113 15 0 
114 18 3 
115 54 1 
116 72 4 
117 14 5 
118 86 4 
119 20 3 
120 106 4 
121 0 6 
122 0 0 
123 3 0 
124 54 7 
125 57 1 
126 14 2 
127 71 1 
128 81 3 
129 152 0 
130 7 6 
131 10 0 
132 13 6 
133 12 4 
134 25 3 
135 6 5 
136 31 3 
137 27 0 
138 58 0 
139 8 7 
140 15 0 
141 18 6 
142 12 1 
143 30 7 
144 12 8 
145 42 7 
146 9 3 
147 51 4 
148 4 6 
149 35 0 
150 38 3 
151 48 4 
152 86 4 
153 2 8 
154 88 7 
155 81 3 
156 169 4 
157 5 7 
158 25 0 
159 28 3 
160 54 4 
161 82 3 
162 4 2 
163 86 0 
164 36 3 
165 122 0 
166 0 6 
167 0 2 
168 3 2 
169 63 1 
170 66 1 
171 0 8 
172 66 2 
173 81 3 
174 147 0 
175 21 6 
176 4 5 
177 7 5 
178 14 4 
179 21 4 
180 0 5 
181 21 5 
182 27 5 
183 48 5 
184 24 7 
185 6 2 
186 9 5 
187 14 1 
188 23 4 
189 0 8 
190 23 5 
191 9 8 
192 32 5 
193 12 6 
194 14 0 
195 17 0 
196 56 7 
197 73 6 
198 0 8 
199 73 8 
200 81 4 
201 154 5 
202 15 6 
203 10 2 
204 13 5 
205 63 1 
206 76 2 
207 0 2 
208 76 2 
209 36 3 
210 112 0 
211 0 6 
212 0 1 
213 3 1 
214 0 1 
215 3 1 
216 42 2 
217 45 2 
218 18 3 
219 63 5 
220 42 6 
221 12 0 
222 15 0 
223 0 4 
224 15 1 
225 18 5 
226 33 2 
227 6 5 
228 39 2 
229 48 7 
230 18 2 
231 21 2 
232 0 1 
233 21 1 
234 36 8 
235 57 7 
236 2 5 
237 59 8 
238 24 6 
239 42 1 
240 45 7 
241 0 7 
242 45 7 
243 6 2 
244 51 8 
245 18 5 
246 69 8 
247 30 7 
248 30 0 
249 33 2 
250 0 1 
251 33 2 
252 12 5 
253 45 2 
254 8 4 
255 53 1 
256 0 7 
257 0 1 
258 3 4 
259 72 1 
260 75 4 
261 49 2 
262 124 5 
263 81 3 
264 205 3 
265 14 6 
266 2 0 
267 5 2 
268 16 4 
269 21 1 
270 21 5 
271 42 2 
272 27 3 
273 69 0 
274 16 7 
275 3 2 
276 6 5 
277 16 1 
278 22 3 
279 42 8 
280 64 6 
281 9 8 
282 73 6 
283 8 6 
284 7 4 
285 10 4 
286 64 7 
287 74 4 
288 7 2 
289 81 1 
290 81 8 
291 162 7 
292 10 8 
293 5 5 
294 8 5 
295 72 4 
296 80 4 
297 14 2 
298 94 5 
299 36 3 
300 130 5 
301 0 6 
