0 0 -1 
1 3 0 
2 6 0 
3 7 0 
4 5 0 
5 3 0 
6 5 0 
7 6 0 
8 2 0 
9 9 0 
10 1 0 
11 2 0 
12 7 0 
13 0 0 
14 9 0 
15 3 0 
16 6 0 
17 0 0 
18 6 0 
19 2 0 
20 6 0 
21 1 0 
22 8 0 
23 7 0 
24 9 0 
25 2 0 
26 0 0 
27 2 0 
28 3 0 
29 7 0 
30 5 0 
31 9 0 
32 2 0 
33 2 0 
34 8 0 
35 9 0 
36 7 0 
37 3 0 
38 6 0 
39 1 0 
40 2 0 
41 9 0 
42 3 0 
43 1 0 
44 9 0 
45 4 0 
46 7 0 
47 8 0 
48 4 0 
49 5 0 
50 0 0 
51 3 0 
52 6 0 
53 1 0 
54 0 0 
55 6 0 
56 3 0 
57 2 0 
58 0 0 
59 6 0 
60 1 0 
61 5 0 
62 5 0 
63 4 0 
64 7 0 
65 6 0 
66 5 0 
67 6 0 
68 9 0 
69 3 0 
70 7 0 
71 4 0 
72 5 0 
73 2 0 
74 5 0 
75 4 0 
76 7 0 
77 4 0 
78 4 0 
79 3 0 
80 0 0 
81 7 0 
82 8 0 
83 6 0 
84 8 0 
85 8 0 
86 4 0 
87 3 0 
88 1 0 
89 4 0 
90 9 0 
91 2 0 
92 0 0 
93 6 0 
94 8 0 
95 9 0 
96 2 0 
97 6 0 
98 6 0 
99 4 0 
100 9 0 
101 5 0 
102 0 0 
103 4 0 
104 8 0 
105 7 0 
106 1 0 
107 7 0 
108 2 0 
109 7 0 
110 2 0 
111 2 0 
112 6 0 
113 1 0 
114 0 0 
115 6 0 
116 1 0 
117 5 0 
118 9 0 
119 4 0 
120 9 0 
121 0 0 
122 9 0 
123 1 0 
124 7 0 
125 7 0 
126 1 0 
127 1 0 
128 5 0 
129 9 0 
130 7 0 
131 7 0 
132 6 0 
133 7 0 
134 3 0 
135 6 0 
136 5 0 
137 6 0 
138 3 0 
139 9 0 
140 4 0 
141 8 0 
142 1 0 
143 2 0 
144 9 0 
145 3 0 
146 9 0 
147 0 0 
148 8 0 
149 8 0 
150 5 0 
151 0 0 
152 9 0 
153 6 0 
154 3 0 
155 8 0 
156 5 0 
157 6 0 
158 1 0 
159 1 0 
160 5 0 
161 9 0 
162 8 0 
163 4 0 
164 233 4 
165 230 12 
166 209 12 
167 293 15 
168 242 2 
169 174 3 
170 187 0 
171 253 8 
172 265 6 
173 211 12 
174 180 2 
175 180 8 
176 167 4 
177 214 15 
178 141 3 
179 144 4 
180 207 10 
181 164 5 
182 185 13 
183 138 0 
184 232 0 
185 213 6 
186 218 3 
187 108 3 
188 215 0 
189 161 4 
190 183 5 
191 258 1 
192 268 6 
193 183 12 
194 358 0 
195 271 2 
196 192 12 
197 179 11 
198 282 0 
199 310 11 
200 191 5 
201 201 13 
202 199 7 
203 218 13 
204 262 4 
205 116 15 
206 161 9 
207 252 10 
208 189 1 
209 183 13 
210 136 3 
211 163 1 
212 253 7 
213 194 6 
214 140 11 
215 120 12 
216 143 10 
217 210 5 
218 183 0 
219 186 4 
220 168 7 
221 200 11 
222 196 0 
223 123 6 
224 104 6 
225 196 14 
226 193 0 
227 305 9 
228 252 0 
229 262 0 
230 310 4 
231 299 10 
232 180 2 
233 204 4 
234 276 11 
235 285 15 
236 191 8 
237 160 15 
238 180 8 
239 215 7 
240 179 6 
241 107 12 
242 176 3 
243 186 5 
244 196 8 
245 24 0 
246 28 8 
247 12 1 
248 40 4 
249 63 3 
250 103 4 
251 35 4 
252 138 4 
253 27 12 
254 165 8 
255 5 0 
256 170 4 
257 30 0 
258 200 4 
259 6 0 
260 206 4 
261 27 0 
262 18 0 
263 22 8 
264 0 2 
265 22 12 
266 35 7 
267 57 12 
268 10 5 
269 67 12 
270 12 13 
271 79 12 
272 25 0 
273 104 12 
274 36 0 
275 140 13 
276 18 0 
277 158 12 
278 72 0 
279 24 0 
280 28 4 
281 36 6 
282 64 4 
283 0 11 
284 64 4 
285 10 8 
286 74 8 
287 27 14 
288 101 12 
289 45 0 
290 146 12 
291 18 0 
292 164 12 
293 0 0 
294 164 12 
295 45 0 
296 24 0 
297 28 0 
298 48 10 
299 76 4 
300 28 15 
301 104 11 
302 30 9 
303 134 10 
304 0 12 
305 134 14 
306 35 0 
307 169 13 
308 54 0 
309 223 13 
310 16 0 
311 239 12 
312 54 0 
313 12 1 
314 16 1 
315 54 1 
316 70 0 
317 56 3 
318 126 3 
319 5 4 
320 131 3 
321 27 13 
322 158 3 
323 35 0 
324 193 3 
325 24 3 
326 217 2 
327 16 12 
328 233 3 
329 9 0 
330 9 1 
331 13 1 
332 12 2 
333 25 13 
334 49 7 
335 74 9 
336 0 5 
337 74 10 
338 3 14 
339 77 14 
340 30 4 
341 107 2 
342 48 3 
343 155 6 
344 10 8 
345 165 2 
346 9 0 
347 3 1 
348 7 1 
349 36 6 
350 43 5 
351 7 11 
352 50 5 
353 30 8 
354 80 5 
355 21 12 
356 101 1 
357 35 7 
358 136 0 
359 6 2 
360 142 0 
361 0 11 
362 142 4 
363 45 0 
364 12 9 
365 16 9 
366 36 10 
367 52 10 
368 49 15 
369 101 11 
370 5 9 
371 106 8 
372 21 12 
373 127 8 
374 15 4 
375 142 8 
376 12 6 
377 154 11 
378 18 13 
379 172 8 
380 81 0 
381 27 10 
382 31 10 
383 24 1 
384 55 14 
385 14 3 
386 69 14 
387 25 4 
388 94 13 
389 3 12 
390 97 13 
391 30 7 
392 127 12 
393 54 2 
394 181 12 
395 12 12 
396 193 13 
397 72 0 
398 8 8 
399 12 8 
400 4 2 
401 16 12 
402 63 3 
403 79 12 
404 0 4 
405 79 12 
406 81 12 
407 160 12 
408 3 5 
409 163 12 
410 30 11 
411 193 12 
412 0 13 
413 193 12 
414 18 0 
415 6 5 
416 10 9 
417 0 2 
418 10 10 
419 35 7 
420 45 10 
421 0 5 
422 45 10 
423 36 13 
424 81 10 
425 15 8 
426 96 10 
427 36 15 
428 132 10 
429 0 12 
430 132 14 
431 48 0 
432 8 5 
433 12 8 
434 12 6 
435 24 11 
436 0 11 
437 24 11 
438 0 8 
439 24 11 
440 81 13 
441 105 8 
442 27 4 
443 132 8 
444 18 3 
445 150 8 
446 0 12 
447 150 8 
448 30 0 
449 8 1 
450 12 1 
451 16 10 
452 28 13 
453 28 15 
454 56 12 
455 0 9 
456 56 12 
457 0 8 
458 56 12 
459 21 7 
460 77 0 
461 54 14 
462 131 0 
463 0 15 
464 131 0 
465 36 0 
466 4 1 
467 8 1 
468 18 1 
469 26 1 
470 56 11 
471 82 2 
472 0 9 
473 82 1 
474 81 13 
475 163 13 
476 21 8 
477 184 12 
478 24 3 
479 208 15 
480 0 12 
481 208 15 
482 6 0 
483 3 5 
484 7 9 
485 4 14 
486 11 10 
487 49 7 
488 60 11 
489 0 5 
490 60 7 
491 9 14 
492 69 3 
493 18 4 
494 87 7 
495 48 15 
496 135 3 
497 0 9 
498 135 3 
499 6 0 
500 1 13 
501 5 13 
502 12 6 
503 17 14 
504 7 10 
505 24 10 
506 0 8 
507 24 10 
508 63 12 
509 87 9 
510 21 7 
511 108 5 
512 6 14 
513 114 1 
514 0 11 
515 114 5 
516 30 0 
517 4 9 
518 8 9 
519 12 14 
520 20 10 
521 49 15 
522 69 11 
523 0 13 
524 69 10 
525 63 14 
526 132 10 
527 9 4 
528 141 10 
529 12 10 
530 153 10 
531 0 14 
532 153 10 
533 54 0 
534 9 6 
535 13 6 
536 8 13 
537 21 2 
538 14 6 
539 35 6 
540 0 7 
541 35 6 
542 9 8 
543 44 5 
544 18 11 
545 62 5 
546 54 2 
547 116 5 
548 0 15 
549 116 5 
550 48 0 
551 16 10 
552 20 10 
553 12 1 
554 32 14 
555 9 3 
556 41 14 
557 56 4 
558 97 13 
559 63 12 
560 160 13 
561 9 9 
562 169 13 
563 10 10 
564 179 13 
565 0 13 
566 179 13 
567 6 0 
568 12 13 
569 16 13 
570 0 2 
571 16 13 
572 5 7 
573 21 4 
574 16 5 
575 37 4 
576 28 13 
577 65 4 
578 45 8 
579 110 5 
580 12 3 
581 122 4 
582 0 12 
583 122 0 
584 16 0 
585 16 6 
586 20 6 
587 36 2 
588 56 6 
589 0 11 
590 56 10 
591 16 8 
592 72 11 
593 63 13 
594 135 10 
595 81 5 
596 216 6 
597 6 3 
598 222 7 
599 0 12 
600 222 4 
601 10 0 
602 16 1 
603 20 1 
604 48 10 
605 68 2 
606 4 15 
607 72 2 
608 48 6 
609 120 2 
610 0 8 
611 120 3 
612 63 3 
613 183 2 
614 18 6 
615 201 6 
616 0 15 
617 201 6 
618 12 0 
619 8 1 
620 12 1 
621 54 1 
622 66 1 
623 8 3 
624 74 2 
625 8 9 
626 82 1 
627 63 14 
628 145 1 
629 63 10 
630 208 2 
631 8 7 
632 216 3 
633 0 11 
634 216 7 
635 2 0 
636 6 2 
637 10 2 
638 12 14 
639 22 14 
640 7 3 
641 29 15 
642 0 5 
643 29 14 
644 7 14 
645 36 2 
646 54 4 
647 90 3 
648 16 15 
649 106 3 
650 0 8 
651 106 3 
652 2 0 
653 2 13 
654 6 13 
655 36 2 
656 42 14 
657 1 11 
658 43 15 
659 48 8 
660 91 15 
661 49 12 
662 140 15 
663 63 7 
664 203 3 
665 2 6 
666 205 2 
667 0 3 
668 205 3 
669 10 0 
670 8 9 
671 12 9 
672 36 6 
673 48 10 
674 7 15 
675 55 11 
676 8 9 
677 63 8 
678 49 12 
679 112 8 
680 27 5 
681 139 8 
682 4 6 
683 143 9 
684 0 9 
685 143 8 
686 18 4 
687 18 14 
688 22 14 
689 24 1 
690 46 13 
691 2 15 
692 48 14 
693 40 4 
694 88 2 
695 7 8 
696 95 6 
697 54 11 
698 149 6 
699 18 2 
700 167 6 
701 0 11 
702 167 6 
703 16 12 
704 24 10 
705 28 10 
706 14 1 
707 42 14 
708 45 3 
709 87 2 
710 63 4 
711 150 1 
712 18 12 
713 168 1 
714 2 5 
715 170 1 
716 40 14 
717 210 1 
718 27 6 
719 237 1 
720 21 3 
721 18 1 
722 22 1 
723 0 2 
724 22 1 
725 25 7 
726 47 5 
727 18 5 
728 65 6 
729 8 13 
730 73 2 
731 10 8 
732 83 14 
733 48 14 
734 131 2 
735 81 15 
736 212 2 
737 56 11 
738 24 6 
739 28 6 
740 42 6 
741 70 7 
742 0 11 
743 70 11 
744 18 11 
745 88 8 
746 18 15 
747 106 12 
748 18 4 
749 124 0 
750 24 1 
751 148 1 
752 0 12 
753 148 13 
754 35 0 
755 24 2 
756 28 2 
757 56 9 
758 84 2 
759 20 15 
760 104 2 
761 54 9 
762 158 1 
763 0 8 
764 158 0 
765 14 3 
766 172 0 
767 72 2 
768 244 0 
769 72 14 
770 316 0 
771 42 15 
772 12 2 
773 16 2 
774 63 1 
775 79 2 
776 40 3 
777 119 3 
778 9 10 
779 128 15 
780 18 14 
781 146 14 
782 14 9 
783 160 14 
784 32 6 
785 192 10 
786 72 10 
787 264 6 
788 7 3 
789 9 2 
790 13 2 
791 14 14 
792 27 14 
793 35 7 
794 62 10 
795 0 4 
796 62 11 
797 2 15 
798 64 11 
799 12 8 
800 76 11 
801 64 9 
802 140 11 
803 45 13 
804 185 8 
805 7 3 
806 3 13 
807 7 13 
808 42 1 
809 49 13 
810 5 10 
811 54 9 
812 54 7 
813 108 10 
814 14 12 
815 122 10 
816 14 4 
817 136 10 
818 8 5 
819 144 10 
820 0 7 
821 144 11 
822 35 2 
823 12 5 
824 16 5 
825 42 2 
826 58 6 
827 35 15 
828 93 7 
829 9 5 
830 102 6 
831 14 8 
832 116 5 
833 6 4 
834 122 5 
835 16 1 
836 138 1 
837 81 14 
838 219 1 
839 63 7 
840 27 14 
841 31 15 
842 28 13 
843 59 12 
844 10 15 
845 69 12 
846 45 7 
847 114 15 
848 2 8 
849 116 15 
850 12 11 
851 128 15 
852 72 2 
853 200 15 
854 54 14 
855 254 15 
856 56 8 
857 24 10 
858 28 11 
859 12 1 
860 40 15 
861 9 3 
862 49 15 
863 14 4 
864 63 15 
865 81 12 
866 144 15 
867 3 5 
868 147 3 
869 5 15 
870 152 3 
871 27 1 
872 179 2 
873 12 4 
874 18 6 
875 22 6 
876 0 2 
877 22 6 
878 5 7 
879 27 6 
880 4 5 
881 31 6 
882 36 9 
883 67 10 
884 15 8 
885 82 9 
886 6 3 
887 88 13 
888 81 12 
889 169 13 
890 32 12 
891 24 6 
892 28 6 
893 36 6 
894 64 6 
895 0 11 
896 64 7 
897 4 4 
898 68 7 
899 81 11 
900 149 7 
901 27 4 
902 176 4 
903 3 3 
904 179 7 
905 0 12 
906 179 11 
907 20 0 
908 24 2 
909 28 2 
910 48 9 
911 76 14 
912 4 15 
913 80 14 
914 12 6 
915 92 14 
916 0 12 
917 92 14 
918 21 3 
919 113 14 
920 9 7 
921 122 2 
922 72 1 
923 194 1 
924 24 15 
925 12 2 
926 16 2 
927 54 1 
928 70 2 
929 8 11 
930 78 6 
931 2 4 
932 80 6 
933 81 13 
934 161 2 
935 21 9 
936 182 1 
937 4 7 
938 186 0 
939 72 11 
940 258 0 
941 4 7 
942 9 14 
943 13 14 
944 12 14 
945 25 14 
946 7 3 
947 32 15 
948 0 5 
949 32 14 
950 9 11 
951 41 14 
952 18 1 
953 59 14 
954 8 15 
955 67 14 
956 45 8 
957 112 15 
958 4 7 
959 3 1 
960 7 5 
961 36 2 
962 43 1 
963 1 10 
964 44 5 
965 12 8 
966 56 5 
967 63 12 
968 119 1 
969 21 11 
970 140 13 
971 1 6 
972 141 9 
973 0 11 
974 141 9 
975 20 11 
976 12 5 
977 16 5 
978 36 10 
979 52 9 
980 7 11 
981 59 10 
982 2 9 
983 61 10 
984 63 8 
985 124 10 
986 9 5 
987 133 10 
988 2 6 
989 135 10 
990 81 13 
991 216 10 
992 36 4 
993 27 14 
994 31 14 
995 24 13 
996 55 14 
997 2 2 
998 57 14 
999 10 5 
1000 67 2 
1001 9 9 
1002 76 1 
1003 18 10 
1004 94 2 
1005 9 14 
1006 103 2 
1007 54 14 
1008 157 2 
1009 32 12 
1010 56 10 
1011 60 10 
1012 16 1 
1013 76 9 
1014 36 3 
1015 112 13 
1016 35 4 
1017 147 13 
1018 0 12 
1019 147 13 
1020 3 9 
1021 150 13 
1022 30 15 
1023 180 13 
1024 3 13 
1025 183 13 
1026 0 0 
1027 42 1 
1028 46 0 
1029 0 2 
1030 46 3 
1031 20 7 
1032 66 3 
1033 10 5 
1034 76 7 
1035 0 10 
1036 76 7 
1037 15 8 
1038 91 7 
1039 36 3 
1040 127 7 
1041 9 12 
1042 136 3 
1043 0 12 
1044 56 6 
1045 60 6 
1046 48 5 
1047 108 5 
1048 0 11 
1049 108 5 
1050 10 4 
1051 118 5 
1052 0 14 
1053 118 1 
1054 27 4 
1055 145 1 
1056 18 3 
1057 163 1 
1058 0 12 
1059 163 1 
1060 0 0 
1061 56 1 
1062 60 5 
1063 64 9 
1064 124 5 
1065 16 3 
1066 140 5 
1067 30 9 
1068 170 5 
1069 0 8 
1070 170 5 
1071 21 7 
1072 191 6 
1073 54 7 
1074 245 6 
1075 8 15 
1076 253 7 
1077 0 11 
1078 28 2 
1079 32 2 
1080 72 1 
1081 104 2 
1082 32 3 
1083 136 3 
1084 5 9 
1085 141 2 
1086 0 10 
1087 141 10 
1088 21 10 
1089 162 11 
1090 24 3 
1091 186 11 
1092 8 13 
1093 194 10 
1094 0 3 
1095 21 5 
1096 25 5 
1097 16 14 
1098 41 6 
1099 28 6 
1100 69 5 
1101 0 4 
1102 69 5 
1103 0 15 
1104 69 9 
1105 18 4 
1106 87 9 
1107 48 15 
1108 135 9 
1109 5 9 
1110 140 8 
1111 0 7 
1112 7 13 
1113 11 13 
1114 48 6 
1115 59 9 
1116 4 10 
1117 63 9 
1118 30 7 
1119 93 8 
1120 0 12 
1121 93 8 
1122 21 7 
1123 114 8 
1124 6 2 
1125 120 12 
1126 0 12 
1127 120 12 
1128 0 11 
1129 28 9 
1130 32 9 
1131 48 13 
1132 80 9 
1133 28 15 
1134 108 8 
1135 5 5 
1136 113 9 
1137 0 11 
1138 113 10 
1139 9 4 
1140 122 9 
1141 12 6 
1142 134 10 
1143 9 9 
1144 143 10 
1145 0 4 
1146 63 1 
1147 67 1 
1148 32 13 
1149 99 13 
1150 8 6 
1151 107 1 
1152 25 7 
1153 132 2 
1154 0 9 
1155 132 1 
1156 18 7 
1157 150 5 
1158 54 2 
1159 204 5 
1160 6 15 
1161 210 5 
1162 0 8 
1163 48 8 
1164 52 8 
1165 6 2 
1166 58 12 
1167 18 3 
1168 76 12 
1169 0 4 
1170 76 12 
1171 54 12 
1172 130 12 
1173 1 6 
1174 131 0 
1175 25 15 
1176 156 0 
1177 15 13 
1178 171 1 
1179 12 4 
1180 36 1 
1181 40 1 
1182 0 2 
1183 40 1 
1184 10 11 
1185 50 2 
1186 0 5 
1187 50 5 
1188 24 13 
1189 74 5 
1190 5 8 
1191 79 5 
1192 30 3 
1193 109 4 
1194 45 12 
1195 154 4 
1196 32 12 
1197 48 5 
1198 52 5 
1199 18 6 
1200 70 5 
1201 0 11 
1202 70 6 
1203 0 8 
1204 70 10 
1205 54 15 
1206 124 11 
1207 9 4 
1208 133 11 
1209 15 3 
1210 148 11 
1211 0 8 
1212 148 11 
1213 20 0 
1214 48 2 
1215 52 3 
1216 24 10 
1217 76 15 
1218 8 15 
1219 84 15 
1220 0 9 
1221 84 15 
1222 0 12 
1223 84 15 
1224 7 7 
1225 91 11 
1226 45 14 
1227 136 11 
1228 40 14 
1229 176 11 
1230 24 11 
1231 24 2 
1232 28 3 
1233 27 1 
1234 55 0 
1235 16 3 
1236 71 0 
1237 0 4 
1238 71 0 
1239 54 13 
1240 125 12 
1241 7 5 
1242 132 0 
1243 20 11 
1244 152 4 
1245 40 13 
1246 192 0 
1247 4 3 
1248 18 1 
1249 22 0 
1250 6 14 
1251 28 3 
1252 14 6 
1253 42 3 
1254 0 5 
1255 42 2 
1256 6 13 
1257 48 2 
1258 6 11 
1259 54 2 
1260 40 15 
1261 94 2 
1262 25 8 
1263 119 6 
1264 4 7 
1265 6 13 
1266 10 13 
1267 18 7 
1268 28 4 
1269 2 10 
1270 30 4 
1271 0 7 
1272 30 4 
1273 42 12 
1274 72 4 
1275 7 11 
1276 79 4 
1277 5 14 
1278 84 7 
1279 0 9 
1280 84 7 
1281 20 12 
1282 24 13 
1283 28 13 
1284 18 6 
1285 46 14 
1286 14 15 
1287 60 14 
1288 0 13 
1289 60 14 
1290 42 8 
1291 102 13 
1292 3 5 
1293 105 1 
1294 10 10 
1295 115 13 
1296 45 9 
1297 160 14 
1298 36 4 
1299 54 1 
1300 58 0 
1301 12 14 
1302 70 3 
1303 4 2 
1304 74 3 
1305 0 4 
1306 74 3 
1307 6 9 
1308 80 0 
1309 6 11 
1310 86 0 
1311 45 2 
1312 131 0 
1313 30 12 
1314 161 0 
1315 32 8 
1316 56 10 
1317 60 10 
1318 12 1 
1319 72 9 
1320 45 3 
1321 117 13 
1322 42 4 
1323 159 13 
1324 81 12 
1325 240 14 
1326 3 9 
1327 243 10 
1328 35 11 
1329 278 10 
1330 12 13 
1331 290 9 
1332 15 4 
1333 42 5 
1334 46 5 
1335 0 2 
1336 46 6 
1337 25 7 
1338 71 6 
1339 12 5 
1340 83 6 
1341 36 13 
1342 119 5 
1343 15 8 
1344 134 4 
1345 42 3 
1346 176 0 
1347 36 12 
1348 212 0 
1349 40 12 
1350 56 6 
1351 60 6 
1352 36 5 
1353 96 5 
1354 0 7 
1355 96 4 
1356 12 8 
1357 108 4 
1358 81 15 
1359 189 7 
1360 27 4 
1361 216 4 
1362 21 3 
1363 237 0 
1364 0 12 
1365 237 0 
1366 25 3 
1367 56 5 
1368 60 5 
1369 48 5 
1370 108 5 
1371 20 15 
1372 128 14 
1373 36 9 
1374 164 13 
1375 0 5 
1376 164 5 
1377 21 7 
1378 185 5 
1379 63 7 
1380 248 5 
1381 32 14 
1382 280 5 
1383 30 0 
1384 28 2 
1385 32 2 
1386 54 1 
1387 86 2 
1388 40 3 
1389 126 2 
1390 6 4 
1391 132 6 
1392 81 10 
1393 213 6 
1394 21 6 
1395 234 5 
1396 28 11 
1397 262 5 
1398 32 10 
1399 294 9 
1400 5 3 
1401 21 14 
1402 25 14 
1403 12 2 
1404 37 14 
1405 35 3 
1406 72 15 
1407 0 4 
1408 72 3 
1409 9 11 
1410 81 15 
1411 18 11 
1412 99 15 
1413 56 15 
1414 155 14 
1415 20 8 
1416 175 14 
1417 5 7 
1418 7 13 
1419 11 13 
1420 36 1 
1421 47 13 
1422 5 7 
1423 52 4 
1424 36 8 
1425 88 4 
1426 63 15 
1427 151 4 
1428 21 4 
1429 172 4 
1430 7 3 
1431 179 4 
1432 0 12 
1433 179 4 
1434 25 0 
1435 28 9 
1436 32 9 
1437 36 2 
1438 68 10 
1439 35 15 
1440 103 14 
1441 6 10 
1442 109 10 
1443 63 8 
1444 172 10 
1445 9 4 
1446 181 10 
1447 14 7 
1448 195 10 
1449 36 15 
1450 231 10 
1451 45 7 
1452 63 14 
1453 67 15 
1454 24 1 
1455 91 15 
1456 10 14 
1457 101 15 
1458 30 7 
1459 131 15 
1460 9 9 
1461 140 15 
1462 18 7 
1463 158 11 
1464 63 6 
1465 221 10 
1466 24 15 
1467 245 14 
1468 40 11 
1469 16 10 
1470 20 11 
1471 10 1 
1472 30 15 
1473 36 3 
1474 66 11 
1475 49 4 
1476 115 11 
1477 36 6 
1478 151 11 
1479 4 9 
1480 155 11 
1481 15 11 
1482 170 8 
1483 0 1 
1484 170 9 
1485 21 4 
1486 12 13 
1487 16 14 
1488 0 2 
1489 16 14 
1490 20 11 
1491 36 15 
1492 14 5 
1493 50 11 
1494 16 13 
1495 66 11 
1496 20 8 
1497 86 11 
1498 18 3 
1499 104 11 
1500 0 12 
1501 104 11 
1502 56 12 
1503 16 6 
1504 20 6 
1505 30 5 
1506 50 6 
1507 0 11 
1508 50 7 
1509 14 8 
1510 64 4 
1511 36 11 
1512 100 8 
1513 36 4 
1514 136 8 
1515 9 5 
1516 145 9 
1517 0 12 
1518 145 8 
1519 35 3 
1520 16 2 
1521 20 2 
1522 40 9 
1523 60 6 
1524 16 7 
1525 76 10 
1526 42 6 
1527 118 6 
1528 0 8 
1529 118 5 
1530 28 7 
1531 146 6 
1532 27 2 
1533 173 5 
1534 0 5 
1535 173 6 
1536 42 0 
1537 8 1 
1538 12 0 
1539 45 6 
1540 57 3 
1541 32 11 
1542 89 3 
1543 7 2 
1544 96 3 
1545 36 14 
1546 132 3 
1547 28 6 
1548 160 3 
1549 12 6 
1550 172 7 
1551 0 10 
1552 172 6 
1553 7 7 
1554 6 14 
1555 10 14 
1556 10 14 
1557 20 15 
1558 28 6 
1559 48 15 
1560 0 4 
1561 48 15 
1562 4 15 
1563 52 15 
1564 24 11 
1565 76 15 
1566 24 9 
1567 100 12 
1568 0 13 
1569 100 12 
1570 7 12 
1571 2 13 
1572 6 9 
1573 30 6 
1574 36 10 
1575 4 10 
1576 40 10 
1577 42 7 
1578 82 6 
1579 28 12 
1580 110 2 
1581 28 4 
1582 138 3 
1583 3 14 
1584 141 3 
1585 0 1 
1586 141 3 
1587 35 11 
1588 8 9 
1589 12 9 
1590 30 13 
1591 42 9 
1592 28 3 
1593 70 9 
1594 7 4 
1595 77 9 
1596 28 13 
1597 105 13 
1598 12 9 
1599 117 13 
1600 6 10 
1601 123 13 
1602 0 14 
1603 123 9 
1604 63 3 
1605 18 13 
1606 22 13 
1607 20 14 
1608 42 14 
1609 8 2 
1610 50 14 
1611 35 7 
1612 85 15 
1613 4 9 
1614 89 11 
1615 24 8 
1616 113 11 
1617 27 15 
1618 140 8 
1619 0 15 
1620 140 11 
1621 56 8 
