0 0 -1 
1 3 0 
2 6 0 
3 7 0 
4 5 0 
5 3 0 
6 5 0 
7 6 0 
8 2 0 
9 9 0 
10 1 0 
11 2 0 
12 7 0 
13 0 0 
14 9 0 
15 3 0 
16 6 0 
17 0 0 
18 6 0 
19 2 0 
20 6 0 
21 1 0 
22 8 0 
23 7 0 
24 9 0 
25 2 0 
26 0 0 
27 2 0 
28 3 0 
29 7 0 
30 5 0 
31 9 0 
32 2 0 
33 2 0 
34 8 0 
35 9 0 
36 7 0 
37 3 0 
38 6 0 
39 1 0 
40 2 0 
41 9 0 
42 3 0 
43 1 0 
44 9 0 
45 4 0 
46 7 0 
47 8 0 
48 4 0 
49 5 0 
50 0 0 
51 3 0 
52 6 0 
53 1 0 
54 0 0 
55 6 0 
56 3 0 
57 2 0 
58 0 0 
59 6 0 
60 1 0 
61 5 0 
62 5 0 
63 4 0 
64 7 0 
65 6 0 
66 5 0 
67 6 0 
68 9 0 
69 3 0 
70 7 0 
71 4 0 
72 5 0 
73 2 0 
74 127 2 
75 149 6 
76 87 3 
77 148 3 
78 152 0 
79 80 6 
80 125 0 
81 132 1 
82 74 3 
83 145 1 
84 127 2 
85 74 1 
86 98 4 
87 155 6 
88 77 8 
89 125 6 
90 137 7 
91 74 1 
92 156 3 
93 208 5 
94 102 7 
95 166 4 
96 195 0 
97 120 3 
98 101 8 
99 103 0 
100 59 0 
101 102 2 
102 102 5 
103 71 8 
104 176 7 
105 206 6 
106 98 3 
107 158 2 
108 231 8 
109 125 5 
110 9 0 
111 11 3 
112 6 1 
113 17 4 
114 35 2 
115 52 5 
116 30 3 
117 82 5 
118 15 6 
119 97 8 
120 30 0 
121 18 0 
122 20 1 
123 54 4 
124 74 1 
125 0 5 
126 74 4 
127 15 3 
128 89 3 
129 15 7 
130 104 6 
131 45 0 
132 3 0 
133 5 0 
134 24 1 
135 29 0 
136 21 8 
137 50 6 
138 10 3 
139 60 6 
140 12 6 
141 72 3 
142 15 0 
143 6 0 
144 8 3 
145 42 4 
146 50 4 
147 42 2 
148 92 5 
149 0 3 
150 92 5 
151 21 7 
152 113 4 
153 35 0 
154 27 0 
155 29 3 
156 48 1 
157 77 4 
158 7 5 
159 84 4 
160 30 3 
161 114 3 
162 18 6 
163 132 6 
164 20 0 
165 9 0 
166 11 0 
167 24 1 
168 35 0 
169 0 8 
170 35 6 
171 5 3 
172 40 6 
173 15 6 
174 55 6 
175 25 0 
176 18 0 
177 20 0 
178 2 1 
179 22 0 
180 45 2 
181 67 0 
182 6 3 
183 73 0 
184 10 6 
185 83 0 
186 42 0 
187 36 0 
188 38 1 
189 18 4 
190 56 4 
191 0 5 
192 56 4 
193 3 3 
194 59 4 
195 10 7 
196 69 7 
197 63 0 
198 6 2 
199 8 8 
200 8 1 
201 16 7 
202 27 8 
203 43 7 
204 2 3 
205 45 4 
206 8 6 
207 53 3 
208 21 0 
209 12 2 
210 14 5 
211 14 5 
212 28 5 
213 54 5 
214 82 5 
215 0 3 
216 82 5 
217 14 7 
218 96 4 
219 49 0 
220 54 2 
221 56 2 
222 16 4 
223 72 5 
224 9 4 
225 81 5 
226 6 3 
227 87 5 
228 12 6 
229 99 8 
230 28 0 
231 18 0 
232 20 3 
233 8 4 
234 28 3 
235 0 7 
236 28 4 
237 1 4 
238 29 4 
239 10 7 
240 39 7 
241 35 0 
242 0 2 
243 2 2 
244 9 1 
245 11 2 
246 15 2 
247 26 2 
248 36 5 
249 62 5 
250 0 6 
251 62 3 
252 36 1 
253 0 8 
254 2 8 
255 81 4 
256 83 7 
257 0 8 
258 83 7 
259 18 3 
260 101 6 
261 0 7 
262 101 6 
263 54 3 
264 0 2 
265 2 5 
266 36 7 
267 38 4 
268 9 8 
269 47 5 
270 12 4 
271 59 5 
272 0 6 
273 59 8 
274 18 4 
275 0 2 
276 2 8 
277 63 5 
278 65 8 
279 18 2 
280 83 8 
281 0 5 
282 83 8 
283 0 7 
284 83 8 
285 42 3 
286 0 2 
287 2 2 
288 72 1 
289 74 1 
290 3 2 
291 77 1 
292 36 4 
293 113 1 
294 0 6 
295 113 7 
296 24 1 
297 0 2 
298 2 2 
299 36 4 
300 38 5 
301 0 7 
302 38 4 
303 6 4 
304 44 4 
305 0 6 
306 44 7 
307 30 0 
308 6 6 
309 8 6 
310 6 1 
311 14 7 
312 5 2 
313 19 1 
314 48 3 
315 67 4 
316 35 6 
317 102 3 
318 54 0 
319 12 7 
320 14 7 
321 54 4 
322 68 4 
323 0 8 
324 68 5 
325 24 3 
326 92 5 
327 35 7 
328 127 8 
329 81 3 
330 2 2 
331 4 2 
332 24 1 
333 28 2 
334 3 8 
335 31 8 
336 16 4 
337 47 7 
338 28 6 
339 75 7 
340 27 1 
341 4 8 
342 6 7 
343 42 5 
344 48 4 
345 6 2 
346 54 5 
347 0 5 
348 54 5 
349 49 7 
350 103 4 
351 63 0 
352 18 6 
353 20 6 
354 48 1 
355 68 7 
356 1 5 
357 69 8 
358 48 3 
359 117 6 
360 42 6 
361 159 6 
362 36 4 
363 6 5 
364 8 5 
365 24 7 
366 32 4 
367 0 8 
368 32 5 
369 8 4 
370 40 4 
371 35 7 
372 75 4 
373 45 3 
374 6 6 
375 8 7 
376 0 1 
377 8 7 
378 10 2 
379 18 1 
380 18 5 
381 36 2 
382 35 6 
383 71 8 
384 30 1 
385 12 7 
386 14 7 
387 0 1 
388 14 7 
389 0 8 
390 14 6 
391 9 3 
392 23 6 
393 35 7 
394 58 6 
395 45 0 
396 2 2 
397 4 2 
398 0 1 
399 4 1 
400 6 8 
401 10 2 
402 6 4 
403 16 1 
404 28 6 
405 44 2 
406 15 7 
407 4 8 
408 6 8 
409 0 1 
410 6 7 
411 12 2 
412 18 1 
413 0 5 
414 18 2 
415 49 8 
416 67 8 
417 35 1 
418 18 6 
419 20 6 
420 0 1 
421 20 7 
422 2 2 
423 22 1 
424 18 3 
425 40 4 
426 42 6 
427 82 3 
428 20 4 
429 6 5 
430 8 5 
431 0 1 
432 8 4 
433 0 8 
434 8 7 
435 3 5 
436 11 8 
437 35 6 
438 46 8 
439 25 3 
440 27 2 
441 29 2 
442 2 1 
443 31 1 
444 10 2 
445 41 1 
446 48 3 
447 89 4 
448 45 6 
449 134 7 
450 42 1 
451 54 8 
452 56 8 
453 18 1 
454 74 7 
455 0 8 
456 74 7 
457 24 3 
458 98 6 
459 45 7 
460 143 6 
461 63 3 
462 9 2 
463 11 1 
464 8 1 
465 19 1 
466 6 8 
467 25 2 
468 16 3 
469 41 8 
470 36 6 
471 77 2 
472 21 0 
473 18 2 
474 20 2 
475 14 1 
476 34 2 
477 12 2 
478 46 2 
479 0 5 
480 46 2 
481 63 8 
482 109 8 
483 49 0 
484 81 6 
485 83 6 
486 16 4 
487 99 3 
488 2 2 
489 101 5 
490 48 3 
491 149 5 
492 54 6 
493 203 8 
494 28 4 
495 27 5 
496 29 5 
497 8 7 
498 37 4 
499 0 8 
500 37 5 
501 8 5 
502 45 5 
503 45 5 
504 90 5 
505 35 4 
