0 0 -1 
1 1 -1 
2 0 -1 
3 0 0 
4 0 0 
5 0 0 
6 0 0 
7 0 0 
8 0 0 
9 0 0 
10 0 0 
11 0 0 
12 0 0 
13 0 0 
14 0 0 
15 0 0 
16 0 0 
17 0 0 
18 0 0 
19 0 0 
20 0 0 
21 0 0 
22 0 0 
23 0 0 
24 0 0 
25 0 0 
26 0 0 
27 0 0 
28 0 0 
29 0 0 
30 0 0 
31 0 0 
32 0 0 
33 0 0 
34 0 0 
35 0 0 
36 0 0 
37 0 0 
38 0 0 
39 0 0 
40 0 0 
41 0 0 
42 0 0 
43 0 0 
44 0 0 
45 0 0 
46 0 0 
47 0 0 
48 0 0 
49 0 0 
50 0 0 
51 0 0 
52 3 0 
53 6 0 
54 7 0 
55 5 0 
56 3 0 
57 5 0 
58 6 0 
59 2 0 
60 9 0 
61 1 0 
62 2 0 
63 7 0 
64 0 0 
65 9 0 
66 3 0 
67 6 0 
68 0 0 
69 6 0 
70 2 0 
71 6 0 
72 1 0 
73 8 0 
74 7 0 
75 9 0 
76 2 0 
77 0 0 
78 2 0 
79 3 0 
80 7 0 
81 5 0 
82 9 0 
83 2 0 
84 2 0 
85 8 0 
86 9 0 
87 7 0 
88 3 0 
89 6 0 
90 1 0 
91 2 0 
92 9 0 
93 3 0 
94 1 0 
95 9 0 
96 4 0 
97 7 0 
98 8 0 
99 4 0 
100 5 0 
101 0 0 
102 3 0 
103 6 0 
104 1 0 
105 0 0 
106 6 0 
107 3 0 
108 2 0 
109 0 0 
110 6 0 
111 1 0 
112 5 0 
113 5 0 
114 4 0 
115 7 0 
116 6 0 
117 5 0 
118 6 0 
119 9 0 
120 3 0 
121 7 0 
122 3 10 
123 30 21 
124 76 22 
125 130 17 
126 152 23 
127 139 18 
128 132 1 
129 143 2 
130 171 21 
131 239 5 
132 230 14 
133 264 24 
134 251 21 
135 245 1 
136 359 16 
137 372 6 
138 454 16 
139 359 11 
140 409 20 
141 367 14 
142 3 0 
143 3 20 
144 3 0 
145 3 0 
146 3 0 
147 3 1 
148 3 1 
149 3 1 
150 3 1 
151 3 1 
152 3 1 
153 3 0 
154 3 0 
155 3 0 
156 3 0 
157 3 0 
158 3 0 
159 3 0 
160 3 0 
161 3 0 
162 3 0 
163 3 0 
164 3 0 
165 3 5 
166 3 0 
167 3 0 
168 3 0 
169 3 0 
170 3 0 
171 3 20 
172 3 15 
173 3 15 
174 3 20 
175 3 20 
176 3 20 
177 3 20 
178 3 20 
179 3 0 
180 3 0 
181 3 0 
182 3 0 
183 3 0 
184 3 0 
185 3 0 
186 3 0 
187 3 0 
188 3 20 
189 3 20 
190 3 21 
191 6 1 
192 30 21 
193 30 20 
194 30 20 
195 30 20 
196 30 20 
197 30 24 
198 30 24 
199 30 4 
200 30 0 
201 30 0 
202 30 4 
203 30 4 
204 30 9 
205 30 5 
206 30 5 
207 30 6 
208 30 1 
209 30 1 
210 30 1 
211 30 1 
212 30 1 
213 30 1 
214 30 1 
215 30 1 
216 30 1 
217 30 1 
218 30 1 
219 30 0 
220 30 0 
221 30 0 
222 30 1 
223 30 16 
224 30 11 
225 30 7 
226 30 8 
227 30 8 
228 30 23 
229 30 23 
230 30 23 
231 30 24 
232 30 19 
233 30 19 
234 30 24 
235 30 23 
236 30 21 
237 30 22 
238 30 21 
239 30 21 
240 7 2 
241 55 22 
242 76 21 
243 76 21 
244 76 1 
245 76 21 
246 76 21 
247 76 24 
248 76 4 
249 76 4 
250 76 4 
251 76 24 
252 76 24 
253 76 4 
254 76 4 
255 76 4 
256 76 24 
257 76 4 
258 76 24 
259 76 4 
260 76 4 
261 76 3 
262 76 3 
263 76 2 
264 76 2 
265 76 2 
266 76 2 
267 76 1 
268 76 1 
269 76 21 
270 76 16 
271 76 16 
272 76 16 
273 76 17 
274 76 22 
275 76 22 
276 76 24 
277 76 24 
278 76 24 
279 76 24 
280 76 4 
281 76 4 
282 76 4 
283 76 14 
284 76 19 
285 76 18 
286 76 18 
287 76 22 
288 76 22 
289 5 3 
290 61 23 
291 103 23 
292 130 22 
293 130 21 
294 130 21 
295 130 16 
296 130 16 
297 130 21 
298 130 21 
299 130 20 
300 130 20 
301 130 20 
302 130 20 
303 130 20 
304 130 20 
305 130 20 
306 130 24 
307 130 20 
308 130 20 
309 130 24 
310 130 20 
311 130 20 
312 130 20 
313 130 20 
314 130 21 
315 130 21 
316 130 21 
317 130 21 
318 130 6 
319 130 1 
320 130 21 
321 130 15 
322 130 15 
323 130 15 
324 130 19 
325 130 24 
326 130 24 
327 130 24 
328 130 19 
329 130 24 
330 130 4 
331 130 4 
332 130 4 
333 130 4 
334 130 4 
335 130 24 
336 130 19 
337 130 17 
338 3 4 
339 43 24 
340 92 4 
341 146 24 
342 152 23 
343 152 22 
344 152 17 
345 152 22 
346 152 24 
347 152 19 
348 152 18 
349 152 8 
350 152 3 
351 152 2 
352 152 1 
353 152 1 
354 152 21 
355 152 21 
356 152 22 
357 152 21 
358 152 21 
359 152 21 
360 152 21 
361 152 21 
362 152 20 
363 152 20 
364 152 24 
365 152 4 
366 152 4 
367 152 4 
368 152 9 
369 152 9 
370 152 5 
371 152 5 
372 152 5 
373 152 5 
374 152 5 
375 152 5 
376 152 6 
377 152 5 
378 152 6 
379 152 6 
380 152 6 
381 152 8 
382 152 8 
383 152 13 
384 152 18 
385 152 23 
386 152 24 
387 5 5 
388 29 6 
389 64 8 
390 127 23 
391 139 24 
392 139 24 
393 139 20 
394 139 20 
395 139 0 
396 139 20 
397 139 15 
398 139 19 
399 139 9 
400 139 9 
401 139 14 
402 139 9 
403 139 8 
404 139 9 
405 139 5 
406 139 5 
407 139 10 
408 139 10 
409 139 10 
410 139 15 
411 139 15 
412 139 15 
413 139 20 
414 139 24 
415 139 24 
416 139 20 
417 139 20 
418 139 20 
419 139 0 
420 139 11 
421 139 11 
422 139 11 
423 139 10 
424 139 10 
425 139 5 
426 139 5 
427 139 5 
428 139 10 
429 139 10 
430 139 14 
431 139 19 
432 139 14 
433 139 10 
434 139 15 
435 139 19 
436 6 6 
437 46 1 
438 67 1 
439 112 2 
440 126 22 
441 126 2 
442 132 2 
443 132 22 
444 132 17 
445 132 16 
446 132 16 
447 132 6 
448 132 6 
449 132 1 
450 132 21 
451 132 21 
452 132 21 
453 132 22 
454 132 8 
455 132 3 
456 132 23 
457 132 18 
458 132 19 
459 132 19 
460 132 14 
461 132 9 
462 132 14 
463 132 19 
464 132 18 
465 132 18 
466 132 18 
467 132 17 
468 132 16 
469 132 11 
470 132 11 
471 132 11 
472 132 10 
473 132 10 
474 132 14 
475 132 10 
476 132 11 
477 132 6 
478 132 7 
479 132 6 
480 132 6 
481 132 7 
482 132 7 
483 132 2 
484 132 1 
485 2 7 
486 50 2 
487 85 22 
488 112 16 
489 122 17 
490 122 17 
491 134 23 
492 143 23 
493 143 23 
494 143 22 
495 143 21 
496 143 21 
497 143 21 
498 143 16 
499 143 16 
500 143 15 
501 143 16 
502 143 17 
503 143 18 
504 143 19 
505 143 24 
506 143 23 
507 143 23 
508 143 23 
509 143 23 
510 143 22 
511 143 22 
512 143 23 
513 143 24 
514 143 24 
515 143 18 
516 143 18 
517 143 18 
518 143 8 
519 143 8 
520 143 7 
521 143 7 
522 143 7 
523 143 6 
524 143 11 
525 143 6 
526 143 7 
527 143 2 
528 143 3 
529 143 3 
530 143 3 
531 143 8 
532 143 7 
533 143 7 
534 9 8 
535 25 3 
536 67 2 
537 112 3 
538 118 4 
539 118 3 
540 132 4 
541 150 19 
542 171 18 
543 171 17 
544 171 16 
545 171 17 
546 171 18 
547 171 18 
548 171 23 
549 171 3 
550 171 8 
551 171 3 
552 171 3 
553 171 3 
554 171 4 
555 171 3 
556 171 2 
557 171 22 
558 171 23 
559 171 18 
560 171 13 
561 171 13 
562 171 14 
563 171 14 
564 171 13 
565 171 13 
566 171 13 
567 171 13 
568 171 13 
569 171 13 
570 171 7 
571 171 7 
572 171 6 
573 171 6 
574 171 6 
575 171 1 
576 171 2 
577 171 3 
578 171 3 
579 171 23 
580 171 23 
581 171 22 
582 171 22 
583 1 9 
584 73 5 
585 87 6 
586 141 11 
587 151 10 
588 151 14 
589 161 13 
590 182 12 
591 224 11 
592 239 10 
593 239 10 
594 239 15 
595 239 16 
596 239 16 
597 239 16 
598 239 17 
599 239 17 
600 239 22 
601 239 22 
602 239 22 
603 239 21 
604 239 20 
605 239 15 
606 239 10 
607 239 5 
608 239 10 
609 239 10 
610 239 14 
611 239 9 
612 239 8 
613 239 13 
614 239 8 
615 239 9 
616 239 9 
617 239 9 
618 239 9 
619 239 5 
620 239 5 
621 239 6 
622 239 11 
623 239 12 
624 239 22 
625 239 23 
626 239 18 
627 239 19 
628 239 19 
629 239 24 
630 239 4 
631 239 0 
632 2 10 
633 10 9 
634 73 5 
635 91 6 
636 103 5 
637 103 6 
638 109 1 
639 124 2 
640 173 3 
641 203 23 
642 230 22 
643 230 23 
644 230 24 
645 230 23 
646 230 24 
647 230 19 
648 230 18 
649 230 13 
650 230 8 
651 230 8 
652 230 13 
653 230 8 
654 230 7 
655 230 2 
656 230 7 
657 230 7 
658 230 2 
659 230 22 
660 230 2 
661 230 2 
662 230 7 
663 230 7 
664 230 8 
665 230 8 
666 230 8 
667 230 8 
668 230 13 
669 230 13 
670 230 8 
671 230 9 
672 230 9 
673 230 9 
674 230 14 
675 230 14 
676 230 14 
677 230 10 
678 230 15 
679 230 15 
680 230 19 
681 7 11 
682 23 12 
683 30 13 
684 111 13 
685 115 8 
686 115 7 
687 125 3 
688 134 14 
689 169 13 
690 204 12 
691 258 11 
692 264 10 
693 264 15 
694 264 10 
695 264 5 
696 264 10 
697 264 14 
698 264 10 
699 264 14 
700 264 9 
701 264 14 
702 264 9 
703 264 8 
704 264 7 
705 264 6 
706 264 11 
707 264 10 
708 264 15 
709 264 19 
710 264 24 
711 264 24 
712 264 23 
713 264 24 
714 264 23 
715 264 3 
716 264 2 
717 264 22 
718 264 17 
719 264 18 
720 264 13 
721 264 8 
722 264 9 
723 264 8 
724 264 13 
725 264 12 
726 264 14 
727 264 9 
728 264 4 
729 264 9 
730 0 12 
731 56 7 
732 70 7 
733 79 7 
734 97 8 
735 97 12 
736 109 6 
737 124 11 
738 145 6 
739 170 5 
740 233 5 
741 245 5 
742 251 6 
743 251 11 
744 251 11 
745 251 11 
746 251 11 
747 251 11 
748 251 12 
749 251 12 
750 251 7 
751 251 7 
752 251 2 
753 251 2 
754 251 3 
755 251 3 
756 251 3 
757 251 23 
758 251 23 
759 251 24 
760 251 19 
761 251 19 
762 251 19 
763 251 19 
764 251 19 
765 251 14 
766 251 14 
767 251 9 
768 251 9 
769 251 9 
770 251 8 
771 251 3 
772 251 2 
773 251 1 
774 251 0 
775 251 20 
776 251 15 
777 251 15 
778 251 20 
779 9 13 
780 9 8 
781 58 9 
782 76 5 
783 78 9 
784 78 4 
785 82 0 
786 100 5 
787 135 9 
788 150 14 
789 195 13 
790 209 14 
791 221 19 
792 245 14 
793 245 10 
794 245 15 
795 245 19 
796 245 17 
797 245 19 
798 245 18 
799 245 17 
800 245 16 
801 245 11 
802 245 16 
803 245 15 
804 245 16 
805 245 11 
806 245 16 
807 245 17 
808 245 17 
809 245 12 
810 245 22 
811 245 21 
812 245 16 
813 245 15 
814 245 19 
815 245 14 
816 245 10 
817 245 15 
818 245 20 
819 245 15 
820 245 16 
821 245 21 
822 245 1 
823 245 6 
824 245 1 
825 245 2 
826 245 3 
827 245 8 
828 3 14 
829 75 14 
830 75 13 
831 138 12 
832 142 11 
833 142 10 
834 160 5 
835 166 7 
836 208 7 
837 233 7 
838 260 7 
839 270 7 
840 284 7 
841 332 12 
842 359 13 
843 359 18 
844 359 18 
845 359 17 
846 359 13 
847 359 13 
848 359 12 
849 359 11 
850 359 11 
851 359 6 
852 359 6 
853 359 5 
854 359 5 
855 359 5 
856 359 5 
857 359 5 
858 359 5 
859 359 6 
860 359 6 
861 359 1 
862 359 2 
863 359 7 
864 359 7 
865 359 8 
866 359 13 
867 359 12 
868 359 12 
869 359 11 
870 359 10 
871 359 10 
872 359 15 
873 359 15 
874 359 16 
875 359 15 
876 359 15 
877 6 15 
878 30 10 
879 93 15 
880 93 17 
881 107 12 
882 107 11 
883 109 10 
884 136 13 
885 150 12 
886 180 11 
887 225 6 
888 231 12 
889 241 13 
890 297 13 
891 351 8 
892 372 13 
893 372 13 
894 372 12 
895 372 12 
896 372 11 
897 372 12 
898 372 13 
899 372 18 
900 372 18 
901 372 19 
902 372 14 
903 372 19 
904 372 18 
905 372 18 
906 372 18 
907 372 23 
908 372 3 
909 372 3 
910 372 3 
911 372 3 
912 372 4 
913 372 4 
914 372 9 
915 372 4 
916 372 4 
917 372 4 
918 372 4 
919 372 4 
920 372 4 
921 372 9 
922 372 5 
923 372 5 
924 372 5 
925 372 5 
926 0 16 
927 48 15 
928 69 19 
929 150 14 
930 150 14 
931 150 19 
932 154 19 
933 157 18 
934 220 3 
935 230 2 
936 284 8 
937 294 2 
938 300 7 
939 340 8 
940 403 9 
941 445 14 
942 454 10 
943 454 11 
944 454 15 
945 454 16 
946 454 15 
947 454 19 
948 454 24 
949 454 4 
950 454 9 
951 454 8 
952 454 3 
953 454 8 
954 454 9 
955 454 4 
956 454 3 
957 454 2 
958 454 7 
959 454 6 
960 454 1 
961 454 21 
962 454 21 
963 454 16 
964 454 21 
965 454 1 
966 454 6 
967 454 7 
968 454 2 
969 454 7 
970 454 17 
971 454 16 
972 454 11 
973 454 10 
974 454 15 
975 6 17 
976 6 11 
977 48 16 
978 75 10 
979 93 15 
980 93 16 
981 107 15 
982 113 10 
983 120 15 
984 165 10 
985 183 15 
986 195 22 
987 205 17 
988 229 12 
989 274 7 
990 323 12 
991 341 7 
992 359 2 
993 359 7 
994 359 6 
995 359 5 
996 359 6 
997 359 12 
998 359 17 
999 359 18 
1000 359 13 
1001 359 12 
1002 359 7 
1003 359 6 
1004 359 5 
1005 359 10 
1006 359 14 
1007 359 10 
1008 359 12 
1009 359 17 
1010 359 18 
1011 359 23 
1012 359 3 
1013 359 2 
1014 359 7 
1015 359 12 
1016 359 17 
1017 359 22 
1018 359 2 
1019 359 3 
1020 359 8 
1021 359 13 
1022 359 12 
1023 359 14 
1024 2 18 
1025 50 16 
1026 50 17 
1027 104 18 
1028 110 18 
1029 110 13 
1030 110 14 
1031 131 9 
1032 145 9 
1033 150 8 
1034 231 9 
1035 235 9 
1036 247 9 
1037 287 5 
1038 314 6 
1039 349 6 
1040 370 6 
1041 406 6 
1042 409 7 
1043 409 2 
1044 409 2 
1045 409 2 
1046 409 22 
1047 409 22 
1048 409 23 
1049 409 22 
1050 409 22 
1051 409 22 
1052 409 23 
1053 409 22 
1054 409 22 
1055 409 17 
1056 409 17 
1057 409 12 
1058 409 17 
1059 409 18 
1060 409 23 
1061 409 23 
1062 409 3 
1063 409 2 
1064 409 22 
1065 409 23 
1066 409 18 
1067 409 13 
1068 409 12 
1069 409 11 
1070 409 11 
1071 409 10 
1072 409 15 
1073 6 19 
1074 22 17 
1075 64 18 
1076 64 19 
1077 76 19 
1078 76 18 
1079 94 18 
1080 94 8 
1081 143 8 
1082 153 3 
1083 162 4 
1084 180 3 
1085 184 23 
1086 232 23 
1087 277 22 
1088 298 2 
1089 313 22 
1090 355 23 
1091 361 24 
1092 367 23 
1093 367 23 
1094 367 12 
1095 367 13 
1096 367 14 
1097 367 13 
1098 367 12 
1099 367 17 
1100 367 17 
1101 367 17 
1102 367 12 
1103 367 11 
1104 367 11 
1105 367 11 
1106 367 11 
1107 367 11 
1108 367 11 
1109 367 10 
1110 367 10 
1111 367 15 
1112 367 20 
1113 367 20 
1114 367 24 
1115 367 19 
1116 367 18 
1117 367 18 
1118 367 18 
1119 367 18 
1120 367 19 
1121 367 19 
