0 0 -1 
1 3 0 
2 6 0 
3 7 0 
4 5 0 
5 3 0 
6 5 0 
7 6 0 
8 2 0 
9 9 0 
10 1 0 
11 2 0 
12 7 0 
13 0 0 
14 9 0 
15 3 0 
16 6 0 
17 0 0 
18 6 0 
19 2 0 
20 47 11 
21 62 17 
22 83 3 
23 37 16 
24 39 15 
25 76 14 
26 62 35 
27 32 13 
28 104 33 
29 3 0 
30 5 30 
31 0 1 
32 5 0 
33 42 5 
34 6 6 
35 8 5 
36 54 2 
37 62 1 
38 0 11 
39 21 7 
40 23 2 
41 18 3 
42 41 4 
43 42 16 
44 5 17 
45 7 22 
46 0 9 
47 7 10 
48 30 24 
49 10 12 
50 12 6 
51 27 8 
52 39 9 
53 0 25 
54 35 13 
55 37 7 
56 9 4 
57 46 8 
58 30 28 
59 6 20 
60 8 21 
61 0 10 
62 8 34 
63 54 29 
64 12 18 
65 14 23 
66 18 14 
67 32 12 
68 0 31 
69 42 19 
70 44 26 
71 6 15 
72 50 27 
73 54 32 
