0 0 -1 
1 3 0 
2 6 0 
3 7 0 
4 5 0 
5 3 0 
6 5 0 
7 6 0 
8 2 0 
9 9 0 
10 1 0 
11 2 0 
12 7 0 
13 0 0 
14 9 0 
15 3 0 
16 6 0 
17 0 0 
18 6 0 
19 2 0 
20 47 3 
21 62 5 
22 83 6 
23 37 14 
24 39 12 
25 76 13 
26 62 1 
27 32 4 
28 104 10 
29 3 0 
30 5 15 
31 0 1 
32 5 2 
33 42 3 
34 6 4 
35 8 7 
36 54 2 
37 62 6 
38 0 7 
39 21 5 
40 23 1 
41 18 6 
42 41 2 
43 42 11 
44 5 10 
45 7 10 
46 0 12 
47 7 11 
48 30 15 
49 10 8 
50 12 11 
51 27 13 
52 39 15 
53 0 12 
54 35 9 
55 37 9 
56 9 14 
57 46 14 
58 30 8 
59 6 0 
60 8 8 
61 0 1 
62 8 0 
63 54 3 
64 12 4 
65 14 4 
66 18 2 
67 32 0 
68 0 7 
69 42 5 
70 44 5 
71 6 13 
72 50 9 
73 54 6 
