0 0 0 0 INCONST
1 1 3 0 INVAR
2 2 6 0 INVAR
3 3 7 0 INVAR
4 4 5 0 INVAR
5 5 3 0 INVAR
6 6 5 0 INVAR
7 7 6 0 INVAR
8 8 2 0 INVAR
9 9 9 0 INVAR
10 10 1 0 INVAR
11 11 2 0 INVAR
12 12 7 0 INVAR
13 13 0 0 INVAR
14 14 9 0 INVAR
15 15 3 0 INVAR
16 16 6 0 INVAR
17 17 0 0 INVAR
18 18 6 0 INVAR
19 19 2 0 INVAR
20 20 6 0 INVAR
21 21 1 0 INVAR
22 22 8 0 INVAR
23 23 7 0 INVAR
24 24 9 0 INVAR
25 25 2 0 INVAR
26 26 0 0 INVAR
27 27 2 0 INVAR
28 28 3 0 INVAR
29 29 7 0 INVAR
30 30 5 0 INVAR
31 31 9 0 INVAR
32 32 2 0 INVAR
33 33 2 0 INVAR
34 34 8 0 INVAR
35 35 9 0 INVAR
36 36 7 0 INVAR
37 37 3 0 INVAR
38 38 6 0 INVAR
39 39 1 0 INVAR
40 40 2 0 INVAR
41 41 9 0 INVAR
42 42 3 0 INVAR
43 43 1 0 INVAR
44 44 9 0 INVAR
45 45 4 0 INVAR
46 46 7 0 INVAR
47 47 8 0 INVAR
48 48 4 0 INVAR
49 49 5 0 INVAR
50 50 0 0 INVAR
51 51 3 0 INVAR
52 52 6 0 INVAR
53 53 1 0 INVAR
54 54 0 0 INVAR
55 55 6 0 INVAR
56 56 3 0 INVAR
57 57 2 0 INVAR
58 58 0 0 INVAR
59 59 6 0 INVAR
60 60 1 0 INVAR
61 61 5 0 INVAR
62 62 5 0 INVAR
63 63 4 0 INVAR
64 64 7 0 INVAR
65 65 6 0 INVAR
66 66 5 0 INVAR
67 67 6 0 INVAR
68 68 9 0 INVAR
69 69 3 0 INVAR
70 70 7 0 INVAR
71 71 4 0 INVAR
72 72 5 0 INVAR
73 73 2 0 INVAR
74 74 5 0 INVAR
75 75 4 0 INVAR
76 76 7 0 INVAR
77 77 4 0 INVAR
78 78 4 0 INVAR
79 79 3 0 INVAR
80 80 0 0 INVAR
81 81 7 0 INVAR
82 82 8 0 INVAR
83 83 6 0 INVAR
84 84 8 0 INVAR
85 85 8 0 INVAR
86 86 4 0 INVAR
87 87 3 0 INVAR
88 88 1 0 INVAR
89 89 4 0 INVAR
90 90 9 0 INVAR
91 91 2 0 INVAR
92 92 0 0 INVAR
93 93 6 0 INVAR
94 94 8 0 INVAR
95 95 9 0 INVAR
96 96 2 0 INVAR
97 97 6 0 INVAR
98 98 6 0 INVAR
99 99 4 0 INVAR
100 100 9 0 INVAR
101 101 5 0 INVAR
102 102 0 0 INVAR
103 103 4 0 INVAR
104 104 8 0 INVAR
105 105 7 0 INVAR
106 106 1 0 INVAR
107 107 7 0 INVAR
108 108 2 0 INVAR
109 109 7 0 INVAR
110 110 2 0 INVAR
111 111 2 0 INVAR
112 112 6 0 INVAR
113 113 1 0 INVAR
114 114 0 0 INVAR
115 115 6 0 INVAR
116 116 1 0 INVAR
117 117 5 0 INVAR
118 118 9 0 INVAR
119 119 4 0 INVAR
120 120 9 0 INVAR
121 121 0 0 INVAR
122 122 9 0 INVAR
123 123 1 0 INVAR
124 124 7 0 INVAR
125 125 7 0 INVAR
126 126 1 0 INVAR
127 127 1 0 INVAR
128 128 5 0 INVAR
129 129 9 0 INVAR
130 130 7 0 INVAR
131 131 7 0 INVAR
132 132 6 0 INVAR
133 133 7 0 INVAR
134 134 3 0 INVAR
135 135 6 0 INVAR
136 136 5 0 INVAR
137 137 6 0 INVAR
138 138 3 0 INVAR
139 139 9 0 INVAR
140 140 4 0 INVAR
141 141 8 0 INVAR
142 142 1 0 INVAR
143 143 2 0 INVAR
144 144 9 0 INVAR
145 145 3 0 INVAR
146 146 9 0 INVAR
147 147 0 0 INVAR
148 148 8 0 INVAR
149 149 8 0 INVAR
150 150 5 0 INVAR
151 151 0 0 INVAR
152 152 9 0 INVAR
153 153 6 0 INVAR
154 154 3 0 INVAR
155 155 8 0 INVAR
156 156 5 0 INVAR
157 157 6 0 INVAR
158 158 1 0 INVAR
159 159 1 0 INVAR
160 160 5 0 INVAR
161 161 9 0 INVAR
162 162 8 0 INVAR
163 163 4 0 INVAR
164 164 8 0 INVAR
165 165 1 0 INVAR
166 166 0 0 INVAR
167 167 3 0 INVAR
168 168 0 0 INVAR
169 169 4 0 INVAR
170 170 4 0 INVAR
171 171 4 0 INVAR
172 172 4 0 INVAR
173 173 7 0 INVAR
174 174 6 0 INVAR
175 175 3 0 INVAR
176 176 1 0 INVAR
177 177 7 0 INVAR
178 178 5 0 INVAR
179 179 9 0 INVAR
180 180 6 0 INVAR
181 181 2 0 INVAR
182 182 1 0 INVAR
183 183 7 0 INVAR
184 184 8 0 INVAR
185 185 5 0 INVAR
186 186 7 0 INVAR
187 187 4 0 INVAR
188 188 1 0 INVAR
189 189 8 0 INVAR
190 190 5 0 INVAR
191 191 9 0 INVAR
192 192 7 0 INVAR
193 193 5 0 INVAR
194 194 3 0 INVAR
195 195 8 0 INVAR
196 196 8 0 INVAR
197 197 3 0 INVAR
198 198 1 0 INVAR
199 199 8 0 INVAR
200 200 9 0 INVAR
201 201 6 0 INVAR
202 202 4 0 INVAR
203 203 3 0 INVAR
204 204 3 0 INVAR
205 205 3 0 INVAR
206 206 8 0 INVAR
207 207 6 0 INVAR
208 208 0 0 INVAR
209 209 4 0 INVAR
210 210 8 0 INVAR
211 211 8 0 INVAR
212 212 8 0 INVAR
213 213 9 0 INVAR
214 214 7 0 INVAR
215 215 7 0 INVAR
216 216 6 0 INVAR
217 217 4 0 INVAR
218 218 3 0 INVAR
219 219 0 0 INVAR
220 220 3 0 INVAR
221 221 0 0 INVAR
222 222 9 0 INVAR
223 223 2 0 INVAR
224 224 5 0 INVAR
225 225 4 0 INVAR
226 226 0 0 INVAR
227 227 5 0 INVAR
228 228 9 0 INVAR
229 229 4 0 INVAR
230 230 6 0 INVAR
231 231 9 0 INVAR
232 232 2 0 INVAR
233 233 2 0 INVAR
234 234 4 0 INVAR
235 235 7 0 INVAR
236 236 7 0 INVAR
237 237 5 0 INVAR
238 238 4 0 INVAR
239 239 8 0 INVAR
240 240 1 0 INVAR
241 241 2 0 INVAR
242 242 8 0 INVAR
243 243 9 0 INVAR
244 244 3 0 INVAR
245 245 6 0 INVAR
246 246 8 0 INVAR
247 247 0 0 INVAR
248 248 2 0 INVAR
249 249 1 0 INVAR
250 250 0 0 INVAR
251 251 5 0 INVAR
252 252 1 0 INVAR
253 253 1 0 INVAR
254 254 0 0 INVAR
255 255 8 0 INVAR
256 256 5 0 INVAR
257 257 0 0 INVAR
258 258 6 0 INVAR
259 259 4 0 INVAR
260 260 6 0 INVAR
261 261 2 0 INVAR
262 262 5 0 INVAR
263 263 8 0 INVAR
264 264 6 0 INVAR
265 265 2 0 INVAR
266 266 8 0 INVAR
267 267 4 0 INVAR
268 268 7 0 INVAR
269 269 2 0 INVAR
270 270 4 0 INVAR
271 271 0 0 INVAR
272 272 6 0 INVAR
273 273 2 0 INVAR
274 274 9 0 INVAR
275 275 9 0 INVAR
276 276 0 0 INVAR
277 277 8 0 INVAR
278 278 1 0 INVAR
279 279 3 0 INVAR
280 280 1 0 INVAR
281 281 1 0 INVAR
282 282 0 0 INVAR
283 283 3 0 INVAR
284 284 4 0 INVAR
285 285 0 0 INVAR
286 286 3 0 INVAR
287 287 9 0 INVAR
288 288 1 0 INVAR
289 289 9 0 INVAR
290 290 6 0 INVAR
291 291 9 0 INVAR
292 292 3 0 INVAR
293 293 3 0 INVAR
294 294 8 0 INVAR
295 295 0 0 INVAR
296 296 5 0 INVAR
297 297 6 0 INVAR
298 298 6 0 INVAR
299 299 4 0 INVAR
300 300 0 0 INVAR
301 301 0 0 INVAR
302 302 4 0 INVAR
303 303 6 0 INVAR
304 304 2 0 INVAR
305 305 6 0 INVAR
306 306 7 0 INVAR
307 307 5 0 INVAR
308 308 6 0 INVAR
309 309 9 0 INVAR
310 310 8 0 INVAR
311 311 7 0 INVAR
312 312 2 0 INVAR
313 313 8 0 INVAR
314 314 2 0 INVAR
315 315 9 0 INVAR
316 316 9 0 INVAR
317 317 6 0 INVAR
318 318 0 0 INVAR
319 319 2 0 INVAR
320 320 7 0 INVAR
321 321 6 0 INVAR
322 322 1 0 INVAR
323 323 3 0 INVAR
324 324 2 0 INVAR
325 325 1 0 INVAR
326 326 5 0 INVAR
327 327 9 0 INVAR
328 328 9 0 INVAR
329 329 1 0 INVAR
330 330 4 0 INVAR
331 331 9 0 INVAR
332 332 1 0 INVAR
333 333 0 0 INVAR
334 334 7 0 INVAR
335 335 5 0 INVAR
336 336 8 0 INVAR
337 337 7 0 INVAR
338 338 0 0 INVAR
339 339 4 0 INVAR
340 340 8 0 INVAR
341 341 0 0 INVAR
342 342 4 0 INVAR
343 343 2 0 INVAR
344 344 9 0 INVAR
345 345 6 0 INVAR
346 346 1 0 INVAR
347 347 0 0 INVAR
348 348 4 0 INVAR
349 349 2 0 INVAR
350 350 2 0 INVAR
351 351 2 0 INVAR
352 352 0 0 INVAR
353 353 5 0 INVAR
354 354 5 0 INVAR
355 355 2 0 INVAR
356 356 9 0 INVAR
357 357 0 0 INVAR
358 358 2 0 INVAR
359 359 8 0 INVAR
360 360 3 0 INVAR
361 361 8 0 INVAR
362 362 0 0 INVAR
363 363 4 0 INVAR
364 364 0 0 INVAR
365 365 9 0 INVAR
366 366 1 0 INVAR
367 367 9 0 INVAR
368 368 6 0 INVAR
369 369 2 0 INVAR
370 370 5 0 INVAR
371 371 4 0 INVAR
372 372 4 0 INVAR
373 373 9 0 INVAR
374 374 9 0 INVAR
375 375 3 0 INVAR
376 376 6 0 INVAR
377 377 0 0 INVAR
378 378 5 0 INVAR
379 379 0 0 INVAR
380 380 2 0 INVAR
381 381 9 0 INVAR
382 382 4 0 INVAR
383 383 3 0 INVAR
384 384 5 0 INVAR
385 385 1 0 INVAR
386 386 7 0 INVAR
387 387 4 0 INVAR
388 388 3 0 INVAR
389 389 1 0 INVAR
390 390 4 0 INVAR
391 391 6 0 INVAR
392 392 9 0 INVAR
393 393 4 0 INVAR
394 394 2 0 INVAR
395 395 2 0 INVAR
396 396 6 0 INVAR
397 397 4 0 INVAR
398 398 1 0 INVAR
399 399 2 0 INVAR
400 400 8 0 INVAR
401 401 8 0 INVAR
402 402 9 0 INVAR
403 403 2 0 INVAR
404 404 8 0 INVAR
405 405 8 0 INVAR
406 406 8 0 INVAR
407 407 6 0 INVAR
408 408 8 0 INVAR
409 409 3 0 INVAR
410 410 8 0 INVAR
411 411 3 0 INVAR
412 412 3 0 INVAR
413 413 3 0 INVAR
414 414 8 0 INVAR
415 415 0 0 INVAR
416 416 4 0 INVAR
417 417 7 0 INVAR
418 418 6 0 INVAR
419 419 8 0 INVAR
420 420 9 0 INVAR
421 421 0 0 INVAR
422 422 6 0 INVAR
423 423 8 0 INVAR
424 424 7 0 INVAR
425 425 9 0 INVAR
426 426 0 0 INVAR
427 427 3 0 INVAR
428 428 3 0 INVAR
429 429 3 0 INVAR
430 430 7 0 INVAR
431 431 3 0 INVAR
432 432 2 0 INVAR
433 433 6 0 INVAR
434 434 5 0 INVAR
435 435 2 0 INVAR
436 436 6 0 INVAR
437 437 5 0 INVAR
438 438 8 0 INVAR
439 439 7 0 INVAR
440 440 9 0 INVAR
441 441 6 0 INVAR
442 442 0 0 INVAR
443 443 4 0 INVAR
444 444 1 0 INVAR
445 445 0 0 INVAR
446 446 4 0 INVAR
447 447 8 0 INVAR
448 448 7 0 INVAR
449 449 0 0 INVAR
450 450 8 0 INVAR
451 451 6 0 INVAR
452 452 2 0 INVAR
453 453 4 0 INVAR
454 454 7 0 INVAR
455 455 9 0 INVAR
456 456 3 0 INVAR
457 457 9 0 INVAR
458 458 2 0 INVAR
459 459 8 0 INVAR
460 460 3 0 INVAR
461 461 0 0 INVAR
462 462 1 0 INVAR
463 463 7 0 INVAR
464 464 8 0 INVAR
465 465 9 0 INVAR
466 466 1 0 INVAR
467 467 5 0 INVAR
468 468 4 0 INVAR
469 469 9 0 INVAR
470 470 2 0 INVAR
471 471 5 0 INVAR
472 472 7 0 INVAR
473 473 4 0 INVAR
474 474 9 0 INVAR
475 475 9 0 INVAR
476 476 4 0 INVAR
477 477 5 0 INVAR
478 478 9 0 INVAR
479 479 3 0 INVAR
480 480 5 0 INVAR
481 481 7 0 INVAR
482 482 0 0 INVAR
483 483 8 0 INVAR
484 484 1 0 INVAR
485 485 9 0 INVAR
486 486 9 0 INVAR
487 487 7 0 INVAR
488 488 8 0 INVAR
489 489 2 0 INVAR
490 490 5 0 INVAR
491 491 3 0 INVAR
492 492 4 0 INVAR
493 493 9 0 INVAR
494 494 0 0 INVAR
495 495 2 0 INVAR
496 496 0 0 INVAR
497 497 1 0 INVAR
498 498 9 0 INVAR
499 499 6 0 INVAR
500 500 2 0 INVAR
501 501 1 0 INVAR
502 502 2 0 INVAR
503 503 0 0 INVAR
504 504 7 0 INVAR
505 505 3 0 INVAR
506 506 1 0 INVAR
507 507 1 0 INVAR
508 508 9 0 INVAR
509 509 0 0 INVAR
510 510 5 0 INVAR
511 511 6 0 INVAR
512 512 7 0 INVAR
513 513 7 0 INVAR
514 514 4 0 INVAR
515 515 0 0 INVAR
516 516 6 0 INVAR
517 517 4 0 INVAR
518 518 7 0 INVAR
519 519 4 0 INVAR
520 520 8 0 INVAR
521 521 5 0 INVAR
522 522 8 0 INVAR
523 523 2 0 INVAR
524 524 6 0 INVAR
525 525 0 0 INVAR
526 526 6 0 INVAR
527 527 6 0 INVAR
528 528 4 0 INVAR
529 529 6 0 INVAR
530 530 2 0 INVAR
531 531 8 0 INVAR
532 532 9 0 INVAR
533 533 6 0 INVAR
534 534 0 0 INVAR
535 535 7 0 INVAR
536 536 0 0 INVAR
537 537 1 0 INVAR
538 538 0 0 INVAR
539 539 1 0 INVAR
540 540 3 0 INVAR
541 541 7 0 INVAR
542 542 7 0 INVAR
543 543 2 0 INVAR
544 544 6 0 INVAR
545 545 4 0 INVAR
546 546 5 0 INVAR
547 547 2 0 INVAR
548 548 0 0 INVAR
549 549 2 0 INVAR
550 550 9 0 INVAR
551 551 0 0 INVAR
552 552 9 0 INVAR
553 553 9 0 INVAR
554 554 4 0 INVAR
555 555 5 0 INVAR
556 556 1 0 INVAR
557 557 0 0 INVAR
558 558 3 0 INVAR
559 559 7 0 INVAR
560 560 8 0 INVAR
561 561 8 0 INVAR
562 562 6 0 INVAR
563 563 0 0 INVAR
564 564 4 0 INVAR
565 565 6 0 INVAR
566 566 7 0 INVAR
567 567 6 0 INVAR
568 568 0 0 INVAR
569 569 9 0 INVAR
570 570 7 0 INVAR
571 571 5 0 INVAR
572 572 9 0 INVAR
573 573 7 0 INVAR
574 574 8 0 INVAR
575 575 5 0 INVAR
576 576 3 0 INVAR
577 577 3 0 INVAR
578 578 8 0 INVAR
579 579 3 0 INVAR
580 580 7 0 INVAR
581 581 9 0 INVAR
582 582 3 0 INVAR
583 583 7 0 INVAR
584 584 8 0 INVAR
585 585 7 0 INVAR
586 586 4 0 INVAR
587 587 1 0 INVAR
588 588 9 0 INVAR
589 589 0 0 INVAR
590 590 9 0 INVAR
591 591 8 0 INVAR
592 592 8 0 INVAR
593 593 5 0 INVAR
594 594 8 0 INVAR
595 595 4 0 INVAR
596 596 3 0 INVAR
597 597 7 0 INVAR
598 598 1 0 INVAR
599 599 3 0 INVAR
600 600 8 0 INVAR
601 601 0 0 INVAR
602 602 9 0 INVAR
603 603 7 0 INVAR
604 604 9 0 INVAR
605 605 9 0 INVAR
606 606 3 0 INVAR
607 607 2 0 INVAR
608 608 4 0 INVAR
609 609 3 0 INVAR
610 610 7 0 INVAR
611 611 1 0 INVAR
612 612 2 0 INVAR
613 613 2 0 INVAR
614 614 0 0 INVAR
615 615 2 0 INVAR
616 616 1 0 INVAR
617 617 7 0 INVAR
618 618 5 0 INVAR
619 619 1 0 INVAR
620 620 7 0 INVAR
621 621 4 0 INVAR
622 622 1 0 INVAR
623 623 7 0 INVAR
624 624 1 0 INVAR
625 625 1 0 INVAR
626 626 1 0 INVAR
627 627 7 0 INVAR
628 628 0 0 INVAR
629 629 4 0 INVAR
630 630 0 0 INVAR
631 631 8 0 INVAR
632 632 5 0 INVAR
633 633 1 0 INVAR
634 634 6 0 INVAR
635 635 6 0 INVAR
636 636 2 0 INVAR
637 637 1 0 INVAR
638 638 9 0 INVAR
639 639 6 0 INVAR
640 640 4 0 INVAR
641 641 8 0 INVAR
642 642 0 0 INVAR
643 643 8 0 INVAR
644 644 1 0 INVAR
645 645 0 0 INVAR
646 646 2 0 INVAR
647 647 2 0 INVAR
648 648 9 0 INVAR
649 649 7 0 INVAR
650 650 5 0 INVAR
651 651 6 0 INVAR
652 652 4 0 INVAR
653 653 6 0 INVAR
654 654 3 0 INVAR
655 655 7 0 INVAR
656 656 9 0 INVAR
657 657 7 0 INVAR
658 658 4 0 INVAR
659 659 9 0 INVAR
660 660 1 0 INVAR
661 661 7 0 INVAR
662 662 0 0 INVAR
663 663 6 0 INVAR
664 664 0 0 INVAR
665 665 8 0 INVAR
666 666 5 0 INVAR
667 667 3 0 INVAR
668 668 9 0 INVAR
669 669 4 0 INVAR
670 670 1 0 INVAR
671 671 5 0 INVAR
672 672 4 0 INVAR
673 673 1 0 INVAR
674 674 5 0 INVAR
675 675 5 0 INVAR
676 676 4 0 INVAR
677 677 9 0 INVAR
678 678 8 0 INVAR
679 679 3 0 INVAR
680 680 8 0 INVAR
681 681 5 0 INVAR
682 682 2 0 INVAR
683 683 2 0 INVAR
684 684 2 0 INVAR
685 685 7 0 INVAR
686 686 0 0 INVAR
687 687 3 0 INVAR
688 688 4 0 INVAR
689 689 6 0 INVAR
690 690 3 0 INVAR
691 691 6 0 INVAR
692 692 3 0 INVAR
693 693 3 0 INVAR
694 694 4 0 INVAR
695 695 4 0 INVAR
696 696 3 0 INVAR
697 697 9 0 INVAR
698 698 7 0 INVAR
699 699 2 0 INVAR
700 700 5 0 INVAR
701 701 8 0 INVAR
702 702 9 0 INVAR
703 703 0 0 INVAR
704 704 2 0 INVAR
705 705 4 0 INVAR
706 706 7 0 INVAR
707 707 6 0 INVAR
708 708 5 0 INVAR
709 709 7 0 INVAR
710 710 1 0 INVAR
711 711 3 0 INVAR
712 712 3 0 INVAR
713 713 3 0 INVAR
714 714 8 0 INVAR
715 715 5 0 INVAR
716 716 1 0 INVAR
717 717 0 0 INVAR
718 718 8 0 INVAR
719 719 7 0 INVAR
720 720 6 0 INVAR
721 721 3 0 INVAR
722 722 5 0 INVAR
723 723 0 0 INVAR
724 724 8 0 INVAR
725 725 0 0 INVAR
726 726 4 0 INVAR
727 727 1 0 INVAR
728 728 1 0 INVAR
729 729 3 0 INVAR
730 730 5 0 INVAR
731 731 9 0 INVAR
732 732 3 0 INVAR
733 733 4 0 INVAR
734 734 1 0 INVAR
735 735 5 0 INVAR
736 736 0 0 INVAR
737 737 8 0 INVAR
738 738 3 0 INVAR
739 739 5 0 INVAR
740 740 6 0 INVAR
741 741 5 0 INVAR
742 742 9 0 INVAR
743 743 9 0 INVAR
744 744 0 0 INVAR
745 745 7 0 INVAR
746 746 6 0 INVAR
747 747 3 0 INVAR
748 748 7 0 INVAR
749 749 6 0 INVAR
750 750 1 0 INVAR
751 751 5 0 INVAR
752 752 0 0 INVAR
753 753 6 0 INVAR
754 754 5 0 INVAR
755 755 0 0 INVAR
756 756 8 0 INVAR
757 757 1 0 INVAR
758 758 2 0 INVAR
759 759 2 0 INVAR
760 760 6 0 INVAR
761 761 9 0 INVAR
762 762 1 0 INVAR
763 763 0 0 INVAR
764 764 4 0 INVAR
765 765 2 0 INVAR
766 766 7 0 INVAR
767 767 4 0 INVAR
768 768 0 0 INVAR
769 769 3 0 INVAR
770 770 2 0 INVAR
771 771 8 0 INVAR
772 772 0 0 INVAR
773 773 3 0 INVAR
774 774 7 0 INVAR
775 775 0 0 INVAR
776 776 0 0 INVAR
777 777 3 0 INVAR
778 778 4 0 INVAR
779 779 9 0 INVAR
780 780 2 0 INVAR
781 781 7 0 INVAR
782 782 4 0 INVAR
783 783 2 0 INVAR
784 784 5 0 INVAR
785 785 2 0 INVAR
786 786 4 0 INVAR
787 787 4 0 INVAR
788 788 3 0 INVAR
789 789 8 0 INVAR
790 790 6 0 INVAR
791 791 0 0 INVAR
792 792 8 0 INVAR
793 793 9 0 INVAR
794 794 2 0 INVAR
795 795 2 0 INVAR
796 796 3 0 INVAR
797 797 1 0 INVAR
798 798 8 0 INVAR
799 799 3 0 INVAR
800 800 4 0 INVAR
801 801 2 0 INVAR
802 802 2 0 INVAR
803 803 4 0 INVAR
804 804 5 0 INVAR
805 805 1 0 INVAR
806 806 7 0 INVAR
807 807 5 0 INVAR
808 808 7 0 INVAR
809 809 1 0 INVAR
810 810 6 0 INVAR
811 811 9 0 INVAR
812 812 8 0 INVAR
813 813 1 0 INVAR
814 814 3 0 INVAR
815 815 3 0 INVAR
816 816 3 0 INVAR
817 817 7 0 INVAR
818 818 9 0 INVAR
819 819 8 0 INVAR
820 820 6 0 INVAR
821 821 7 0 INVAR
822 822 0 0 INVAR
823 823 4 0 INVAR
824 824 8 0 INVAR
825 825 4 0 INVAR
826 826 8 0 INVAR
827 827 1 0 INVAR
828 828 6 0 INVAR
829 829 8 0 INVAR
830 830 5 0 INVAR
831 831 2 0 INVAR
832 832 1 0 INVAR
833 833 9 0 INVAR
834 834 9 0 INVAR
835 835 6 0 INVAR
836 836 0 0 INVAR
837 837 6 0 INVAR
838 838 4 0 INVAR
839 839 9 0 INVAR
840 840 9 0 INVAR
841 841 0 0 INVAR
842 842 8 0 INVAR
843 843 9 0 INVAR
844 844 3 0 INVAR
845 845 1 0 INVAR
846 846 4 0 INVAR
847 847 8 0 INVAR
848 848 9 0 INVAR
849 849 6 0 INVAR
850 850 7 0 INVAR
851 851 7 0 INVAR
852 852 3 0 INVAR
853 853 7 0 INVAR
854 854 1 0 INVAR
855 855 2 0 INVAR
856 856 2 0 INVAR
857 857 1 0 INVAR
858 858 5 0 INVAR
859 859 0 0 INVAR
860 860 9 0 INVAR
861 861 0 0 INVAR
862 862 4 0 INVAR
863 863 0 0 INVAR
864 864 1 0 INVAR
865 865 3 0 INVAR
866 866 7 0 INVAR
867 867 4 0 INVAR
868 868 1 0 INVAR
869 869 1 0 INVAR
870 870 3 0 INVAR
871 871 0 0 INVAR
872 872 3 0 INVAR
873 873 2 0 INVAR
874 874 1 0 INVAR
875 875 7 0 INVAR
876 876 5 0 INVAR
877 877 6 0 INVAR
878 878 5 0 INVAR
879 879 4 0 INVAR
880 880 2 0 INVAR
881 881 2 0 INVAR
882 882 1 0 INVAR
883 883 7 0 INVAR
884 884 2 0 INVAR
885 885 4 0 INVAR
886 886 1 0 INVAR
887 887 6 0 INVAR
888 888 5 0 INVAR
889 889 7 0 INVAR
890 890 8 0 INVAR
891 891 5 0 INVAR
892 892 9 0 INVAR
893 893 2 0 INVAR
894 894 7 0 INVAR
895 895 3 0 INVAR
896 896 6 0 INVAR
897 897 4 0 INVAR
898 898 7 0 INVAR
899 899 9 0 INVAR
900 900 7 0 INVAR
901 901 2 0 INVAR
902 902 2 0 INVAR
903 903 1 0 INVAR
904 904 6 0 INVAR
905 905 3 0 INVAR
906 906 0 0 INVAR
907 907 2 0 INVAR
908 908 1 0 INVAR
909 909 5 0 INVAR
910 910 6 0 INVAR
911 911 5 0 INVAR
912 912 0 0 INVAR
913 913 0 0 INVAR
914 914 3 0 INVAR
915 915 4 0 INVAR
916 916 6 0 INVAR
917 917 6 0 INVAR
918 918 0 0 INVAR
919 919 2 0 INVAR
920 920 5 0 INVAR
921 921 8 0 INVAR
922 922 9 0 INVAR
923 923 5 0 INVAR
924 924 0 0 INVAR
925 925 6 0 INVAR
926 926 0 0 INVAR
927 927 8 0 INVAR
928 928 3 0 INVAR
929 929 7 0 INVAR
930 930 8 0 INVAR
931 931 2 0 INVAR
932 932 1 0 INVAR
933 933 0 0 INVAR
934 934 5 0 INVAR
935 935 8 0 INVAR
936 936 5 0 INVAR
937 937 5 0 INVAR
938 938 0 0 INVAR
939 939 7 0 INVAR
940 940 3 0 INVAR
941 941 8 0 INVAR
942 942 2 0 INVAR
943 943 3 0 INVAR
944 944 0 0 INVAR
945 945 7 0 INVAR
946 946 7 0 INVAR
947 947 7 0 INVAR
948 948 6 0 INVAR
949 949 9 0 INVAR
950 950 1 0 INVAR
951 951 1 0 INVAR
952 952 9 0 INVAR
953 953 0 0 INVAR
954 954 8 0 INVAR
955 955 9 0 INVAR
956 956 8 0 INVAR
957 957 8 0 INVAR
958 958 0 0 INVAR
959 959 3 0 INVAR
960 960 7 0 INVAR
961 961 0 0 INVAR
962 962 6 0 INVAR
963 963 9 0 INVAR
964 964 2 0 INVAR
965 965 1 0 INVAR
966 966 7 0 INVAR
967 967 7 0 INVAR
968 968 9 0 INVAR
969 969 7 0 INVAR
970 970 6 0 INVAR
971 971 2 0 INVAR
972 972 7 0 INVAR
973 973 1 0 INVAR
974 974 5 0 INVAR
975 975 8 0 INVAR
976 976 8 0 INVAR
977 977 4 0 INVAR
978 978 5 0 INVAR
979 979 6 0 INVAR
980 980 5 0 INVAR
981 981 6 0 INVAR
982 982 8 0 INVAR
983 983 4 0 INVAR
984 984 8 0 INVAR
985 985 8 0 INVAR
986 986 3 0 INVAR
987 987 8 0 INVAR
988 988 7 0 INVAR
989 989 5 0 INVAR
990 990 2 0 INVAR
991 991 4 0 INVAR
992 992 5 0 INVAR
993 993 0 0 INVAR
994 994 5 0 INVAR
995 995 7 0 INVAR
996 996 3 0 INVAR
997 997 2 0 INVAR
998 998 7 0 INVAR
999 999 2 0 INVAR
1000 1000 1 0 INVAR
1001 1001 3 0 INVAR
1002 1002 4 0 INVAR
1003 1003 9 0 INVAR
1004 1004 4 0 INVAR
1005 1005 1 0 INVAR
1006 1006 9 0 INVAR
1007 1007 5 0 INVAR
1008 1008 7 0 INVAR
1009 1009 4 0 INVAR
1010 1010 1 0 INVAR
1011 1011 2 0 INVAR
1012 1012 2 0 INVAR
1013 1013 1 0 INVAR
1014 1014 6 0 INVAR
1015 1015 2 0 INVAR
1016 1016 0 0 INVAR
1017 1017 2 0 INVAR
1018 1018 2 0 INVAR
1019 1019 9 0 INVAR
1020 1020 7 0 INVAR
1021 1021 4 0 INVAR
1022 1022 3 0 INVAR
1023 1023 5 0 INVAR
1024 1024 6 0 INVAR
1025 1025 1 0 INVAR
1026 1026 4 0 INVAR
1027 1027 0 0 INVAR
1028 1028 3 0 INVAR
1029 1029 1 0 INVAR
1030 1030 2 0 INVAR
1031 1031 7 0 INVAR
1032 1032 7 0 INVAR
1033 1033 9 0 INVAR
1034 1034 8 0 INVAR
1035 1035 1 0 INVAR
1036 1036 0 0 INVAR
1037 1037 7 0 INVAR
1038 1038 6 0 INVAR
1039 1039 0 0 INVAR
1040 1040 1 0 INVAR
1041 1041 0 0 INVAR
1042 1042 2 0 INVAR
1043 1043 5 0 INVAR
1044 1044 1 0 INVAR
1045 1045 9 0 INVAR
1046 1046 7 0 INVAR
1047 1047 1 0 INVAR
1048 1048 3 0 INVAR
1049 1049 1 0 INVAR
1050 1050 2 0 INVAR
1051 1051 0 0 INVAR
1052 1052 6 0 INVAR
1053 1053 8 0 INVAR
1054 1054 7 0 INVAR
1055 1055 4 0 INVAR
1056 1056 9 0 INVAR
1057 1057 2 0 INVAR
1058 1058 4 0 INVAR
1059 1059 4 0 INVAR
1060 1060 5 0 INVAR
1061 1061 9 0 INVAR
1062 1062 1 0 INVAR
1063 1063 2 0 INVAR
1064 1064 8 0 INVAR
1065 1065 9 0 INVAR
1066 1066 6 0 INVAR
1067 1067 0 0 INVAR
1068 1068 6 0 INVAR
1069 1069 4 0 INVAR
1070 1070 0 0 INVAR
1071 1071 9 0 INVAR
1072 1072 4 0 INVAR
1073 1073 5 0 INVAR
1074 1074 4 0 INVAR
1075 1075 6 0 INVAR
1076 1076 6 0 INVAR
1077 1077 3 0 INVAR
1078 1078 9 0 INVAR
1079 1079 9 0 INVAR
1080 1080 5 0 INVAR
1081 1081 2 0 INVAR
1082 1082 1 0 INVAR
1083 1083 3 0 INVAR
1084 1084 0 0 INVAR
1085 1085 9 0 INVAR
1086 1086 9 0 INVAR
1087 1087 1 0 INVAR
1088 1088 3 0 INVAR
1089 1089 4 0 INVAR
1090 1090 5 0 INVAR
1091 1091 8 0 INVAR
1092 1092 5 0 INVAR
1093 1093 7 0 INVAR
1094 1094 3 0 INVAR
1095 1095 3 0 INVAR
1096 1096 8 0 INVAR
1097 1097 9 0 INVAR
1098 1098 5 0 INVAR
1099 1099 5 0 INVAR
1100 1100 3 0 INVAR
1101 0 1987 1 OUTVAR
1102 1 2137 1 OUTVAR
1103 2 1768 1 OUTVAR
1104 3 1866 1 OUTVAR
1105 4 2249 1 OUTVAR
1106 5 2108 1 OUTVAR
1107 6 1945 1 OUTVAR
1108 7 1951 1 OUTVAR
1109 8 1948 1 OUTVAR
1110 9 1720 1 OUTVAR
1111 -1 9 -1 IM
1112 -1 33 -1 IM
1113 -1 96 -1 IM
1114 -1 116 -1 IM
1115 -1 119 -1 IM
1116 -1 164 -1 IM
1117 -1 194 -1 IM
1118 -1 208 -1 IM
1119 -1 244 -1 IM
1120 -1 245 -1 IM
1121 -1 249 -1 IM
1122 -1 263 -1 IM
1123 -1 263 -1 IM
1124 -1 317 -1 IM
1125 -1 323 -1 IM
1126 -1 323 -1 IM
1127 -1 323 -1 IM
1128 -1 335 -1 IM
1129 -1 353 -1 IM
1130 -1 395 -1 IM
1131 -1 399 -1 IM
1132 -1 423 -1 IM
1133 -1 458 -1 IM
1134 -1 512 -1 IM
1135 -1 514 -1 IM
1136 -1 514 -1 IM
1137 -1 514 -1 IM
1138 -1 523 -1 IM
1139 -1 530 -1 IM
1140 -1 540 -1 IM
1141 -1 603 -1 IM
1142 -1 617 -1 IM
1143 -1 635 -1 IM
1144 -1 699 -1 IM
1145 -1 708 -1 IM
1146 -1 708 -1 IM
1147 -1 729 -1 IM
1148 -1 765 -1 IM
1149 -1 765 -1 IM
1150 -1 767 -1 IM
1151 -1 767 -1 IM
1152 -1 773 -1 IM
1153 -1 778 -1 IM
1154 -1 787 -1 IM
1155 -1 823 -1 IM
1156 -1 872 -1 IM
1157 -1 880 -1 IM
1158 -1 892 -1 IM
1159 -1 897 -1 IM
1160 -1 897 -1 IM
1161 -1 897 -1 IM
1162 -1 933 -1 IM
1163 -1 941 -1 IM
1164 -1 941 -1 IM
1165 -1 965 -1 IM
1166 -1 992 -1 IM
1167 -1 996 -1 IM
1168 -1 996 -1 IM
1169 -1 1020 -1 IM
1170 -1 1025 -1 IM
1171 -1 1070 -1 IM
1172 -1 1075 -1 IM
1173 -1 1083 -1 IM
1174 -1 1139 -1 IM
1175 -1 1193 -1 IM
1176 -1 1223 -1 IM
1177 -1 1223 -1 IM
1178 -1 1277 -1 IM
1179 -1 1289 -1 IM
1180 -1 1289 -1 IM
1181 -1 1325 -1 IM
1182 -1 1345 -1 IM
1183 -1 1355 -1 IM
1184 -1 1375 -1 IM
1185 -1 1399 -1 IM
1186 -1 1441 -1 IM
1187 -1 1453 -1 IM
1188 -1 1489 -1 IM
1189 -1 1516 -1 IM
1190 -1 1516 -1 IM
1191 -1 1530 -1 IM
1192 -1 1538 -1 IM
1193 -1 1556 -1 IM
1194 -1 1556 -1 IM
1195 -1 1628 -1 IM
1196 -1 1664 -1 IM
1197 -1 1667 -1 IM
1198 -1 1670 -1 IM
1199 -1 1686 -1 IM
1200 -1 1731 -1 IM
1201 -1 1747 -1 IM
1202 -1 1747 -1 IM
1203 -1 1789 -1 IM
1204 -1 1813 -1 IM
1205 -1 1840 -1 IM
1206 -1 1856 -1 IM
1207 -1 1910 -1 IM
1208 -1 1940 -1 IM
1209 -1 1960 -1 IM
1210 -1 15 -1 IM
1211 -1 15 -1 IM
1212 -1 51 -1 IM
1213 -1 83 -1 IM
1214 -1 90 -1 IM
1215 -1 99 -1 IM
1216 -1 134 -1 IM
1217 -1 148 -1 IM
1218 -1 176 -1 IM
1219 -1 178 -1 IM
1220 -1 182 -1 IM
1221 -1 194 -1 IM
1222 -1 195 -1 IM
1223 -1 195 -1 IM
1224 -1 207 -1 IM
1225 -1 207 -1 IM
1226 -1 217 -1 IM
1227 -1 235 -1 IM
1228 -1 271 -1 IM
1229 -1 334 -1 IM
1230 -1 334 -1 IM
1231 -1 361 -1 IM
1232 -1 366 -1 IM
1233 -1 408 -1 IM
1234 -1 415 -1 IM
1235 -1 419 -1 IM
1236 -1 419 -1 IM
1237 -1 434 -1 IM
1238 -1 443 -1 IM
1239 -1 457 -1 IM
1240 -1 506 -1 IM
1241 -1 548 -1 IM
1242 -1 611 -1 IM
1243 -1 635 -1 IM
1244 -1 641 -1 IM
1245 -1 641 -1 IM
1246 -1 683 -1 IM
1247 -1 701 -1 IM
1248 -1 701 -1 IM
1249 -1 705 -1 IM
1250 -1 705 -1 IM
1251 -1 707 -1 IM
1252 -1 717 -1 IM
1253 -1 726 -1 IM
1254 -1 753 -1 IM
1255 -1 816 -1 IM
1256 -1 816 -1 IM
1257 -1 840 -1 IM
1258 -1 848 -1 IM
1259 -1 858 -1 IM
1260 -1 858 -1 IM
1261 -1 912 -1 IM
1262 -1 960 -1 IM
1263 -1 981 -1 IM
1264 -1 1013 -1 IM
1265 -1 1058 -1 IM
1266 -1 1070 -1 IM
1267 -1 1074 -1 IM
1268 -1 1078 -1 IM
1269 -1 1103 -1 IM
1270 -1 1184 -1 IM
1271 -1 1192 -1 IM
1272 -1 1200 -1 IM
1273 -1 1264 -1 IM
1274 -1 1273 -1 IM
1275 -1 1273 -1 IM
1276 -1 1273 -1 IM
1277 -1 1273 -1 IM
1278 -1 1289 -1 IM
1279 -1 1289 -1 IM
1280 -1 1325 -1 IM
1281 -1 1341 -1 IM
1282 -1 1376 -1 IM
1283 -1 1400 -1 IM
1284 -1 1418 -1 IM
1285 -1 1424 -1 IM
1286 -1 1445 -1 IM
1287 -1 1490 -1 IM
1288 -1 1571 -1 IM
1289 -1 1601 -1 IM
1290 -1 1605 -1 IM
1291 -1 1606 -1 IM
1292 -1 1627 -1 IM
1293 -1 1627 -1 IM
1294 -1 1672 -1 IM
1295 -1 1735 -1 IM
1296 -1 1739 -1 IM
1297 -1 1742 -1 IM
1298 -1 1774 -1 IM
1299 -1 1799 -1 IM
1300 -1 1871 -1 IM
1301 -1 1906 -1 IM
1302 -1 1941 -1 IM
1303 -1 1950 -1 IM
1304 -1 1974 -1 IM
1305 -1 2038 -1 IM
1306 -1 2065 -1 IM
1307 -1 2070 -1 IM
1308 -1 2110 -1 IM
1309 -1 18 -1 IM
1310 -1 34 -1 IM
1311 -1 61 -1 IM
1312 -1 73 -1 IM
1313 -1 76 -1 IM
1314 -1 148 -1 IM
1315 -1 178 -1 IM
1316 -1 178 -1 IM
1317 -1 194 -1 IM
1318 -1 202 -1 IM
1319 -1 218 -1 IM
1320 -1 234 -1 IM
1321 -1 243 -1 IM
1322 -1 285 -1 IM
1323 -1 299 -1 IM
1324 -1 299 -1 IM
1325 -1 307 -1 IM
1326 -1 313 -1 IM
1327 -1 313 -1 IM
1328 -1 334 -1 IM
1329 -1 334 -1 IM
1330 -1 361 -1 IM
1331 -1 371 -1 IM
1332 -1 401 -1 IM
1333 -1 405 -1 IM
1334 -1 405 -1 IM
1335 -1 405 -1 IM
1336 -1 432 -1 IM
1337 -1 436 -1 IM
1338 -1 448 -1 IM
1339 -1 511 -1 IM
1340 -1 525 -1 IM
1341 -1 543 -1 IM
1342 -1 575 -1 IM
1343 -1 582 -1 IM
1344 -1 582 -1 IM
1345 -1 617 -1 IM
1346 -1 641 -1 IM
1347 -1 641 -1 IM
1348 -1 642 -1 IM
1349 -1 642 -1 IM
1350 -1 658 -1 IM
1351 -1 703 -1 IM
1352 -1 706 -1 IM
1353 -1 760 -1 IM
1354 -1 816 -1 IM
1355 -1 816 -1 IM
1356 -1 822 -1 IM
1357 -1 823 -1 IM
1358 -1 823 -1 IM
1359 -1 823 -1 IM
1360 -1 829 -1 IM
1361 -1 837 -1 IM
1362 -1 837 -1 IM
1363 -1 869 -1 IM
1364 -1 914 -1 IM
1365 -1 914 -1 IM
1366 -1 938 -1 IM
1367 -1 954 -1 IM
1368 -1 984 -1 IM
1369 -1 1002 -1 IM
1370 -1 1007 -1 IM
1371 -1 1023 -1 IM
1372 -1 1071 -1 IM
1373 -1 1089 -1 IM
1374 -1 1137 -1 IM
1375 -1 1137 -1 IM
1376 -1 1179 -1 IM
1377 -1 1187 -1 IM
1378 -1 1187 -1 IM
1379 -1 1187 -1 IM
1380 -1 1211 -1 IM
1381 -1 1221 -1 IM
1382 -1 1257 -1 IM
1383 -1 1311 -1 IM
1384 -1 1311 -1 IM
1385 -1 1335 -1 IM
1386 -1 1344 -1 IM
1387 -1 1371 -1 IM
1388 -1 1376 -1 IM
1389 -1 1378 -1 IM
1390 -1 1378 -1 IM
1391 -1 1387 -1 IM
1392 -1 1387 -1 IM
1393 -1 1387 -1 IM
1394 -1 1414 -1 IM
1395 -1 1423 -1 IM
1396 -1 1426 -1 IM
1397 -1 1462 -1 IM
1398 -1 1492 -1 IM
1399 -1 1564 -1 IM
1400 -1 1579 -1 IM
1401 -1 1600 -1 IM
1402 -1 1624 -1 IM
1403 -1 1624 -1 IM
1404 -1 1664 -1 IM
1405 -1 1718 -1 IM
1406 -1 1748 -1 IM
1407 -1 1768 -1 IM
1408 -1 0 -1 IM
1409 -1 16 -1 IM
1410 -1 70 -1 IM
1411 -1 78 -1 IM
1412 -1 84 -1 IM
1413 -1 147 -1 IM
1414 -1 172 -1 IM
1415 -1 214 -1 IM
1416 -1 250 -1 IM
1417 -1 258 -1 IM
1418 -1 272 -1 IM
1419 -1 276 -1 IM
1420 -1 284 -1 IM
1421 -1 296 -1 IM
1422 -1 314 -1 IM
1423 -1 314 -1 IM
1424 -1 326 -1 IM
1425 -1 326 -1 IM
1426 -1 344 -1 IM
1427 -1 393 -1 IM
1428 -1 417 -1 IM
1429 -1 420 -1 IM
1430 -1 435 -1 IM
1431 -1 447 -1 IM
1432 -1 448 -1 IM
1433 -1 468 -1 IM
1434 -1 468 -1 IM
1435 -1 495 -1 IM
1436 -1 496 -1 IM
1437 -1 504 -1 IM
1438 -1 567 -1 IM
1439 -1 574 -1 IM
1440 -1 574 -1 IM
1441 -1 630 -1 IM
1442 -1 635 -1 IM
1443 -1 635 -1 IM
1444 -1 684 -1 IM
1445 -1 684 -1 IM
1446 -1 684 -1 IM
1447 -1 692 -1 IM
1448 -1 692 -1 IM
1449 -1 700 -1 IM
1450 -1 710 -1 IM
1451 -1 719 -1 IM
1452 -1 773 -1 IM
1453 -1 780 -1 IM
1454 -1 780 -1 IM
1455 -1 792 -1 IM
1456 -1 794 -1 IM
1457 -1 798 -1 IM
1458 -1 798 -1 IM
1459 -1 798 -1 IM
1460 -1 838 -1 IM
1461 -1 873 -1 IM
1462 -1 881 -1 IM
1463 -1 962 -1 IM
1464 -1 962 -1 IM
1465 -1 970 -1 IM
1466 -1 1002 -1 IM
1467 -1 1017 -1 IM
1468 -1 1089 -1 IM
1469 -1 1089 -1 IM
1470 -1 1097 -1 IM
1471 -1 1097 -1 IM
1472 -1 1178 -1 IM
1473 -1 1184 -1 IM
1474 -1 1184 -1 IM
1475 -1 1220 -1 IM
1476 -1 1228 -1 IM
1477 -1 1228 -1 IM
1478 -1 1264 -1 IM
1479 -1 1280 -1 IM
1480 -1 1325 -1 IM
1481 -1 1361 -1 IM
1482 -1 1379 -1 IM
1483 -1 1415 -1 IM
1484 -1 1415 -1 IM
1485 -1 1460 -1 IM
1486 -1 1460 -1 IM
1487 -1 1470 -1 IM
1488 -1 1488 -1 IM
1489 -1 1492 -1 IM
1490 -1 1501 -1 IM
1491 -1 1501 -1 IM
1492 -1 1510 -1 IM
1493 -1 1573 -1 IM
1494 -1 1577 -1 IM
1495 -1 1586 -1 IM
1496 -1 1590 -1 IM
1497 -1 1610 -1 IM
1498 -1 1658 -1 IM
1499 -1 1703 -1 IM
1500 -1 1731 -1 IM
1501 -1 1737 -1 IM
1502 -1 1743 -1 IM
1503 -1 1791 -1 IM
1504 -1 1827 -1 IM
1505 -1 1832 -1 IM
1506 -1 1842 -1 IM
1507 -1 24 -1 IM
1508 -1 60 -1 IM
1509 -1 78 -1 IM
1510 -1 110 -1 IM
1511 -1 118 -1 IM
1512 -1 190 -1 IM
1513 -1 220 -1 IM
1514 -1 276 -1 IM
1515 -1 288 -1 IM
1516 -1 296 -1 IM
1517 -1 302 -1 IM
1518 -1 308 -1 IM
1519 -1 311 -1 IM
1520 -1 359 -1 IM
1521 -1 359 -1 IM
1522 -1 359 -1 IM
1523 -1 373 -1 IM
1524 -1 385 -1 IM
1525 -1 457 -1 IM
1526 -1 520 -1 IM
1527 -1 520 -1 IM
1528 -1 538 -1 IM
1529 -1 578 -1 IM
1530 -1 620 -1 IM
1531 -1 629 -1 IM
1532 -1 629 -1 IM
1533 -1 629 -1 IM
1534 -1 638 -1 IM
1535 -1 641 -1 IM
1536 -1 655 -1 IM
1537 -1 676 -1 IM
1538 -1 690 -1 IM
1539 -1 744 -1 IM
1540 -1 784 -1 IM
1541 -1 786 -1 IM
1542 -1 786 -1 IM
1543 -1 821 -1 IM
1544 -1 869 -1 IM
1545 -1 869 -1 IM
1546 -1 878 -1 IM
1547 -1 878 -1 IM
1548 -1 878 -1 IM
1549 -1 898 -1 IM
1550 -1 899 -1 IM
1551 -1 899 -1 IM
1552 -1 927 -1 IM
1553 -1 935 -1 IM
1554 -1 956 -1 IM
1555 -1 956 -1 IM
1556 -1 972 -1 IM
1557 -1 972 -1 IM
1558 -1 984 -1 IM
1559 -1 1016 -1 IM
1560 -1 1065 -1 IM
1561 -1 1101 -1 IM
1562 -1 1128 -1 IM
1563 -1 1146 -1 IM
1564 -1 1154 -1 IM
1565 -1 1186 -1 IM
1566 -1 1201 -1 IM
1567 -1 1201 -1 IM
1568 -1 1202 -1 IM
1569 -1 1216 -1 IM
1570 -1 1280 -1 IM
1571 -1 1361 -1 IM
1572 -1 1367 -1 IM
1573 -1 1367 -1 IM
1574 -1 1391 -1 IM
1575 -1 1427 -1 IM
1576 -1 1427 -1 IM
1577 -1 1472 -1 IM
1578 -1 1500 -1 IM
1579 -1 1520 -1 IM
1580 -1 1556 -1 IM
1581 -1 1610 -1 IM
1582 -1 1634 -1 IM
1583 -1 1649 -1 IM
1584 -1 1730 -1 IM
1585 -1 1757 -1 IM
1586 -1 1782 -1 IM
1587 -1 1796 -1 IM
1588 -1 1796 -1 IM
1589 -1 1820 -1 IM
1590 -1 1820 -1 IM
1591 -1 1901 -1 IM
1592 -1 1982 -1 IM
1593 -1 1989 -1 IM
1594 -1 2013 -1 IM
1595 -1 2021 -1 IM
1596 -1 2046 -1 IM
1597 -1 2070 -1 IM
1598 -1 2090 -1 IM
1599 -1 2153 -1 IM
1600 -1 2153 -1 IM
1601 -1 2159 -1 IM
1602 -1 2159 -1 IM
1603 -1 2168 -1 IM
1604 -1 2213 -1 IM
1605 -1 2243 -1 IM
1606 -1 3 -1 IM
1607 -1 11 -1 IM
1608 -1 11 -1 IM
1609 -1 39 -1 IM
1610 -1 42 -1 IM
1611 -1 51 -1 IM
1612 -1 56 -1 IM
1613 -1 119 -1 IM
1614 -1 119 -1 IM
1615 -1 124 -1 IM
1616 -1 136 -1 IM
1617 -1 150 -1 IM
1618 -1 157 -1 IM
1619 -1 181 -1 IM
1620 -1 181 -1 IM
1621 -1 181 -1 IM
1622 -1 189 -1 IM
1623 -1 203 -1 IM
1624 -1 239 -1 IM
1625 -1 295 -1 IM
1626 -1 315 -1 IM
1627 -1 339 -1 IM
1628 -1 349 -1 IM
1629 -1 385 -1 IM
1630 -1 385 -1 IM
1631 -1 409 -1 IM
1632 -1 409 -1 IM
1633 -1 421 -1 IM
1634 -1 427 -1 IM
1635 -1 431 -1 IM
1636 -1 487 -1 IM
1637 -1 550 -1 IM
1638 -1 604 -1 IM
1639 -1 604 -1 IM
1640 -1 611 -1 IM
1641 -1 611 -1 IM
1642 -1 618 -1 IM
1643 -1 618 -1 IM
1644 -1 618 -1 IM
1645 -1 621 -1 IM
1646 -1 621 -1 IM
1647 -1 635 -1 IM
1648 -1 645 -1 IM
1649 -1 651 -1 IM
1650 -1 687 -1 IM
1651 -1 722 -1 IM
1652 -1 724 -1 IM
1653 -1 724 -1 IM
1654 -1 726 -1 IM
1655 -1 744 -1 IM
1656 -1 744 -1 IM
1657 -1 798 -1 IM
1658 -1 870 -1 IM
1659 -1 898 -1 IM
1660 -1 918 -1 IM
1661 -1 927 -1 IM
1662 -1 927 -1 IM
1663 -1 939 -1 IM
1664 -1 967 -1 IM
1665 -1 1007 -1 IM
1666 -1 1079 -1 IM
1667 -1 1085 -1 IM
1668 -1 1085 -1 IM
1669 -1 1117 -1 IM
1670 -1 1171 -1 IM
1671 -1 1213 -1 IM
1672 -1 1213 -1 IM
1673 -1 1213 -1 IM
1674 -1 1249 -1 IM
1675 -1 1249 -1 IM
1676 -1 1294 -1 IM
1677 -1 1330 -1 IM
1678 -1 1365 -1 IM
1679 -1 1397 -1 IM
1680 -1 1427 -1 IM
1681 -1 1445 -1 IM
1682 -1 1454 -1 IM
1683 -1 1526 -1 IM
1684 -1 1553 -1 IM
1685 -1 1588 -1 IM
1686 -1 1606 -1 IM
1687 -1 1609 -1 IM
1688 -1 1630 -1 IM
1689 -1 1630 -1 IM
1690 -1 1693 -1 IM
1691 -1 1729 -1 IM
1692 -1 1730 -1 IM
1693 -1 1757 -1 IM
1694 -1 1757 -1 IM
1695 -1 1802 -1 IM
1696 -1 1866 -1 IM
1697 -1 1906 -1 IM
1698 -1 1941 -1 IM
1699 -1 1965 -1 IM
1700 -1 1977 -1 IM
1701 -1 2001 -1 IM
1702 -1 2064 -1 IM
1703 -1 2069 -1 IM
1704 -1 2084 -1 IM
1705 -1 0 -1 IM
1706 -1 36 -1 IM
1707 -1 99 -1 IM
1708 -1 135 -1 IM
1709 -1 144 -1 IM
1710 -1 171 -1 IM
1711 -1 181 -1 IM
1712 -1 209 -1 IM
1713 -1 221 -1 IM
1714 -1 228 -1 IM
1715 -1 230 -1 IM
1716 -1 234 -1 IM
1717 -1 236 -1 IM
1718 -1 236 -1 IM
1719 -1 240 -1 IM
1720 -1 240 -1 IM
1721 -1 254 -1 IM
1722 -1 264 -1 IM
1723 -1 273 -1 IM
1724 -1 322 -1 IM
1725 -1 338 -1 IM
1726 -1 341 -1 IM
1727 -1 376 -1 IM
1728 -1 382 -1 IM
1729 -1 383 -1 IM
1730 -1 387 -1 IM
1731 -1 387 -1 IM
1732 -1 387 -1 IM
1733 -1 391 -1 IM
1734 -1 391 -1 IM
1735 -1 447 -1 IM
1736 -1 482 -1 IM
1737 -1 491 -1 IM
1738 -1 539 -1 IM
1739 -1 545 -1 IM
1740 -1 545 -1 IM
1741 -1 552 -1 IM
1742 -1 606 -1 IM
1743 -1 606 -1 IM
1744 -1 610 -1 IM
1745 -1 610 -1 IM
1746 -1 610 -1 IM
1747 -1 650 -1 IM
1748 -1 651 -1 IM
1749 -1 651 -1 IM
1750 -1 665 -1 IM
1751 -1 667 -1 IM
1752 -1 694 -1 IM
1753 -1 701 -1 IM
1754 -1 711 -1 IM
1755 -1 711 -1 IM
1756 -1 735 -1 IM
1757 -1 783 -1 IM
1758 -1 804 -1 IM
1759 -1 832 -1 IM
1760 -1 913 -1 IM
1761 -1 927 -1 IM
1762 -1 943 -1 IM
1763 -1 979 -1 IM
1764 -1 984 -1 IM
1765 -1 1047 -1 IM
1766 -1 1047 -1 IM
1767 -1 1059 -1 IM
1768 -1 1059 -1 IM
1769 -1 1131 -1 IM
1770 -1 1161 -1 IM
1771 -1 1161 -1 IM
1772 -1 1215 -1 IM
1773 -1 1231 -1 IM
1774 -1 1231 -1 IM
1775 -1 1276 -1 IM
1776 -1 1292 -1 IM
1777 -1 1297 -1 IM
1778 -1 1317 -1 IM
1779 -1 1347 -1 IM
1780 -1 1371 -1 IM
1781 -1 1398 -1 IM
1782 -1 1470 -1 IM
1783 -1 1497 -1 IM
1784 -1 1537 -1 IM
1785 -1 1547 -1 IM
1786 -1 1549 -1 IM
1787 -1 1555 -1 IM
1788 -1 1555 -1 IM
1789 -1 1618 -1 IM
1790 -1 1618 -1 IM
1791 -1 1621 -1 IM
1792 -1 1633 -1 IM
1793 -1 1657 -1 IM
1794 -1 1672 -1 IM
1795 -1 1720 -1 IM
1796 -1 1735 -1 IM
1797 -1 1756 -1 IM
1798 -1 1768 -1 IM
1799 -1 1780 -1 IM
1800 -1 1804 -1 IM
1801 -1 1885 -1 IM
1802 -1 1920 -1 IM
1803 -1 1930 -1 IM
1804 -1 24 -1 IM
1805 -1 60 -1 IM
1806 -1 60 -1 IM
1807 -1 68 -1 IM
1808 -1 72 -1 IM
1809 -1 135 -1 IM
1810 -1 165 -1 IM
1811 -1 200 -1 IM
1812 -1 228 -1 IM
1813 -1 229 -1 IM
1814 -1 235 -1 IM
1815 -1 241 -1 IM
1816 -1 244 -1 IM
1817 -1 292 -1 IM
1818 -1 302 -1 IM
1819 -1 302 -1 IM
1820 -1 302 -1 IM
1821 -1 318 -1 IM
1822 -1 381 -1 IM
1823 -1 423 -1 IM
1824 -1 435 -1 IM
1825 -1 450 -1 IM
1826 -1 450 -1 IM
1827 -1 498 -1 IM
1828 -1 498 -1 IM
1829 -1 514 -1 IM
1830 -1 514 -1 IM
1831 -1 517 -1 IM
1832 -1 520 -1 IM
1833 -1 530 -1 IM
1834 -1 593 -1 IM
1835 -1 614 -1 IM
1836 -1 650 -1 IM
1837 -1 658 -1 IM
1838 -1 663 -1 IM
1839 -1 663 -1 IM
1840 -1 719 -1 IM
1841 -1 737 -1 IM
1842 -1 737 -1 IM
1843 -1 743 -1 IM
1844 -1 743 -1 IM
1845 -1 761 -1 IM
1846 -1 806 -1 IM
1847 -1 806 -1 IM
1848 -1 869 -1 IM
1849 -1 911 -1 IM
1850 -1 914 -1 IM
1851 -1 935 -1 IM
1852 -1 941 -1 IM
1853 -1 943 -1 IM
1854 -1 943 -1 IM
1855 -1 943 -1 IM
1856 -1 991 -1 IM
1857 -1 1026 -1 IM
1858 -1 1026 -1 IM
1859 -1 1098 -1 IM
1860 -1 1100 -1 IM
1861 -1 1108 -1 IM
1862 -1 1116 -1 IM
1863 -1 1146 -1 IM
1864 -1 1227 -1 IM
1865 -1 1228 -1 IM
1866 -1 1228 -1 IM
1867 -1 1260 -1 IM
1868 -1 1278 -1 IM
1869 -1 1320 -1 IM
1870 -1 1320 -1 IM
1871 -1 1320 -1 IM
1872 -1 1332 -1 IM
1873 -1 1332 -1 IM
1874 -1 1404 -1 IM
1875 -1 1404 -1 IM
1876 -1 1419 -1 IM
1877 -1 1447 -1 IM
1878 -1 1447 -1 IM
1879 -1 1447 -1 IM
1880 -1 1456 -1 IM
1881 -1 1492 -1 IM
1882 -1 1573 -1 IM
1883 -1 1583 -1 IM
1884 -1 1597 -1 IM
1885 -1 1601 -1 IM
1886 -1 1607 -1 IM
1887 -1 1607 -1 IM
1888 -1 1625 -1 IM
1889 -1 1661 -1 IM
1890 -1 1665 -1 IM
1891 -1 1674 -1 IM
1892 -1 1706 -1 IM
1893 -1 1736 -1 IM
1894 -1 1736 -1 IM
1895 -1 1776 -1 IM
1896 -1 1839 -1 IM
1897 -1 1845 -1 IM
1898 -1 1851 -1 IM
1899 -1 1875 -1 IM
1900 -1 1884 -1 IM
1901 -1 1924 -1 IM
1902 -1 1939 -1 IM
1903 -1 6 -1 IM
1904 -1 14 -1 IM
1905 -1 50 -1 IM
1906 -1 70 -1 IM
1907 -1 71 -1 IM
1908 -1 134 -1 IM
1909 -1 159 -1 IM
1910 -1 208 -1 IM
1911 -1 212 -1 IM
1912 -1 218 -1 IM
1913 -1 236 -1 IM
1914 -1 252 -1 IM
1915 -1 253 -1 IM
1916 -1 271 -1 IM
1917 -1 277 -1 IM
1918 -1 277 -1 IM
1919 -1 291 -1 IM
1920 -1 309 -1 IM
1921 -1 381 -1 IM
1922 -1 423 -1 IM
1923 -1 451 -1 IM
1924 -1 451 -1 IM
1925 -1 471 -1 IM
1926 -1 519 -1 IM
1927 -1 523 -1 IM
1928 -1 555 -1 IM
1929 -1 555 -1 IM
1930 -1 573 -1 IM
1931 -1 581 -1 IM
1932 -1 591 -1 IM
1933 -1 605 -1 IM
1934 -1 612 -1 IM
1935 -1 693 -1 IM
1936 -1 765 -1 IM
1937 -1 771 -1 IM
1938 -1 771 -1 IM
1939 -1 813 -1 IM
1940 -1 837 -1 IM
1941 -1 837 -1 IM
1942 -1 846 -1 IM
1943 -1 846 -1 IM
1944 -1 862 -1 IM
1945 -1 907 -1 IM
1946 -1 910 -1 IM
1947 -1 919 -1 IM
1948 -1 947 -1 IM
1949 -1 955 -1 IM
1950 -1 982 -1 IM
1951 -1 988 -1 IM
1952 -1 1002 -1 IM
1953 -1 1002 -1 IM
1954 -1 1020 -1 IM
1955 -1 1076 -1 IM
1956 -1 1083 -1 IM
1957 -1 1091 -1 IM
1958 -1 1109 -1 IM
1959 -1 1111 -1 IM
1960 -1 1131 -1 IM
1961 -1 1131 -1 IM
1962 -1 1176 -1 IM
1963 -1 1176 -1 IM
1964 -1 1180 -1 IM
1965 -1 1180 -1 IM
1966 -1 1188 -1 IM
1967 -1 1215 -1 IM
1968 -1 1257 -1 IM
1969 -1 1257 -1 IM
1970 -1 1263 -1 IM
1971 -1 1267 -1 IM
1972 -1 1267 -1 IM
1973 -1 1267 -1 IM
1974 -1 1279 -1 IM
1975 -1 1289 -1 IM
1976 -1 1293 -1 IM
1977 -1 1335 -1 IM
1978 -1 1365 -1 IM
1979 -1 1383 -1 IM
1980 -1 1428 -1 IM
1981 -1 1464 -1 IM
1982 -1 1474 -1 IM
1983 -1 1478 -1 IM
1984 -1 1479 -1 IM
1985 -1 1500 -1 IM
1986 -1 1500 -1 IM
1987 -1 1536 -1 IM
1988 -1 1545 -1 IM
1989 -1 1551 -1 IM
1990 -1 1566 -1 IM
1991 -1 1594 -1 IM
1992 -1 1634 -1 IM
1993 -1 1674 -1 IM
1994 -1 1719 -1 IM
1995 -1 1733 -1 IM
1996 -1 1754 -1 IM
1997 -1 1763 -1 IM
1998 -1 1811 -1 IM
1999 -1 1847 -1 IM
2000 -1 1882 -1 IM
2001 -1 1927 -1 IM
2002 -1 6 -1 IM
2003 -1 14 -1 IM
2004 -1 23 -1 IM
2005 -1 47 -1 IM
2006 -1 50 -1 IM
2007 -1 50 -1 IM
2008 -1 60 -1 IM
2009 -1 67 -1 IM
2010 -1 87 -1 IM
2011 -1 93 -1 IM
2012 -1 103 -1 IM
2013 -1 103 -1 IM
2014 -1 103 -1 IM
2015 -1 121 -1 IM
2016 -1 129 -1 IM
2017 -1 129 -1 IM
2018 -1 141 -1 IM
2019 -1 141 -1 IM
2020 -1 159 -1 IM
2021 -1 194 -1 IM
2022 -1 226 -1 IM
2023 -1 253 -1 IM
2024 -1 278 -1 IM
2025 -1 278 -1 IM
2026 -1 284 -1 IM
2027 -1 284 -1 IM
2028 -1 284 -1 IM
2029 -1 293 -1 IM
2030 -1 300 -1 IM
2031 -1 316 -1 IM
2032 -1 330 -1 IM
2033 -1 337 -1 IM
2034 -1 337 -1 IM
2035 -1 377 -1 IM
2036 -1 385 -1 IM
2037 -1 385 -1 IM
2038 -1 420 -1 IM
2039 -1 420 -1 IM
2040 -1 420 -1 IM
2041 -1 423 -1 IM
2042 -1 423 -1 IM
2043 -1 427 -1 IM
2044 -1 442 -1 IM
2045 -1 442 -1 IM
2046 -1 505 -1 IM
2047 -1 554 -1 IM
2048 -1 561 -1 IM
2049 -1 579 -1 IM
2050 -1 588 -1 IM
2051 -1 590 -1 IM
2052 -1 590 -1 IM
2053 -1 644 -1 IM
2054 -1 644 -1 IM
2055 -1 700 -1 IM
2056 -1 736 -1 IM
2057 -1 808 -1 IM
2058 -1 824 -1 IM
2059 -1 824 -1 IM
2060 -1 836 -1 IM
2061 -1 871 -1 IM
2062 -1 871 -1 IM
2063 -1 877 -1 IM
2064 -1 895 -1 IM
2065 -1 911 -1 IM
2066 -1 920 -1 IM
2067 -1 962 -1 IM
2068 -1 962 -1 IM
2069 -1 1016 -1 IM
2070 -1 1044 -1 IM
2071 -1 1044 -1 IM
2072 -1 1062 -1 IM
2073 -1 1090 -1 IM
2074 -1 1095 -1 IM
2075 -1 1115 -1 IM
2076 -1 1163 -1 IM
2077 -1 1211 -1 IM
2078 -1 1223 -1 IM
2079 -1 1268 -1 IM
2080 -1 1322 -1 IM
2081 -1 1347 -1 IM
2082 -1 1359 -1 IM
2083 -1 1367 -1 IM
2084 -1 1379 -1 IM
2085 -1 1379 -1 IM
2086 -1 1451 -1 IM
2087 -1 1478 -1 IM
2088 -1 1486 -1 IM
2089 -1 1507 -1 IM
2090 -1 1527 -1 IM
2091 -1 1537 -1 IM
2092 -1 1569 -1 IM
2093 -1 1594 -1 IM
2094 -1 1594 -1 IM
2095 -1 1609 -1 IM
2096 -1 1630 -1 IM
2097 -1 1654 -1 IM
2098 -1 1672 -1 IM
2099 -1 1707 -1 IM
2100 -1 1717 -1 IM
