0 0 -1 
1 3 0 
2 6 0 
3 7 0 
4 5 0 
5 3 0 
6 5 0 
7 6 0 
8 2 0 
9 9 0 
10 1 0 
11 2 0 
12 7 0 
13 0 0 
14 9 0 
15 3 0 
16 6 0 
17 0 0 
18 6 0 
19 2 0 
20 6 0 
21 1 0 
22 8 0 
23 7 0 
24 9 0 
25 2 0 
26 0 0 
27 2 0 
28 3 0 
29 7 0 
30 5 0 
31 9 0 
32 2 0 
33 2 0 
34 8 0 
35 9 0 
36 7 0 
37 3 0 
38 6 0 
39 1 0 
40 2 0 
41 9 0 
42 3 0 
43 1 0 
44 9 0 
45 4 0 
46 7 0 
47 8 0 
48 4 0 
49 5 0 
50 0 0 
51 3 0 
52 6 0 
53 1 0 
54 0 0 
55 6 0 
56 3 0 
57 2 0 
58 0 0 
59 6 0 
60 1 0 
61 5 0 
62 5 0 
63 4 0 
64 7 0 
65 6 0 
66 5 0 
67 6 0 
68 9 0 
69 3 0 
70 7 0 
71 4 0 
72 5 0 
73 2 0 
74 5 0 
75 4 0 
76 7 0 
77 4 0 
78 4 0 
79 3 0 
80 0 0 
81 7 0 
82 8 0 
83 6 0 
84 8 0 
85 8 0 
86 4 0 
87 3 0 
88 1 0 
89 4 0 
90 9 0 
91 2 0 
92 0 0 
93 6 0 
94 8 0 
95 9 0 
96 2 0 
97 6 0 
98 6 0 
99 4 0 
100 137 0 
101 145 6 
102 166 11 
103 160 8 
104 173 1 
105 207 12 
106 176 1 
107 65 8 
108 101 5 
109 151 12 
110 161 1 
111 140 2 
112 174 12 
113 171 15 
114 96 0 
115 79 6 
116 96 7 
117 72 10 
118 100 12 
119 166 12 
120 95 13 
121 105 1 
122 118 0 
123 173 14 
124 112 9 
125 142 10 
126 164 12 
127 149 4 
128 157 7 
129 181 9 
130 221 7 
131 183 8 
132 184 0 
133 250 8 
134 202 5 
135 136 9 
136 126 11 
137 147 7 
138 105 9 
139 135 7 
140 197 7 
141 135 8 
142 142 1 
143 136 7 
144 150 11 
145 178 3 
146 203 10 
147 230 11 
148 201 3 
149 0 0 
150 4 4 
151 12 1 
152 16 0 
153 49 3 
154 65 3 
155 20 4 
156 85 0 
157 12 12 
158 97 0 
159 40 0 
160 137 1 
161 0 0 
162 9 0 
163 13 12 
164 0 2 
165 13 15 
166 42 7 
167 55 15 
168 25 5 
169 80 11 
170 9 13 
171 89 12 
172 20 0 
173 109 5 
174 36 0 
175 18 0 
176 22 0 
177 36 6 
178 58 4 
179 35 11 
180 93 8 
181 10 8 
182 103 11 
183 0 14 
184 103 10 
185 15 0 
186 118 10 
187 48 0 
188 3 0 
189 7 4 
190 6 10 
191 13 4 
192 42 15 
193 55 7 
194 25 9 
195 80 4 
196 21 12 
197 101 8 
198 5 0 
199 106 8 
200 54 0 
201 0 3 
202 4 3 
203 30 1 
204 34 0 
205 63 3 
206 97 3 
207 20 4 
208 117 0 
209 24 13 
210 141 1 
211 20 4 
212 161 0 
213 12 0 
214 18 3 
215 22 0 
216 30 2 
217 52 1 
218 21 7 
219 73 5 
220 35 5 
221 108 4 
222 18 14 
223 126 8 
224 45 9 
225 171 8 
226 36 0 
227 9 14 
228 13 14 
229 24 6 
230 37 2 
231 49 15 
232 86 14 
233 20 8 
234 106 14 
235 24 12 
236 130 14 
237 10 6 
238 140 2 
239 36 12 
240 0 6 
241 4 6 
242 18 1 
243 22 5 
244 7 3 
245 29 4 
246 8 4 
247 37 4 
248 28 12 
249 65 4 
250 0 13 
251 65 8 
252 0 0 
253 6 6 
254 10 7 
255 0 2 
256 10 6 
257 6 7 
258 16 6 
259 10 10 
260 26 6 
261 21 13 
262 47 10 
263 0 1 
264 47 9 
265 54 0 
266 12 3 
267 16 15 
268 54 5 
269 70 12 
270 5 11 
271 75 15 
272 4 11 
273 79 12 
274 0 12 
275 79 13 
276 0 4 
277 79 13 
278 72 15 
279 2 11 
280 6 11 
281 9 10 
282 15 11 
283 6 15 
284 21 11 
285 10 9 
286 31 8 
287 49 8 
288 80 4 
289 0 1 
290 80 5 
291 81 12 
292 0 7 
293 4 7 
294 45 13 
295 49 3 
296 9 3 
297 58 2 
298 8 8 
299 66 5 
300 56 13 
301 122 2 
302 0 5 
303 122 6 
304 18 0 
305 12 3 
306 16 3 
307 45 14 
308 61 15 
309 3 7 
310 64 15 
311 14 9 
312 78 14 
313 42 8 
314 120 15 
315 0 10 
316 120 15 
317 54 12 
318 6 10 
319 10 10 
320 36 6 
321 46 10 
322 7 15 
323 53 11 
324 8 8 
325 61 8 
326 56 12 
327 117 12 
328 0 2 
329 117 15 
330 54 12 
331 0 6 
332 4 7 
333 12 1 
334 16 4 
335 0 3 
336 16 4 
337 24 4 
338 40 4 
339 8 2 
340 48 5 
341 48 15 
342 96 4 
343 0 3 
344 9 13 
345 13 13 
346 0 2 
347 13 1 
348 0 7 
349 13 2 
350 30 5 
351 43 2 
352 6 1 
353 49 2 
354 24 2 
355 73 6 
356 6 0 
357 18 3 
358 22 0 
359 36 6 
360 58 4 
361 0 11 
362 58 4 
363 12 11 
364 70 4 
365 0 14 
366 70 7 
367 18 8 
368 88 7 
369 8 3 
370 3 14 
371 7 14 
372 6 10 
373 13 14 
374 0 15 
375 13 14 
376 30 9 
377 43 13 
378 14 9 
379 57 9 
380 6 10 
381 63 10 
382 9 12 
383 0 11 
384 4 8 
385 30 13 
386 34 12 
387 0 3 
388 34 15 
389 24 4 
390 58 15 
391 16 13 
392 74 12 
393 24 8 
394 98 12 
395 2 0 
396 18 10 
397 22 11 
398 30 14 
399 52 15 
400 0 7 
401 52 15 
402 42 4 
403 94 12 
404 12 10 
405 106 15 
406 54 11 
407 160 15 
408 6 13 
409 9 1 
410 13 1 
411 24 1 
412 37 13 
413 0 15 
414 37 14 
415 24 9 
416 61 13 
417 16 12 
418 77 12 
419 12 14 
420 89 13 
421 6 14 
422 0 6 
423 4 7 
424 14 1 
425 18 4 
426 63 3 
427 81 4 
428 8 4 
429 89 5 
430 0 12 
431 89 5 
432 16 13 
433 105 5 
434 0 3 
435 24 1 
436 28 1 
437 0 2 
438 28 2 
439 54 7 
440 82 2 
441 10 5 
442 92 2 
443 0 13 
444 92 2 
445 8 5 
446 100 1 
447 18 0 
448 48 13 
449 52 12 
450 42 5 
451 94 13 
452 45 11 
453 139 13 
454 4 8 
455 143 13 
456 0 1 
457 143 12 
458 6 9 
459 149 13 
460 24 15 
461 8 7 
462 12 7 
463 7 9 
464 19 11 
465 54 15 
466 73 11 
467 10 6 
468 83 11 
469 0 5 
470 83 10 
471 2 9 
472 85 9 
473 27 12 
474 0 9 
475 4 9 
476 35 5 
477 39 9 
478 81 14 
479 120 10 
480 8 11 
481 128 10 
482 0 10 
483 128 10 
484 8 4 
485 136 6 
486 6 11 
487 48 9 
488 52 9 
489 35 2 
490 87 9 
491 27 6 
492 114 9 
493 14 10 
494 128 9 
495 0 8 
496 128 9 
497 18 9 
498 146 8 
499 18 13 
500 24 1 
501 28 0 
502 28 6 
503 56 4 
504 63 14 
505 119 5 
506 8 4 
507 127 5 
508 0 13 
509 127 5 
510 4 7 
511 131 5 
512 18 15 
513 0 6 
514 4 7 
515 10 1 
516 14 6 
517 63 3 
518 77 2 
519 8 4 
520 85 2 
521 8 2 
522 93 6 
523 64 15 
524 157 7 
525 0 4 
526 21 1 
527 25 13 
528 0 2 
529 25 14 
530 54 7 
531 79 14 
532 10 5 
533 89 14 
534 6 13 
535 95 13 
536 32 5 
537 127 9 
538 54 5 
539 42 2 
540 46 2 
541 30 6 
542 76 6 
543 45 11 
544 121 10 
545 4 8 
546 125 11 
547 0 12 
548 125 11 
549 24 4 
550 149 7 
551 72 3 
552 7 6 
553 11 6 
554 5 14 
555 16 2 
556 54 15 
557 70 2 
558 10 5 
559 80 1 
560 14 12 
561 94 13 
562 8 9 
563 102 9 
564 81 8 
565 0 9 
566 4 9 
567 25 1 
568 29 5 
569 81 2 
570 110 1 
571 8 4 
572 118 1 
573 16 9 
574 134 13 
575 32 8 
576 166 12 
577 18 0 
578 42 10 
579 46 10 
580 25 14 
581 71 10 
582 27 6 
583 98 10 
584 14 11 
585 112 11 
586 12 9 
587 124 8 
588 72 11 
589 196 8 
590 54 12 
591 21 2 
592 25 3 
593 20 10 
594 45 2 
595 63 14 
596 108 2 
597 8 8 
598 116 6 
599 16 9 
600 132 10 
601 16 7 
602 148 6 
603 54 13 
604 0 6 
605 4 6 
606 6 1 
607 10 2 
608 42 3 
609 52 2 
610 4 4 
611 56 6 
612 8 12 
613 64 4 
614 72 4 
615 136 5 
616 0 4 
617 21 1 
618 25 13 
619 0 2 
620 25 14 
621 36 7 
622 61 14 
623 5 5 
624 66 14 
625 6 13 
626 72 14 
627 36 5 
628 108 10 
629 18 5 
630 42 2 
631 46 3 
632 18 5 
633 64 2 
634 30 11 
635 94 14 
636 2 8 
637 96 14 
638 0 14 
639 96 15 
640 27 4 
641 123 11 
642 24 4 
643 7 7 
644 11 7 
645 3 14 
646 14 11 
647 36 15 
648 50 11 
649 5 6 
650 55 11 
651 14 9 
652 69 10 
653 9 8 
654 78 9 
655 27 8 
656 0 2 
657 4 3 
658 15 13 
659 19 2 
660 54 3 
661 73 2 
662 4 11 
663 77 2 
664 16 10 
665 93 6 
666 36 8 
667 129 7 
668 6 8 
669 42 10 
670 46 10 
671 15 9 
672 61 9 
673 18 7 
674 79 10 
675 7 6 
676 86 10 
677 12 8 
678 98 11 
679 81 5 
680 179 7 
681 18 12 
682 21 14 
683 25 14 
684 12 1 
685 37 13 
686 42 15 
687 79 12 
688 4 4 
689 83 8 
690 16 12 
691 99 12 
692 18 7 
693 117 8 
694 18 12 
695 0 5 
696 4 5 
697 18 1 
698 22 5 
699 28 3 
700 50 6 
701 28 4 
702 78 6 
703 32 2 
704 110 6 
705 32 4 
706 142 5 
707 0 3 
708 3 13 
709 7 13 
710 0 2 
711 7 14 
712 24 7 
713 31 14 
714 35 6 
715 66 10 
716 24 13 
717 90 10 
718 16 5 
719 106 6 
720 30 0 
721 6 1 
722 10 13 
723 54 5 
724 64 9 
725 20 3 
726 84 5 
727 14 11 
728 98 5 
729 0 12 
730 98 9 
731 12 8 
732 110 9 
733 40 3 
734 1 13 
735 5 12 
736 9 1 
737 14 0 
738 24 15 
739 38 3 
740 35 7 
741 73 7 
742 56 8 
743 129 11 
744 4 11 
745 133 15 
746 45 0 
747 0 15 
748 4 15 
749 45 13 
750 49 14 
751 36 2 
752 85 14 
753 28 15 
754 113 14 
755 64 8 
756 177 10 
757 16 7 
758 193 6 
759 10 15 
760 6 10 
761 10 10 
762 45 5 
763 55 9 
764 12 7 
765 67 10 
766 49 10 
767 116 6 
768 48 11 
769 164 6 
770 36 11 
771 200 10 
772 30 15 
773 3 1 
774 7 0 
775 36 6 
776 43 5 
777 28 15 
778 71 4 
779 28 7 
780 99 0 
781 64 12 
782 163 3 
783 8 15 
784 171 0 
785 30 15 
