615901  571.087399931
617181  573.463598269
617821  574.653547396
618141  575.248984449
550717  456.601911811
507309  387.45912554
488837  369.673614644
479713  375.103036661
617949  700.142082263
619229  703.045590568
619869  704.499597725
620189  705.227164554
552765  560.22435777
509357  475.691588749
490885  451.815156047
481761  454.439388475
633821  934.220929125
635101  937.998053107
635741  939.889472673
636061  940.835896849
568637  751.945861832
525229  641.525225927
506757  607.851889235
497633  606.714576588
632285  864.133810328
633565  867.63606284
634205  869.389845147
634525  870.267400313
567101  695.14606079
523693  592.800795355
505221  562.311914227
496097  562.612565573
652765  1200.54279417
654045  1205.25567376
654685  1207.61557569
655005  1208.7963922
587581  972.745908423
544173  834.330085445
525701  790.117646865
516577  785.077986565
656861  1498.69844773
658141  1504.54505182
658781  1507.47262211
659101  1508.93747431
591677  1216.00868883
548269  1044.13026651
529797  986.60728715
520673  975.419141799
288221  125.063909658
288861  125.619939707
289181  125.898417221
221757  74.0347194923
178349  47.8874947134
159877  38.4815662967
150753  34.214696082
152275  35.8713341919
152280  38.088258372
389341  277.933690584
389981  278.848178192
390301  279.305985247
322877  191.141562996
279469  143.201707415
260997  124.896982256
251873  118.950015242
253395  125.721272957
391389  356.232529846
392029  357.398506524
392349  357.982209256
324925  245.517582456
281517  184.300110408
263045  160.907558794
253921  152.614394328
255443  159.86525931
390365  329.379817016
391005  330.460733019
391325  331.001855033
323901  226.766980637
280493  170.05887227
262021  148.397792099
252897  140.897034418
254419  147.970557004
398301  446.978586998
398941  448.416173773
399261  449.135832696
331837  310.251251198
288429  234.391454056
269957  205.33033286
260833  194.508788269
262355  202.498289606
404189  567.461345209
404829  569.259824584
405149  570.16013133
337725  396.181073033
294317  300.883241555
275845  264.300226791
266721  250.057422821
268243  258.891596762
230877  80.2494567337
231197  80.4720655039
163773  40.3799120689
120365  21.8112823702
101893  15.6303771825
92769  12.956464522
94291  13.7540562775
94296  14.6046757493
272221  135.870184254
272541  136.189807015
205117  77.1408155938
161709  47.9456595486
143237  37.6176227829
134113  32.977875126
135635  34.4940997969
135640  36.2536720168
274141  174.768970967
274461  175.177218632
207037  99.6809746926
163629  62.2639826401
145157  48.9995748362
136033  43.0333242205
137555  44.7869017852
137560  46.59728074
277469  166.411822845
277789  166.795883698
210365  95.6537959158
166957  60.2510340336
148485  47.6563093788
139361  41.9795470058
140883  43.7251873749
140888  45.6239115084
277213  216.516555962
277533  217.016714956
210109  124.380768625
166701  78.2961369323
148229  61.9056491725
139105  54.5191913879
140627  56.5394499958
140632  58.4322084182
280925  274.124645013
281245  274.749508212
213821  158.806405512
170413  100.872491341
151941  80.1894553953
142817  70.847921781
144339  73.2306204273
144344  75.2254547081
200349  60.4303511714
132925  26.6007632434
89517  12.0640130466
71045  7.59884869364
61921  5.77240351783
63443  6.05965895187
63448  6.27799915389
197789  71.7274157033
130365  31.160393418
86957  13.8640466431
68485  8.59947294504
59361  6.46075587655
60883  6.79630721978
60888  6.9976203768
202525  95.3835815159
135101  42.4456776074
91693  19.551888332
73221  12.4677376627
64097  9.55414328863
65619  10.0132615259
65624  10.2473390602
198877  85.4917801303
131453  37.3504848483
88045  16.755779457
69573  10.4625296341
60449  7.89829738056
61971  8.30103506382
61976  8.50978994813
220573  137.078273167
153149  66.0833811463
109741  33.9313978507
91269  23.4698605421
82145  19.0119293879
83667  19.7229702098
83672  20.1033817915
220317  168.602232829
152893  81.1974719311
109485  41.636723709
91013  28.772272388
81889  23.292625203
83411  24.1665112581
83416  24.545152995
123581  22.9923927911
80173  9.67691729811
61701  5.73145867521
52577  4.16171526861
54099  4.40614956141
54104  4.44355459469
119453  26.1622467197
76045  10.6028408528
57573  6.07741137822
48449  4.30378481943
49971  4.57843439197
49976  4.6105706633
114717  30.603556952
71309  11.8251058301
52837  6.49221129721
43713  4.44362672111
45235  4.75845025074
45240  4.7850854688
118525  30.3651316134
75117  12.1964014138
56645  6.93550999804
47521  4.88119752072
49043  5.19887405761
49048  5.2300055049
114941  37.2232138327
71533  14.4170632258
53061  7.93258593892
43937  5.43907096266
45459  5.82242201872
45464  5.84954008768
118845  49.0601795358
75437  19.7667887558
56965  11.27154649
47841  7.95001230955
49363  8.46389748862
49368  8.49607719206
119165  46.9958836661
75757  18.9936277307
57285  10.8603599691
48161  7.67632541755
49683  8.16917141835
49688  8.20167697677
126173  65.7400952738
82765  28.2872617566
64293  17.0696592814
55169  12.5686228476
56691  13.2716740218
56696  13.3141956351
124253  76.4143802405
80845  32.3495064667
62373  19.255490893
53249  14.0340894769
54771  14.8478191517
54776  14.8880352933
124797  74.5307705807
81389  31.6999622856
62917  18.9436357083
53793  13.8477384159
55315  14.6424299162
55320  14.6833309152
76077  9.69730798604
57605  5.55987200989
48481  3.93810753336
50003  4.18925266508
50008  4.22135050803
71661  10.7250717965
53189  5.90851211231
44065  4.05529104391
45587  4.34026758736
45592  4.36720260486
69005  11.0733101531
50533  5.93835979897
41409  3.98754713097
42931  4.28606105471
42936  4.31010322445
68157  10.0409816268
49685  5.33587722484
40561  3.55608838944
42083  3.82797086857
42088  3.85102304346
65709  12.1650427787
47237  6.28678402116
38113  4.09270266666
39635  4.42610436144
39640  4.446862768
64493  14.4474919747
46021  7.35663833381
36897  4.72878333336
38419  5.12695394513
38424  5.14674356314
66141  14.4778442102
47669  7.52028792013
38545  4.91698049424
40067  5.31295377635
40072  5.33435194125
63709  16.7609660742
45237  8.45055168489
36113  5.38548234159
37635  5.84899582264
37640  5.8682596832
56669  6.4725274432
47545  4.55609221889
49067  4.85245832058
49072  4.88354808115
51397  6.86433170599
42273  4.64353646561
43795  4.98392826196
43800  5.00904684
47021  5.98731878623
37897  3.88918250517
39419  4.20784627519
39424  4.22834195661
47549  5.6556598636
38425  3.69341628344
39947  3.99180066671
39952  4.01275203226
47061  7.36953976663
37937  4.78899113685
39459  5.18095969603
39464  5.20174036864
42645  7.55353858984
33521  4.66711118119
35043  5.10054721482
35048  5.11735735846
