543162447  444160805.688
465567823  326322240.407
426770511  274201335.469
407371855  249840477.425
259260495  101193694.425
165347407  41160016.2099
125009999  23527201.0241
105070671  16620488.0091
543162447  540929151.264
465567823  397417354.89
426770511  333940982.12
407371855  304272677.089
259260495  123240543.825
165347407  50127459.1305
125009999  28653020.9749
105070671  20241557.4657
543162447  686081669.629
465567823  504060026.614
426770511  423550452.097
407371855  385920976.586
259260495  156310817.924
165347407  63578623.5113
125009999  36341750.9011
105070671  25673161.6507
543162447  637697496.841
465567823  468512469.373
426770511  393680628.771
407371855  358704876.754
259260495  145287393.225
165347407  59094902.051
125009999  33778840.9257
105070671  23862626.9223
543162447  831234187.994
465567823  610702698.338
426770511  513159922.074
407371855  467569276.084
259260495  189381092.024
165347407  77029787.8921
125009999  44030480.8273
105070671  31104765.8356
543162447  1024770879.15
465567823  752892927.303
426770511  632639215.377
407371855  576433675.413
259260495  233474790.824
165347407  94964673.7331
125009999  54282120.7289
105070671  38346904.7489
467664975  329268701.171
428867663  276902809.649
409469007  252419458.313
261357647  102837422.476
167444559  42210727.7499
127107151  24323201.0061
107167823  17290580.6124
467664975  401005754.631
428867663  337231020.585
409469007  307413534.916
261357647  125242387.32
167444559  51407086.901
127107151  29622443.7361
107167823  21057641.6824
461373519  495018776.142
422576207  415266048.255
403177551  378014996.059
255066191  151294150.546
161153103  60393985.2215
120815695  33944002.9842
100876367  23664384.3202
467664975  472742808.091
428867663  397559231.521
409469007  362407611.52
261357647  147647352.163
167444559  60603446.0521
127107151  34921686.4661
107167823  24824702.7524
461373519  599748613.967
422576207  503122808.411
403177551  457990647.774
255066191  183303061.347
161153103  73171383.9439
120815695  41125447.6061
100876367  28670996.6984
461373519  739388397.734
422576207  620265155.285
403177551  564624850.059
255066191  225981609.082
161153103  90207915.5738
120815695  50700707.102
100876367  35346479.8693
401080399  242182989.869
381681743  219322674.65
233570383  82132738.9031
139657295  29363512.9503
99319887  14850914.3503
79380559  9486566.72304
404750415  300369284.295
385351759  272267375.964
237240399  103194893.184
143327311  37665073.5969
102989903  19447788.0399
83050575  12646379.2474
406847567  384928254.421
387448911  349096289.656
239337551  133210368.448
145424463  49180312.2075
105087055  25681168.8685
85147727  16860189.9036
407896143  359628778.0
388497487  326235837.842
240386127  124903336.752
146473039  46373580.0191
106135631  24348805.0406
86196303  16059518.4299
406847567  466366526.265
387448911  422953685.704
239337551  161393340.4
145424463  59585263.2314
105087055  31114467.1198
85147727  20427256.5269
408420431  579404977.52
389021775  525672339.537
240910415  201594395.751
146997327  75056131.8332
106659919  39515711.1583
86720591  26122320.9479
406847567  547804798.11
387448911  496811081.753
239337551  189576312.353
145424463  69990214.2553
105087055  36547765.371
85147727  23994323.1502
408420431  688830532.508
389021775  624950029.111
240910415  239667210.955
146997327  89231120.3124
106659919  46978589.0969
86720591  31055743.3005
411041871  836244849.88
391643215  759176126.681
243531855  293543779.897
149618767  110798395.533
109281359  59108985.1455
89342031  39506901.5916
408420431  798256087.497
389021775  724227718.685
240910415  277740026.159
146997327  103406108.792
106659919  54441467.0356
86720591  35989165.6532
371982415  208317415.648
223871055  75453024.2712
129957967  25426499.6827
89620559  12091942.0385
69681231  7309916.03726
372244559  254060782.461
224133199  92107139.2541
130220111  31091167.9458
89882703  14812663.6975
69943375  8969620.80767
370147407  318614668.814
222036047  114647164.342
128122959  38174228.0946
87785551  17921007.5437
67846223  10704532.2477
372506703  299932428.43
224395343  108838593.019
130482255  36800875.1873
90144847  17564550.972
70205519  10653633.4022
372506703  390959804.35
224395343  141870338.113
130482255  47969681.1659
90144847  22895268.269
70205519  13886935.9753
375128143  488794823.07
227016783  179012448.749
133103695  61538587.9483
92766287  29891496.0371
72826959  18422631.0523
217317455  71100062.1909
123404367  22926714.1999
83066959  10388130.1745
63127631  5999564.73138
216793167  86173174.8523
122880079  27684958.5799
82542671  12492171.8644
62603343  7185813.88018
217186383  109693660.496
123273295  35339007.8825
82935887  15995629.3252
62996559  9228901.2698
216793167  101588937.793
122880079  32637599.1112
82542671  14726931.8162
62603343  8471304.44615
216793167  132420463.674
122880079  42542880.1739
82542671  19196451.7197
62603343  11042285.5781
217579599  164438553.283
123666511  53121645.5427
83329103  24119078.8295
63389775  13957438.5262
118685775  21206944.5036
78348367  9241461.48371
58409039  5136187.64246
117964879  25514459.1942
77627471  11048715.4694
57688143  6101744.69875
118358095  32577089.1853
78020687  14155847.7837
58081359  7844944.63427
118751311  30481200.3575
78413903  13290501.9071
58474575  7390764.90417
118554703  39600575.5976
78217295  17237310.7056
58277967  9569135.65059
119668815  49742691.9223
79331407  21860375.4665
59392079  12252490.063
76251215  8753350.0463
56311887  4773983.58365
75726927  10514329.4615
55787599  5706321.74671
75759695  13347280.2393
55820367  7246056.54662
75726927  12395267.5926
55787599  6727141.78102
75792463  16185121.5586
55853135  8789396.05218
75923535  20022584.9302
55984207  10886752.884
55132239  4576063.2665
55001167  5546572.86889
54640719  6943031.80593
54673487  6461134.57567
54673487  8422043.33423
54542415  10333228.4307
29427683  1303745.72702
30996451  1446454.25175
31006691  1459427.79812
31011811  1483953.12637
30473699  1456117.4466
30127075  1355107.48755
29979619  1379174.15874
29362147  1580725.76277
30930915  1754148.87527
30941155  1767277.46427
30946275  1791804.19296
30408163  1753148.49086
30061539  1645630.64736
29914083  1666662.52372
29149155  1975915.11314
30717923  2194320.39013
30728163  2207586.36317
30733283  2231935.45819
30195171  2177255.06391
29848547  2060734.40828
29701091  2077033.49212
29140963  1835536.55865
30709731  2038483.80005
30719971  2051639.92806
30725091  2075924.64609
30186979  2026628.23135
29840355  1913570.14424
29692899  1931294.30387
29042659  2376493.74774
30611427  2640165.03694
30621667  2653652.7663
30626787  2677990.23395
30088675  2607345.68618
29742051  2481273.82151
29594595  2456731.34927
29124579  2946365.46754
30693347  3272320.26414
30703587  3286287.94777
30708707  3310959.67118
30170595  3218696.34218
29823971  3078453.06113
29676515  3084636.13776
30160867  1369520.07573
30171107  1381828.86897
30176227  1405063.015
29638115  1377359.20566
29291491  1280981.22739
29144035  1268116.54069
29894627  1638578.27448
29904867  1650879.77575
29909987  1673810.3001
29371875  1635692.54977
29025251  1534129.12121
28877795  1518581.14724
29812707  2066898.58315
29822947  2079436.29623
29828067  2102393.1918
29289955  2048668.6958
28943331  1937638.05489
28795875  1917945.19056
29906915  1933296.53535
29917155  1945808.619
29922275  1968858.24805
29384163  1920266.17431
29037539  1811990.96436
28890083  1793634.68896
29702115  2485642.55295
29712355  2498392.0322
29717475  2521331.35467
29179363  2452133.44825
28832739  2331871.78127
28685283  2308081.51752
29702115  3064376.00982
29712355  3077524.60221
29717475  3100663.53284
29179363  3010674.9559
28832739  2877222.18716
28685283  2847868.13979
29822947  1501320.98719
29828067  1524079.36418
29289955  1491032.74426
28943331  1393122.38879
28795875  1378963.6195
29589475  1839503.30166
29594595  1862035.95313
29056483  1816044.56851
28709859  1711155.46389
28562403  1693623.35602
29376483  2347730.97826
29381603  2370131.38216
28843491  2304909.08888
28496867  2188938.53637
28349411  2166343.97996
29380579  2170131.11385
29385699  2192475.51722
28847587  2133717.91895
28500963  2021826.87601
28353507  2000960.26305
29245411  2856682.17563
29250531  2879072.34213
28712419  2794726.18638
28365795  2667309.75063
28218339  2639650.48437
29216739  3556171.91225
29221859  3578766.32896
28683747  3468744.9537
28337123  3325192.1078
28189667  3290675.98519
29572067  1795363.17208
29033955  1751692.78823
28687331  1648394.80869
28539875  1631492.50343
29247459  2254870.92957
28709347  2193266.99635
28362723  2080292.32875
28215267  2058717.94081
29114339  2975656.84365
28576227  2887091.95005
28229603  2757708.7352
28082147  2728974.45474
29182947  2741443.30945
28644835  2661788.20014
28298211  2537699.53544
28150755  2511321.6074
28110819  3425595.65793
27963363  3389751.82062
