25.0  99006
25.0  89054
25.0  82302
25.0  62278
25.0  51418
25.0  46750
27.0  44652
35.0  92158
35.0  82206
35.0  75454
35.0  55430
35.0  44570
35.0  39902
35.0  37804
50.0  85566
50.0  75614
50.0  68862
50.0  48838
50.0  37978
50.0  33310
50.0  31212
45.0  91902
45.0  81950
45.0  75198
45.0  55174
45.0  44314
45.0  39646
45.0  37548
65.0  85566
65.0  75614
65.0  68862
65.0  48838
65.0  37978
65.0  33310
65.0  31212
85.0  83582
85.0  73630
85.0  66878
85.0  46854
85.0  35994
85.0  31326
85.0  29228
25.0  78110
25.0  71358
25.0  51334
25.0  40474
25.0  35806
25.0  33708
35.0  71582
35.0  64830
35.0  44806
35.0  33946
35.0  29278
35.0  27180
50.0  67646
50.0  60894
50.0  40870
50.0  30010
50.0  25342
50.0  23244
45.0  70398
45.0  63646
45.0  43622
45.0  32762
45.0  28094
45.0  25996
65.0  67646
65.0  60894
65.0  40870
65.0  30010
65.0  25342
65.0  23244
85.0  66526
85.0  59774
85.0  39750
85.0  28890
85.0  24222
85.0  22124
33.0  64974
33.0  44950
33.0  34090
33.0  29422
33.0  27324
35.0  59582
35.0  39558
35.0  28698
35.0  24030
35.0  21932
50.0  55982
50.0  35958
50.0  25098
50.0  20430
50.0  18332
45.0  58430
45.0  38406
45.0  27546
45.0  22878
45.0  20780
65.0  55646
65.0  35622
65.0  24762
65.0  20094
65.0  17996
85.0  54990
85.0  34966
85.0  24106
85.0  19438
85.0  17340
33.0  41278
33.0  30418
33.0  25750
33.0  23652
47.0  37126
47.0  26266
47.0  21598
47.0  19500
68.0  34270
68.0  23410
68.0  18742
68.0  16644
61.0  36014
61.0  25154
61.0  20486
61.0  18388
65.0  33270
65.0  22410
65.0  17742
65.0  15644
85.0  32478
85.0  21618
85.0  16950
85.0  14852
80.0  32566
80.0  21706
80.0  17038
80.0  14940
105.0  31838
105.0  20978
105.0  16310
105.0  14212
130.0  31046
130.0  20186
130.0  15518
130.0  13420
125.0  31398
125.0  20538
125.0  15870
125.0  13772
49.0  29598
49.0  24930
49.0  22832
71.0  25418
71.0  20750
71.0  18652
68.0  22330
68.0  17662
68.0  15564
93.0  23934
93.0  19266
93.0  17168
89.0  21322
89.0  16654
89.0  14556
117.0  20298
117.0  15630
117.0  13532
110.0  20326
110.0  15658
110.0  13560
