615901  927.2389555
617181  929.1659955
617821  930.1295155
618141  930.6112755
550717  829.1044435
507309  763.7536995
488837  756.230839
479713  781.93219
617949  1133.0094915
619229  1135.3563715
619869  1136.5298115
620189  1137.1165315
552765  1013.4946275
509357  933.9060595
490885  920.409375
481761  943.288038
633821  1473.9507355
635101  1476.9273755
635741  1478.4156955
636061  1479.1598555
568637  1322.3653435
525229  1221.4200395
506757  1199.493819
497633  1219.20085
632285  1366.6840275
633565  1369.4507475
634205  1370.8341075
634525  1371.5257875
567101  1225.7888115
523693  1131.9624195
505221  1113.001863
496097  1134.077742
652765  1839.1653875
654045  1842.7717875
654685  1844.5749875
655005  1845.4765875
587581  1655.5094675
544173  1533.2074275
525701  1502.979159
516577  1519.769534
656861  2281.6066835
658141  2286.0527635
658781  2288.2758035
659101  2289.3873235
591677  2055.1900595
548269  1904.4123715
529797  1862.236455
520673  1873.381454
653277  2162.0202315
654557  2166.2563915
655197  2168.3744715
655517  2169.4335115
588093  1946.2937835
544685  1802.6350075
526213  1763.339763
517089  1775.683626
663517  2739.9934515
664797  2745.2792115
665437  2747.9220915
665757  2749.2435315
598333  2470.8161235
554925  2291.5627875
536453  2237.545463
527329  2243.257566
669661  3314.4871195
670941  3320.8224795
671581  3323.9901595
671901  3325.5739995
604477  2991.8589115
561069  2777.0110155
542597  2708.101627
533473  2706.842002
678877  3248.7658835
680157  3254.8913235
680797  3257.9540435
681117  3259.4854035
613693  2936.8278515
570285  2729.0988675
551813  2663.601351
542689  2664.60299
288221  433.9167155
288861  434.8802355
289181  435.3619955
221757  333.8551635
178349  268.5044195
159877  240.6948235
150753  226.9586415
152275  235.569425
152280  250.1199
389341  713.8567235
389981  715.0301635
390301  715.6168835
322877  591.9949795
279469  512.4064115
260997  478.5379995
251873  472.261875
253395  496.14741
391389  910.1751195
392029  911.6634395
392349  912.4075995
324925  755.6130875
281517  654.6677835
263045  611.7111475
253921  601.031007
255443  625.83535
390365  843.7739475
391005  845.1573075
391325  845.8489875
323901  700.1120115
280493  606.2856195
262021  566.3583915
252897  557.132091
254419  581.601834
398301  1122.2130675
398941  1124.0162675
399261  1124.9178675
331837  934.9507475
288429  812.6487075
269957  760.6038475
260833  745.721547
262355  771.84841
404189  1403.9504915
404829  1406.1735315
405149  1407.2850515
337725  1173.0877875
294317  1022.3100995
275845  958.1476075
266721  937.524315
268243  965.138314
404445  1338.5107275
405085  1340.6288075
405405  1341.6878475
337981  1118.5481195
294573  974.8893435
276101  913.7562595
266977  894.639927
268499  922.025566
408285  1686.0129075
408925  1688.6557875
409245  1689.9772275
341821  1411.5498195
298413  1232.2964835
279941  1156.0163595
270817  1129.577707
272339  1158.530106
419037  2074.0236315
419677  2077.1913115
419997  2078.7751515
352573  1745.0600635
309165  1530.2121675
290693  1438.7850035
281569  1405.310879
283091  1436.403734
414941  1985.7001555
415581  1988.7628755
415901  1990.2942355
348477  1667.6366835
305069  1459.9076995
286597  1371.5099435
277473  1339.362171
278995  1369.86545
230877  347.5853235
231197  348.0670835
163773  246.5602515
120365  181.2095075
101893  153.3999115
92769  139.6637295
94291  145.868177
94296  154.88118
272221  499.1172035
272541  499.7039235
205117  376.0820195
161709  296.4934515
143237  262.6250395
134113  245.8961855
135635  254.315625
135640  267.27862
274141  637.5148955
274461  638.2590555
207037  481.4645435
163629  380.5192395
145157  337.5626035
136033  316.3447415
137555  325.592685
137560  338.7415
277469  599.7492435
277789  600.4409235
210365  454.7039475
166957  360.8775555
148485  320.9503275
139361  301.2288015
140883  310.365249
140888  323.831068
277213  781.0476275
277533  781.9492275
210109  591.9821075
166701  469.6800675
148229  417.6352075
139105  391.9283375
140627  402.052593
140632  415.497244
280925  975.7929875
281245  976.9045075
213821  742.7072435
170413  591.9295555
151941  527.7670635
142817  496.0748495
144339  507.351585
144344  521.154012
278365  921.2489675
278685  922.3080075
211261  699.1682795
167853  555.5095035
149381  494.3764195
140257  464.1805415
141779  475.101429
141784  488.658556
284381  1174.3513395
284701  1175.6727795
217277  897.2453715
173869  717.9920355
155397  641.7119115
146273  604.0343535
147795  616.452945
147800  630.5887
290397  1437.3199515
290717  1438.9037915
223293  1105.1887035
179885  890.3408075
161413  798.9136435
152289  753.7544055
153811  767.670701
153816  782.385084
288477  1380.5066835
288797  1382.0380435
221373  1059.3804915
177965  851.6515075
159493  763.2537515
150369  719.5908495
151891  733.177857
151896  747.70806
200349  301.6254195
132925  200.1185875
89517  134.7678435
71045  106.9582475
61921  93.2220655
63443  95.5134365
63448  98.947156
197789  362.6461315
130365  239.0242275
86957  159.4356595
68485  125.5672475
59361  108.8383935
60883  111.6289805
60888  114.9261
202525  470.9718875
135101  314.1773755
91693  213.2320715
73221  170.2754355
64097  149.0575735
65619  152.5969845
65624  156.152308
198877  429.8726355
131453  284.1356595
88045  190.3092675
69573  150.3820395
60449  130.6605135
61971  133.9503165
61976  137.307828
220573  621.4644275
153149  431.4973075
109741  309.1952675
91269  257.1504075
82145  231.4435375
83667  235.7317725
83672  240.264148
220317  765.2710995
152893  531.0738355
109485  380.2961475
91013  316.1336555
81889  284.4414415
83411  289.7281085
83416  294.24994
220061  728.2918795
152637  505.1521515
109229  361.4933755
90757  300.3602915
81633  270.1644135
83155  275.2014725
83160  279.70866
221533  914.8205235
154109  636.3931155
110701  457.1397795
92229  380.8596555
83105  343.1820975
84627  349.4671965
84632  354.057972
223517  1106.2973915
156093  772.5823035
112685  557.7344075
94213  466.3072435
85089  421.1480055
86611  428.6811445
86616  433.383156
223197  1068.1092435
155773  745.4516915
112365  537.7227075
93893  449.3249515
84769  405.6620495
86291  412.9455805
86296  417.629492
123581  186.0511955
80173  120.7004515
61701  92.8908555
52577  79.1546735
54099  81.4460445
54104  82.129872
119453  219.0170755
76045  139.4285075
57573  105.5600955
48449  88.8312415
49971  91.6218285
49976  92.255696
114717  266.7743835
71309  165.8290795
52837  122.8724435
43713  101.6545815
45235  105.1939925
45240  105.77112
118525  256.1917875
75117  162.3653955
56645  122.4381675
47521  102.7166415
49043  106.0064445
49048  106.630352
114941  323.8462675
71533  201.5442275
53061  149.4993675
43937  123.7924975
45459  128.0807325
45464  128.66312
118845  412.8081075
75437  262.0304195
56965  197.8679275
47841  166.1757135
49363  171.4623805
49368  172.096848
119165  394.3765675
75757  250.7177915
57285  189.5847075
48161  159.3888295
49683  164.4258885
49688  165.063536
126173  521.0314035
82765  341.7780675
64293  265.4979435
55169  227.8203855
56691  234.1054845
56696  234.834832
124253  614.9902235
80845  400.1423275
62373  308.7151635
53249  263.5559255
54771  271.0890645
54776  271.798512
124797  597.2160435
81389  389.4870595
62917  301.0893035
53793  257.4264015
55315  264.7099325
55320  265.42536
76077  127.4670135
57605  96.5171775
48481  81.2299155
50003  83.7800265
50008  84.413504
71661  149.6639985
53189  111.0852265
44065  92.0297525
45587  95.2084495
45592  95.788792
69005  160.4711275
50533  117.5144915
41409  96.2966295
42931  99.8360405
42936  100.384368
68157  147.3213555
49685  107.3941275
40561  87.6726015
42083  90.9624045
42088  91.499312
65709  185.1351075
47237  133.0902475
38113  107.3833775
39635  111.6716125
39640  112.1812
64493  224.0164355
46021  159.8539435
36897  128.1617295
38419  133.4483965
38424  133.946064
66141  218.8936395
47669  157.7605555
38545  127.5646775
40067  132.6017365
40072  133.119184
63709  263.0863155
45237  186.8061915
36113  149.1286335
37635  155.4137325
37640  155.90488
56669  114.2163695
47545  95.8269475
49067  98.8945385
49072  99.518016
51397  133.5551045
42273  109.8463905
43795  113.8013075
43800  114.3618
47021  127.332868
37897  102.625076
39419  106.746652
39424  107.252992
47549  118.9438235
38425  96.1201375
39947  99.9274205
39952  100.439328
47061  156.5954775
37937  126.2353675
39459  131.2998225
39464  131.80976
42645  177.1260075
33521  139.2294735
35043  145.5511005
35048  146.009968
43541  171.856327
34417  135.843899
35939  141.851233
35944  142.320268
42349  174.8801955
33225  137.2026375
34747  143.4877365
34752  143.942784
40205  104.4726925
41727  108.4276095
41732  108.962252
36677  127.379221
38199  132.665127
38204  133.160042
37633  119.7293895
39155  124.5716325
39160  125.07704
37665  163.7485875
39187  170.3654825
39192  170.87712
