[64, 2] [64, 2] 2 2 1k 1k 1k 256 883 883 163805 452096 615901 25.0
[64, 4] [64, 2] 2 2 1k 1k 1k 256 883 1771 163805 453376 617181 25.0
[64, 8] [64, 2] 2 2 1k 1k 1k 256 883 3547 163805 454016 617821 25.0
[64, 16] [64, 2] 2 2 1k 1k 1k 256 883 7099 163805 454336 618141 25.0
[64, 32] [64, 2] 2 2 1k 1k 1k 256 883 14203 96221 454496 550717 25.0
[64, 64] [64, 2] 2 2 1k 1k 1k 256 883 28411 52733 454576 507309 25.0
[64, 128] [64, 2] 2 2 1k 1k 1k 256 883 56827 34221 454616 488837 27.0
[64, 256] [64, 2] 2 2 1k 1k 1k 256 883 113659 25077 454636 479713 31.0
[64, 2] [64, 2] 3 2 1k 1k 1k 256 887 887 163805 454144 617949 35.0
[64, 4] [64, 2] 3 2 1k 1k 1k 256 887 1779 163805 455424 619229 35.0
[64, 8] [64, 2] 3 2 1k 1k 1k 256 887 3563 163805 456064 619869 35.0
[64, 16] [64, 2] 3 2 1k 1k 1k 256 887 7131 163805 456384 620189 35.0
[64, 32] [64, 2] 3 2 1k 1k 1k 256 887 14267 96221 456544 552765 35.0
[64, 64] [64, 2] 3 2 1k 1k 1k 256 887 28539 52733 456624 509357 35.0
[64, 128] [64, 2] 3 2 1k 1k 1k 256 887 57083 34221 456664 490885 37.0
[64, 256] [64, 2] 3 2 1k 1k 1k 256 887 114171 25077 456684 481761 41.0
[64, 2] [64, 2] 3 3 1k 1k 1k 256 918 918 163805 470016 633821 50.0
[64, 4] [64, 2] 3 3 1k 1k 1k 256 918 1841 163805 471296 635101 50.0
[64, 8] [64, 2] 3 3 1k 1k 1k 256 918 3687 163805 471936 635741 50.0
[64, 16] [64, 2] 3 3 1k 1k 1k 256 918 7379 163805 472256 636061 50.0
[64, 32] [64, 2] 3 3 1k 1k 1k 256 918 14763 96221 472416 568637 50.0
[64, 64] [64, 2] 3 3 1k 1k 1k 256 918 29531 52733 472496 525229 50.0
[64, 128] [64, 2] 3 3 1k 1k 1k 256 918 59067 34221 472536 506757 52.0
[64, 256] [64, 2] 3 3 1k 1k 1k 256 918 118139 25077 472556 497633 56.0
[64, 2] [64, 2] 4 2 1k 1k 1k 256 915 915 163805 468480 632285 45.0
[64, 4] [64, 2] 4 2 1k 1k 1k 256 915 1835 163805 469760 633565 45.0
[64, 8] [64, 2] 4 2 1k 1k 1k 256 915 3675 163805 470400 634205 45.0
[64, 16] [64, 2] 4 2 1k 1k 1k 256 915 7355 163805 470720 634525 45.0
[64, 32] [64, 2] 4 2 1k 1k 1k 256 915 14715 96221 470880 567101 45.0
[64, 64] [64, 2] 4 2 1k 1k 1k 256 915 29435 52733 470960 523693 45.0
[64, 128] [64, 2] 4 2 1k 1k 1k 256 915 58875 34221 471000 505221 47.0
[64, 256] [64, 2] 4 2 1k 1k 1k 256 915 117755 25077 471020 496097 51.0
[64, 2] [64, 2] 4 3 1k 1k 1k 256 955 955 163805 488960 652765 65.0
[64, 4] [64, 2] 4 3 1k 1k 1k 256 955 1915 163805 490240 654045 65.0
[64, 8] [64, 2] 4 3 1k 1k 1k 256 955 3835 163805 490880 654685 65.0
[64, 16] [64, 2] 4 3 1k 1k 1k 256 955 7675 163805 491200 655005 65.0
[64, 32] [64, 2] 4 3 1k 1k 1k 256 955 15355 96221 491360 587581 65.0
[64, 64] [64, 2] 4 3 1k 1k 1k 256 955 30715 52733 491440 544173 65.0
[64, 128] [64, 2] 4 3 1k 1k 1k 256 955 61435 34221 491480 525701 67.0
[64, 256] [64, 2] 4 3 1k 1k 1k 256 955 122875 25077 491500 516577 71.0
[64, 2] [64, 2] 4 4 1k 1k 1k 256 963 963 163805 493056 656861 85.0
[64, 4] [64, 2] 4 4 1k 1k 1k 256 963 1931 163805 494336 658141 85.0
[64, 8] [64, 2] 4 4 1k 1k 1k 256 963 3867 163805 494976 658781 85.0
[64, 16] [64, 2] 4 4 1k 1k 1k 256 963 7739 163805 495296 659101 85.0
[64, 32] [64, 2] 4 4 1k 1k 1k 256 963 15483 96221 495456 591677 85.0
[64, 64] [64, 2] 4 4 1k 1k 1k 256 963 30971 52733 495536 548269 85.0
[64, 128] [64, 2] 4 4 1k 1k 1k 256 963 61947 34221 495576 529797 87.0
[64, 256] [64, 2] 4 4 1k 1k 1k 256 963 123899 25077 495596 520673 91.0
[64, 2] [64, 2] 5 3 1k 1k 1k 256 956 956 163805 489472 653277 80.0
[64, 4] [64, 2] 5 3 1k 1k 1k 256 956 1917 163805 490752 654557 80.0
[64, 8] [64, 2] 5 3 1k 1k 1k 256 956 3839 163805 491392 655197 80.0
[64, 16] [64, 2] 5 3 1k 1k 1k 256 956 7683 163805 491712 655517 80.0
[64, 32] [64, 2] 5 3 1k 1k 1k 256 956 15371 96221 491872 588093 80.0
[64, 64] [64, 2] 5 3 1k 1k 1k 256 956 30747 52733 491952 544685 80.0
[64, 128] [64, 2] 5 3 1k 1k 1k 256 956 61499 34221 491992 526213 82.0
[64, 256] [64, 2] 5 3 1k 1k 1k 256 956 123003 25077 492012 517089 86.0
[64, 2] [64, 2] 5 4 1k 1k 1k 256 976 976 163805 499712 663517 105.0
[64, 4] [64, 2] 5 4 1k 1k 1k 256 976 1957 163805 500992 664797 105.0
[64, 8] [64, 2] 5 4 1k 1k 1k 256 976 3919 163805 501632 665437 105.0
[64, 16] [64, 2] 5 4 1k 1k 1k 256 976 7843 163805 501952 665757 105.0
[64, 32] [64, 2] 5 4 1k 1k 1k 256 976 15691 96221 502112 598333 105.0
[64, 64] [64, 2] 5 4 1k 1k 1k 256 976 31387 52733 502192 554925 105.0
[64, 128] [64, 2] 5 4 1k 1k 1k 256 976 62779 34221 502232 536453 107.0
[64, 256] [64, 2] 5 4 1k 1k 1k 256 976 125563 25077 502252 527329 111.0
[64, 2] [64, 2] 5 5 1k 1k 1k 256 988 988 163805 505856 669661 130.0
[64, 4] [64, 2] 5 5 1k 1k 1k 256 988 1981 163805 507136 670941 130.0
[64, 8] [64, 2] 5 5 1k 1k 1k 256 988 3967 163805 507776 671581 130.0
[64, 16] [64, 2] 5 5 1k 1k 1k 256 988 7939 163805 508096 671901 130.0
[64, 32] [64, 2] 5 5 1k 1k 1k 256 988 15883 96221 508256 604477 130.0
[64, 64] [64, 2] 5 5 1k 1k 1k 256 988 31771 52733 508336 561069 130.0
[64, 128] [64, 2] 5 5 1k 1k 1k 256 988 63547 34221 508376 542597 132.0
[64, 256] [64, 2] 5 5 1k 1k 1k 256 988 127099 25077 508396 533473 136.0
[64, 2] [64, 2] 6 4 1k 1k 1k 256 1006 1006 163805 515072 678877 125.0
[64, 4] [64, 2] 6 4 1k 1k 1k 256 1006 2017 163805 516352 680157 125.0
[64, 8] [64, 2] 6 4 1k 1k 1k 256 1006 4039 163805 516992 680797 125.0
[64, 16] [64, 2] 6 4 1k 1k 1k 256 1006 8083 163805 517312 681117 125.0
[64, 32] [64, 2] 6 4 1k 1k 1k 256 1006 16171 96221 517472 613693 125.0
[64, 64] [64, 2] 6 4 1k 1k 1k 256 1006 32347 52733 517552 570285 125.0
[64, 128] [64, 2] 6 4 1k 1k 1k 256 1006 64699 34221 517592 551813 127.0
[64, 256] [64, 2] 6 4 1k 1k 1k 256 1006 129403 25077 517612 542689 131.0
[64, 4] [64, 4] 2 2 1k 1k 1k 256 486 486 163805 124416 288221 25.0
[64, 8] [64, 4] 2 2 1k 1k 1k 256 486 977 163805 125056 288861 25.0
[64, 16] [64, 4] 2 2 1k 1k 1k 256 486 1959 163805 125376 289181 25.0
[64, 32] [64, 4] 2 2 1k 1k 1k 256 486 3923 96221 125536 221757 25.0
[64, 64] [64, 4] 2 2 1k 1k 1k 256 486 7851 52733 125616 178349 25.0
[64, 128] [64, 4] 2 2 1k 1k 1k 256 486 15707 34221 125656 159877 25.0
[64, 256] [64, 4] 2 2 1k 1k 1k 256 486 31419 25077 125676 150753 25.0
[64, 512] [64, 4] 2 2 1k 1k 1k 256 486 62843 26589 125686 152275 27.0
[64, 1024] [64, 4] 2 2 2k 1k 1k 256 486 125691 26589 125691 152280 32.5
[64, 4] [64, 4] 3 2 1k 1k 1k 256 881 881 163805 225536 389341 35.0
[64, 8] [64, 4] 3 2 1k 1k 1k 256 881 1767 163805 226176 389981 35.0
[64, 16] [64, 4] 3 2 1k 1k 1k 256 881 3539 163805 226496 390301 35.0
[64, 32] [64, 4] 3 2 1k 1k 1k 256 881 7083 96221 226656 322877 35.0
[64, 64] [64, 4] 3 2 1k 1k 1k 256 881 14171 52733 226736 279469 35.0
[64, 128] [64, 4] 3 2 1k 1k 1k 256 881 28347 34221 226776 260997 35.0
[64, 256] [64, 4] 3 2 1k 1k 1k 256 881 56699 25077 226796 251873 37.0
[64, 512] [64, 4] 3 2 1k 1k 1k 256 881 113403 26589 226806 253395 41.0
[64, 4] [64, 4] 3 3 1k 1k 1k 256 889 889 163805 227584 391389 50.0
[64, 8] [64, 4] 3 3 1k 1k 1k 256 889 1783 163805 228224 392029 50.0
[64, 16] [64, 4] 3 3 1k 1k 1k 256 889 3571 163805 228544 392349 50.0
[64, 32] [64, 4] 3 3 1k 1k 1k 256 889 7147 96221 228704 324925 50.0
[64, 64] [64, 4] 3 3 1k 1k 1k 256 889 14299 52733 228784 281517 50.0
[64, 128] [64, 4] 3 3 1k 1k 1k 256 889 28603 34221 228824 263045 50.0
[64, 256] [64, 4] 3 3 1k 1k 1k 256 889 57211 25077 228844 253921 52.0
[64, 512] [64, 4] 3 3 1k 1k 1k 256 889 114427 26589 228854 255443 56.0
[64, 4] [64, 4] 4 2 1k 1k 1k 256 885 885 163805 226560 390365 45.0
[64, 8] [64, 4] 4 2 1k 1k 1k 256 885 1775 163805 227200 391005 45.0
[64, 16] [64, 4] 4 2 1k 1k 1k 256 885 3555 163805 227520 391325 45.0
[64, 32] [64, 4] 4 2 1k 1k 1k 256 885 7115 96221 227680 323901 45.0
[64, 64] [64, 4] 4 2 1k 1k 1k 256 885 14235 52733 227760 280493 45.0
[64, 128] [64, 4] 4 2 1k 1k 1k 256 885 28475 34221 227800 262021 45.0
[64, 256] [64, 4] 4 2 1k 1k 1k 256 885 56955 25077 227820 252897 47.0
[64, 512] [64, 4] 4 2 1k 1k 1k 256 885 113915 26589 227830 254419 51.0
[64, 4] [64, 4] 4 3 1k 1k 1k 256 916 916 163805 234496 398301 65.0
[64, 8] [64, 4] 4 3 1k 1k 1k 256 916 1837 163805 235136 398941 65.0
[64, 16] [64, 4] 4 3 1k 1k 1k 256 916 3679 163805 235456 399261 65.0
[64, 32] [64, 4] 4 3 1k 1k 1k 256 916 7363 96221 235616 331837 65.0
[64, 64] [64, 4] 4 3 1k 1k 1k 256 916 14731 52733 235696 288429 65.0
[64, 128] [64, 4] 4 3 1k 1k 1k 256 916 29467 34221 235736 269957 65.0
[64, 256] [64, 4] 4 3 1k 1k 1k 256 916 58939 25077 235756 260833 67.0
[64, 512] [64, 4] 4 3 1k 1k 1k 256 916 117883 26589 235766 262355 71.0
[64, 4] [64, 4] 4 4 1k 1k 1k 256 939 939 163805 240384 404189 85.0
[64, 8] [64, 4] 4 4 1k 1k 1k 256 939 1883 163805 241024 404829 85.0
[64, 16] [64, 4] 4 4 1k 1k 1k 256 939 3771 163805 241344 405149 85.0
[64, 32] [64, 4] 4 4 1k 1k 1k 256 939 7547 96221 241504 337725 85.0
[64, 64] [64, 4] 4 4 1k 1k 1k 256 939 15099 52733 241584 294317 85.0
[64, 128] [64, 4] 4 4 1k 1k 1k 256 939 30203 34221 241624 275845 85.0
[64, 256] [64, 4] 4 4 1k 1k 1k 256 939 60411 25077 241644 266721 87.0
[64, 512] [64, 4] 4 4 1k 1k 1k 256 939 120827 26589 241654 268243 91.0
[64, 4] [64, 4] 5 3 1k 1k 1k 256 940 940 163805 240640 404445 80.0
[64, 8] [64, 4] 5 3 1k 1k 1k 256 940 1885 163805 241280 405085 80.0
[64, 16] [64, 4] 5 3 1k 1k 1k 256 940 3775 163805 241600 405405 80.0
[64, 32] [64, 4] 5 3 1k 1k 1k 256 940 7555 96221 241760 337981 80.0
[64, 64] [64, 4] 5 3 1k 1k 1k 256 940 15115 52733 241840 294573 80.0
[64, 128] [64, 4] 5 3 1k 1k 1k 256 940 30235 34221 241880 276101 80.0
[64, 256] [64, 4] 5 3 1k 1k 1k 256 940 60475 25077 241900 266977 82.0
[64, 512] [64, 4] 5 3 1k 1k 1k 256 940 120955 26589 241910 268499 86.0
[64, 4] [64, 4] 5 4 1k 1k 1k 256 955 955 163805 244480 408285 105.0
[64, 8] [64, 4] 5 4 1k 1k 1k 256 955 1915 163805 245120 408925 105.0
[64, 16] [64, 4] 5 4 1k 1k 1k 256 955 3835 163805 245440 409245 105.0
[64, 32] [64, 4] 5 4 1k 1k 1k 256 955 7675 96221 245600 341821 105.0
[64, 64] [64, 4] 5 4 1k 1k 1k 256 955 15355 52733 245680 298413 105.0
[64, 128] [64, 4] 5 4 1k 1k 1k 256 955 30715 34221 245720 279941 105.0
[64, 256] [64, 4] 5 4 1k 1k 1k 256 955 61435 25077 245740 270817 107.0
[64, 512] [64, 4] 5 4 1k 1k 1k 256 955 122875 26589 245750 272339 111.0
[64, 4] [64, 4] 5 5 1k 1k 1k 256 997 997 163805 255232 419037 130.0
[64, 8] [64, 4] 5 5 1k 1k 1k 256 997 1999 163805 255872 419677 130.0
[64, 16] [64, 4] 5 5 1k 1k 1k 256 997 4003 163805 256192 419997 130.0
[64, 32] [64, 4] 5 5 1k 1k 1k 256 997 8011 96221 256352 352573 130.0
[64, 64] [64, 4] 5 5 1k 1k 1k 256 997 16027 52733 256432 309165 130.0
[64, 128] [64, 4] 5 5 1k 1k 1k 256 997 32059 34221 256472 290693 130.0
[64, 256] [64, 4] 5 5 1k 1k 1k 256 997 64123 25077 256492 281569 132.0
[64, 512] [64, 4] 5 5 1k 1k 1k 256 997 128251 26589 256502 283091 136.0
[64, 4] [64, 4] 6 4 1k 1k 1k 256 981 981 163805 251136 414941 125.0
[64, 8] [64, 4] 6 4 1k 1k 1k 256 981 1967 163805 251776 415581 125.0
[64, 16] [64, 4] 6 4 1k 1k 1k 256 981 3939 163805 252096 415901 125.0
[64, 32] [64, 4] 6 4 1k 1k 1k 256 981 7883 96221 252256 348477 125.0
[64, 64] [64, 4] 6 4 1k 1k 1k 256 981 15771 52733 252336 305069 125.0
[64, 128] [64, 4] 6 4 1k 1k 1k 256 981 31547 34221 252376 286597 125.0
[64, 256] [64, 4] 6 4 1k 1k 1k 256 981 63099 25077 252396 277473 127.0
[64, 512] [64, 4] 6 4 1k 1k 1k 256 981 126203 26589 252406 278995 131.0
[64, 8] [64, 8] 2 2 1k 1k 1k 256 524 524 163805 67072 230877 25.0
[64, 16] [64, 8] 2 2 1k 1k 1k 256 524 1053 163805 67392 231197 25.0
[64, 32] [64, 8] 2 2 1k 1k 1k 256 524 2111 96221 67552 163773 25.0
[64, 64] [64, 8] 2 2 1k 1k 1k 256 524 4227 52733 67632 120365 25.0
[64, 128] [64, 8] 2 2 1k 1k 1k 256 524 8459 34221 67672 101893 25.0
[64, 256] [64, 8] 2 2 1k 1k 1k 256 524 16923 25077 67692 92769 25.0
[64, 512] [64, 8] 2 2 1k 1k 1k 256 524 33851 26589 67702 94291 27.0
[64, 1024] [64, 8] 2 2 2k 1k 1k 256 524 67707 26589 67707 94296 32.5
[64, 8] [64, 8] 3 2 1k 1k 1k 256 847 847 163805 108416 272221 35.0
[64, 16] [64, 8] 3 2 1k 1k 1k 256 847 1699 163805 108736 272541 35.0
[64, 32] [64, 8] 3 2 1k 1k 1k 256 847 3403 96221 108896 205117 35.0
[64, 64] [64, 8] 3 2 1k 1k 1k 256 847 6811 52733 108976 161709 35.0
[64, 128] [64, 8] 3 2 1k 1k 1k 256 847 13627 34221 109016 143237 35.0
[64, 256] [64, 8] 3 2 1k 1k 1k 256 847 27259 25077 109036 134113 35.0
[64, 512] [64, 8] 3 2 1k 1k 1k 256 847 54523 26589 109046 135635 37.0
[64, 1024] [64, 8] 3 2 2k 1k 1k 256 847 109051 26589 109051 135640 42.5
[64, 8] [64, 8] 3 3 1k 1k 1k 256 862 862 163805 110336 274141 50.0
[64, 16] [64, 8] 3 3 1k 1k 1k 256 862 1729 163805 110656 274461 50.0
[64, 32] [64, 8] 3 3 1k 1k 1k 256 862 3463 96221 110816 207037 50.0
[64, 64] [64, 8] 3 3 1k 1k 1k 256 862 6931 52733 110896 163629 50.0
[64, 128] [64, 8] 3 3 1k 1k 1k 256 862 13867 34221 110936 145157 50.0
[64, 256] [64, 8] 3 3 1k 1k 1k 256 862 27739 25077 110956 136033 50.0
[64, 512] [64, 8] 3 3 1k 1k 1k 256 862 55483 26589 110966 137555 52.0
[64, 1024] [64, 8] 3 3 2k 1k 1k 256 862 110971 26589 110971 137560 57.5
[64, 8] [64, 8] 4 2 1k 1k 1k 256 888 888 163805 113664 277469 45.0
[64, 16] [64, 8] 4 2 1k 1k 1k 256 888 1781 163805 113984 277789 45.0
[64, 32] [64, 8] 4 2 1k 1k 1k 256 888 3567 96221 114144 210365 45.0
[64, 64] [64, 8] 4 2 1k 1k 1k 256 888 7139 52733 114224 166957 45.0
[64, 128] [64, 8] 4 2 1k 1k 1k 256 888 14283 34221 114264 148485 45.0
[64, 256] [64, 8] 4 2 1k 1k 1k 256 888 28571 25077 114284 139361 45.0
[64, 512] [64, 8] 4 2 1k 1k 1k 256 888 57147 26589 114294 140883 47.0
[64, 1024] [64, 8] 4 2 2k 1k 1k 256 888 114299 26589 114299 140888 52.5
[64, 8] [64, 8] 4 3 1k 1k 1k 256 886 886 163805 113408 277213 65.0
[64, 16] [64, 8] 4 3 1k 1k 1k 256 886 1777 163805 113728 277533 65.0
[64, 32] [64, 8] 4 3 1k 1k 1k 256 886 3559 96221 113888 210109 65.0
[64, 64] [64, 8] 4 3 1k 1k 1k 256 886 7123 52733 113968 166701 65.0
[64, 128] [64, 8] 4 3 1k 1k 1k 256 886 14251 34221 114008 148229 65.0
[64, 256] [64, 8] 4 3 1k 1k 1k 256 886 28507 25077 114028 139105 65.0
[64, 512] [64, 8] 4 3 1k 1k 1k 256 886 57019 26589 114038 140627 67.0
[64, 1024] [64, 8] 4 3 2k 1k 1k 256 886 114043 26589 114043 140632 72.5
[64, 8] [64, 8] 4 4 1k 1k 1k 256 915 915 163805 117120 280925 85.0
[64, 16] [64, 8] 4 4 1k 1k 1k 256 915 1835 163805 117440 281245 85.0
[64, 32] [64, 8] 4 4 1k 1k 1k 256 915 3675 96221 117600 213821 85.0
[64, 64] [64, 8] 4 4 1k 1k 1k 256 915 7355 52733 117680 170413 85.0
[64, 128] [64, 8] 4 4 1k 1k 1k 256 915 14715 34221 117720 151941 85.0
[64, 256] [64, 8] 4 4 1k 1k 1k 256 915 29435 25077 117740 142817 85.0
[64, 512] [64, 8] 4 4 1k 1k 1k 256 915 58875 26589 117750 144339 87.0
[64, 1024] [64, 8] 4 4 2k 1k 1k 256 915 117755 26589 117755 144344 92.5
[64, 8] [64, 8] 5 3 1k 1k 1k 256 895 895 163805 114560 278365 80.0
[64, 16] [64, 8] 5 3 1k 1k 1k 256 895 1795 163805 114880 278685 80.0
[64, 32] [64, 8] 5 3 1k 1k 1k 256 895 3595 96221 115040 211261 80.0
[64, 64] [64, 8] 5 3 1k 1k 1k 256 895 7195 52733 115120 167853 80.0
[64, 128] [64, 8] 5 3 1k 1k 1k 256 895 14395 34221 115160 149381 80.0
[64, 256] [64, 8] 5 3 1k 1k 1k 256 895 28795 25077 115180 140257 80.0
[64, 512] [64, 8] 5 3 1k 1k 1k 256 895 57595 26589 115190 141779 82.0
[64, 1024] [64, 8] 5 3 2k 1k 1k 256 895 115195 26589 115195 141784 87.5
[64, 8] [64, 8] 5 4 1k 1k 1k 256 942 942 163805 120576 284381 105.0
[64, 16] [64, 8] 5 4 1k 1k 1k 256 942 1889 163805 120896 284701 105.0
[64, 32] [64, 8] 5 4 1k 1k 1k 256 942 3783 96221 121056 217277 105.0
[64, 64] [64, 8] 5 4 1k 1k 1k 256 942 7571 52733 121136 173869 105.0
[64, 128] [64, 8] 5 4 1k 1k 1k 256 942 15147 34221 121176 155397 105.0
[64, 256] [64, 8] 5 4 1k 1k 1k 256 942 30299 25077 121196 146273 105.0
[64, 512] [64, 8] 5 4 1k 1k 1k 256 942 60603 26589 121206 147795 107.0
[64, 1024] [64, 8] 5 4 2k 1k 1k 256 942 121211 26589 121211 147800 112.5
[64, 8] [64, 8] 5 5 1k 1k 1k 256 989 989 163805 126592 290397 130.0
[64, 16] [64, 8] 5 5 1k 1k 1k 256 989 1983 163805 126912 290717 130.0
[64, 32] [64, 8] 5 5 1k 1k 1k 256 989 3971 96221 127072 223293 130.0
[64, 64] [64, 8] 5 5 1k 1k 1k 256 989 7947 52733 127152 179885 130.0
[64, 128] [64, 8] 5 5 1k 1k 1k 256 989 15899 34221 127192 161413 130.0
[64, 256] [64, 8] 5 5 1k 1k 1k 256 989 31803 25077 127212 152289 130.0
[64, 512] [64, 8] 5 5 1k 1k 1k 256 989 63611 26589 127222 153811 132.0
[64, 1024] [64, 8] 5 5 2k 1k 1k 256 989 127227 26589 127227 153816 137.5
[64, 8] [64, 8] 6 4 1k 1k 1k 256 974 974 163805 124672 288477 125.0
[64, 16] [64, 8] 6 4 1k 1k 1k 256 974 1953 163805 124992 288797 125.0
[64, 32] [64, 8] 6 4 1k 1k 1k 256 974 3911 96221 125152 221373 125.0
[64, 64] [64, 8] 6 4 1k 1k 1k 256 974 7827 52733 125232 177965 125.0
[64, 128] [64, 8] 6 4 1k 1k 1k 256 974 15659 34221 125272 159493 125.0
[64, 256] [64, 8] 6 4 1k 1k 1k 256 974 31323 25077 125292 150369 125.0
[64, 512] [64, 8] 6 4 1k 1k 1k 256 974 62651 26589 125302 151891 127.0
[64, 1024] [64, 8] 6 4 2k 1k 1k 256 974 125307 26589 125307 151896 132.5
[64, 16] [64, 16] 2 2 1k 1k 1k 256 571 571 163805 36544 200349 25.0
[64, 32] [64, 16] 2 2 1k 1k 1k 256 571 1147 96221 36704 132925 25.0
[64, 64] [64, 16] 2 2 1k 1k 1k 256 571 2299 52733 36784 89517 25.0
[64, 128] [64, 16] 2 2 1k 1k 1k 256 571 4603 34221 36824 71045 25.0
[64, 256] [64, 16] 2 2 1k 1k 1k 256 571 9211 25077 36844 61921 25.0
[64, 512] [64, 16] 2 2 1k 1k 1k 256 571 18427 26589 36854 63443 25.0
[64, 1024] [64, 16] 2 2 2k 1k 1k 256 571 36859 26589 36859 63448 28.5
[64, 16] [64, 16] 3 2 1k 1k 1k 256 531 531 163805 33984 197789 35.0
[64, 32] [64, 16] 3 2 1k 1k 1k 256 531 1067 96221 34144 130365 35.0
[64, 64] [64, 16] 3 2 1k 1k 1k 256 531 2139 52733 34224 86957 35.0
[64, 128] [64, 16] 3 2 1k 1k 1k 256 531 4283 34221 34264 68485 35.0
[64, 256] [64, 16] 3 2 1k 1k 1k 256 531 8571 25077 34284 59361 35.0
[64, 512] [64, 16] 3 2 1k 1k 1k 256 531 17147 26589 34294 60883 35.0
[64, 1024] [64, 16] 3 2 2k 1k 1k 256 531 34299 26589 34299 60888 38.5
[64, 16] [64, 16] 3 3 1k 1k 1k 256 605 605 163805 38720 202525 50.0
[64, 32] [64, 16] 3 3 1k 1k 1k 256 605 1215 96221 38880 135101 50.0
[64, 64] [64, 16] 3 3 1k 1k 1k 256 605 2435 52733 38960 91693 50.0
[64, 128] [64, 16] 3 3 1k 1k 1k 256 605 4875 34221 39000 73221 50.0
[64, 256] [64, 16] 3 3 1k 1k 1k 256 605 9755 25077 39020 64097 50.0
[64, 512] [64, 16] 3 3 1k 1k 1k 256 605 19515 26589 39030 65619 50.0
[64, 1024] [64, 16] 3 3 2k 1k 1k 256 605 39035 26589 39035 65624 53.5
[64, 16] [64, 16] 4 2 1k 1k 1k 256 548 548 163805 35072 198877 45.0
[64, 32] [64, 16] 4 2 1k 1k 1k 256 548 1101 96221 35232 131453 45.0
[64, 64] [64, 16] 4 2 1k 1k 1k 256 548 2207 52733 35312 88045 45.0
[64, 128] [64, 16] 4 2 1k 1k 1k 256 548 4419 34221 35352 69573 45.0
[64, 256] [64, 16] 4 2 1k 1k 1k 256 548 8843 25077 35372 60449 45.0
[64, 512] [64, 16] 4 2 1k 1k 1k 256 548 17691 26589 35382 61971 45.0
[64, 1024] [64, 16] 4 2 2k 1k 1k 256 548 35387 26589 35387 61976 48.5
[64, 16] [64, 16] 4 3 1k 1k 1k 256 887 887 163805 56768 220573 65.0
[64, 32] [64, 16] 4 3 1k 1k 1k 256 887 1779 96221 56928 153149 65.0
[64, 64] [64, 16] 4 3 1k 1k 1k 256 887 3563 52733 57008 109741 65.0
[64, 128] [64, 16] 4 3 1k 1k 1k 256 887 7131 34221 57048 91269 65.0
[64, 256] [64, 16] 4 3 1k 1k 1k 256 887 14267 25077 57068 82145 65.0
[64, 512] [64, 16] 4 3 1k 1k 1k 256 887 28539 26589 57078 83667 65.0
[64, 1024] [64, 16] 4 3 2k 1k 1k 256 887 57083 26589 57083 83672 68.5
[64, 16] [64, 16] 4 4 1k 1k 1k 256 883 883 163805 56512 220317 85.0
[64, 32] [64, 16] 4 4 1k 1k 1k 256 883 1771 96221 56672 152893 85.0
[64, 64] [64, 16] 4 4 1k 1k 1k 256 883 3547 52733 56752 109485 85.0
[64, 128] [64, 16] 4 4 1k 1k 1k 256 883 7099 34221 56792 91013 85.0
[64, 256] [64, 16] 4 4 1k 1k 1k 256 883 14203 25077 56812 81889 85.0
[64, 512] [64, 16] 4 4 1k 1k 1k 256 883 28411 26589 56822 83411 85.0
[64, 1024] [64, 16] 4 4 2k 1k 1k 256 883 56827 26589 56827 83416 88.5
[64, 16] [64, 16] 5 3 1k 1k 1k 256 879 879 163805 56256 220061 80.0
[64, 32] [64, 16] 5 3 1k 1k 1k 256 879 1763 96221 56416 152637 80.0
[64, 64] [64, 16] 5 3 1k 1k 1k 256 879 3531 52733 56496 109229 80.0
[64, 128] [64, 16] 5 3 1k 1k 1k 256 879 7067 34221 56536 90757 80.0
[64, 256] [64, 16] 5 3 1k 1k 1k 256 879 14139 25077 56556 81633 80.0
[64, 512] [64, 16] 5 3 1k 1k 1k 256 879 28283 26589 56566 83155 80.0
[64, 1024] [64, 16] 5 3 2k 1k 1k 256 879 56571 26589 56571 83160 83.5
[64, 16] [64, 16] 5 4 1k 1k 1k 256 902 902 163805 57728 221533 105.0
[64, 32] [64, 16] 5 4 1k 1k 1k 256 902 1809 96221 57888 154109 105.0
[64, 64] [64, 16] 5 4 1k 1k 1k 256 902 3623 52733 57968 110701 105.0
[64, 128] [64, 16] 5 4 1k 1k 1k 256 902 7251 34221 58008 92229 105.0
[64, 256] [64, 16] 5 4 1k 1k 1k 256 902 14507 25077 58028 83105 105.0
[64, 512] [64, 16] 5 4 1k 1k 1k 256 902 29019 26589 58038 84627 105.0
[64, 1024] [64, 16] 5 4 2k 1k 1k 256 902 58043 26589 58043 84632 108.5
[64, 16] [64, 16] 5 5 1k 1k 1k 256 933 933 163805 59712 223517 130.0
[64, 32] [64, 16] 5 5 1k 1k 1k 256 933 1871 96221 59872 156093 130.0
[64, 64] [64, 16] 5 5 1k 1k 1k 256 933 3747 52733 59952 112685 130.0
[64, 128] [64, 16] 5 5 1k 1k 1k 256 933 7499 34221 59992 94213 130.0
[64, 256] [64, 16] 5 5 1k 1k 1k 256 933 15003 25077 60012 85089 130.0
[64, 512] [64, 16] 5 5 1k 1k 1k 256 933 30011 26589 60022 86611 130.0
[64, 1024] [64, 16] 5 5 2k 1k 1k 256 933 60027 26589 60027 86616 133.5
[64, 16] [64, 16] 6 4 1k 1k 1k 256 928 928 163805 59392 223197 125.0
[64, 32] [64, 16] 6 4 1k 1k 1k 256 928 1861 96221 59552 155773 125.0
[64, 64] [64, 16] 6 4 1k 1k 1k 256 928 3727 52733 59632 112365 125.0
[64, 128] [64, 16] 6 4 1k 1k 1k 256 928 7459 34221 59672 93893 125.0
[64, 256] [64, 16] 6 4 1k 1k 1k 256 928 14923 25077 59692 84769 125.0
[64, 512] [64, 16] 6 4 1k 1k 1k 256 928 29851 26589 59702 86291 125.0
[64, 1024] [64, 16] 6 4 2k 1k 1k 256 928 59707 26589 59707 86296 128.5
[64, 32] [64, 32] 2 2 1k 1k 1k 256 855 855 96221 27360 123581 25.0
[64, 64] [64, 32] 2 2 1k 1k 1k 256 855 1715 52733 27440 80173 25.0
[64, 128] [64, 32] 2 2 1k 1k 1k 256 855 3435 34221 27480 61701 25.0
[64, 256] [64, 32] 2 2 1k 1k 1k 256 855 6875 25077 27500 52577 25.0
[64, 512] [64, 32] 2 2 1k 1k 1k 256 855 13755 26589 27510 54099 25.0
[64, 1024] [64, 32] 2 2 2k 1k 1k 256 855 27515 26589 27515 54104 26.5
[64, 32] [64, 32] 3 2 1k 1k 1k 256 726 726 96221 23232 119453 35.0
[64, 64] [64, 32] 3 2 1k 1k 1k 256 726 1457 52733 23312 76045 35.0
[64, 128] [64, 32] 3 2 1k 1k 1k 256 726 2919 34221 23352 57573 35.0
[64, 256] [64, 32] 3 2 1k 1k 1k 256 726 5843 25077 23372 48449 35.0
[64, 512] [64, 32] 3 2 1k 1k 1k 256 726 11691 26589 23382 49971 35.0
[64, 1024] [64, 32] 3 2 2k 1k 1k 256 726 23387 26589 23387 49976 36.5
[64, 32] [64, 32] 3 3 1k 1k 1k 256 578 578 96221 18496 114717 50.0
[64, 64] [64, 32] 3 3 1k 1k 1k 256 578 1161 52733 18576 71309 50.0
[64, 128] [64, 32] 3 3 1k 1k 1k 256 578 2327 34221 18616 52837 50.0
[64, 256] [64, 32] 3 3 1k 1k 1k 256 578 4659 25077 18636 43713 50.0
[64, 512] [64, 32] 3 3 1k 1k 1k 256 578 9323 26589 18646 45235 50.0
[64, 1024] [64, 32] 3 3 2k 1k 1k 256 578 18651 26589 18651 45240 51.5
[64, 32] [64, 32] 4 2 1k 1k 1k 256 697 697 96221 22304 118525 45.0
[64, 64] [64, 32] 4 2 1k 1k 1k 256 697 1399 52733 22384 75117 45.0
[64, 128] [64, 32] 4 2 1k 1k 1k 256 697 2803 34221 22424 56645 45.0
[64, 256] [64, 32] 4 2 1k 1k 1k 256 697 5611 25077 22444 47521 45.0
[64, 512] [64, 32] 4 2 1k 1k 1k 256 697 11227 26589 22454 49043 45.0
[64, 1024] [64, 32] 4 2 2k 1k 1k 256 697 22459 26589 22459 49048 46.5
[64, 32] [64, 32] 4 3 1k 1k 1k 256 585 585 96221 18720 114941 65.0
[64, 64] [64, 32] 4 3 1k 1k 1k 256 585 1175 52733 18800 71533 65.0
[64, 128] [64, 32] 4 3 1k 1k 1k 256 585 2355 34221 18840 53061 65.0
[64, 256] [64, 32] 4 3 1k 1k 1k 256 585 4715 25077 18860 43937 65.0
[64, 512] [64, 32] 4 3 1k 1k 1k 256 585 9435 26589 18870 45459 65.0
[64, 1024] [64, 32] 4 3 2k 1k 1k 256 585 18875 26589 18875 45464 66.5
[64, 32] [64, 32] 4 4 1k 1k 1k 256 707 707 96221 22624 118845 85.0
[64, 64] [64, 32] 4 4 1k 1k 1k 256 707 1419 52733 22704 75437 85.0
[64, 128] [64, 32] 4 4 1k 1k 1k 256 707 2843 34221 22744 56965 85.0
[64, 256] [64, 32] 4 4 1k 1k 1k 256 707 5691 25077 22764 47841 85.0
[64, 512] [64, 32] 4 4 1k 1k 1k 256 707 11387 26589 22774 49363 85.0
[64, 1024] [64, 32] 4 4 2k 1k 1k 256 707 22779 26589 22779 49368 86.5
[64, 32] [64, 32] 5 3 1k 1k 1k 256 717 717 96221 22944 119165 80.0
[64, 64] [64, 32] 5 3 1k 1k 1k 256 717 1439 52733 23024 75757 80.0
[64, 128] [64, 32] 5 3 1k 1k 1k 256 717 2883 34221 23064 57285 80.0
[64, 256] [64, 32] 5 3 1k 1k 1k 256 717 5771 25077 23084 48161 80.0
[64, 512] [64, 32] 5 3 1k 1k 1k 256 717 11547 26589 23094 49683 80.0
[64, 1024] [64, 32] 5 3 2k 1k 1k 256 717 23099 26589 23099 49688 81.5
[64, 32] [64, 32] 5 4 1k 1k 1k 256 936 936 96221 29952 126173 105.0
[64, 64] [64, 32] 5 4 1k 1k 1k 256 936 1877 52733 30032 82765 105.0
[64, 128] [64, 32] 5 4 1k 1k 1k 256 936 3759 34221 30072 64293 105.0
[64, 256] [64, 32] 5 4 1k 1k 1k 256 936 7523 25077 30092 55169 105.0
[64, 512] [64, 32] 5 4 1k 1k 1k 256 936 15051 26589 30102 56691 105.0
[64, 1024] [64, 32] 5 4 2k 1k 1k 256 936 30107 26589 30107 56696 106.5
[64, 32] [64, 32] 5 5 1k 1k 1k 256 876 876 96221 28032 124253 130.0
[64, 64] [64, 32] 5 5 1k 1k 1k 256 876 1757 52733 28112 80845 130.0
[64, 128] [64, 32] 5 5 1k 1k 1k 256 876 3519 34221 28152 62373 130.0
[64, 256] [64, 32] 5 5 1k 1k 1k 256 876 7043 25077 28172 53249 130.0
[64, 512] [64, 32] 5 5 1k 1k 1k 256 876 14091 26589 28182 54771 130.0
[64, 1024] [64, 32] 5 5 2k 1k 1k 256 876 28187 26589 28187 54776 131.5
[64, 32] [64, 32] 6 4 1k 1k 1k 256 893 893 96221 28576 124797 125.0
[64, 64] [64, 32] 6 4 1k 1k 1k 256 893 1791 52733 28656 81389 125.0
[64, 128] [64, 32] 6 4 1k 1k 1k 256 893 3587 34221 28696 62917 125.0
[64, 256] [64, 32] 6 4 1k 1k 1k 256 893 7179 25077 28716 53793 125.0
[64, 512] [64, 32] 6 4 1k 1k 1k 256 893 14363 26589 28726 55315 125.0
[64, 1024] [64, 32] 6 4 2k 1k 1k 256 893 28731 26589 28731 55320 126.5
[64, 64] [64, 64] 2 2 1k 1k 2k 256 1459 1459 52733 23344 76077 33.0
[64, 128] [64, 64] 2 2 1k 1k 2k 256 1459 2923 34221 23384 57605 33.0
[64, 256] [64, 64] 2 2 1k 1k 2k 256 1459 5851 25077 23404 48481 33.0
[64, 512] [64, 64] 2 2 1k 1k 2k 256 1459 11707 26589 23414 50003 33.0
[64, 1024] [64, 64] 2 2 2k 1k 2k 256 1459 23419 26589 23419 50008 34.5
[64, 64] [64, 64] 3 2 1k 1k 2k 256 1183 1183 52733 18928 71661 47.0
[64, 128] [64, 64] 3 2 1k 1k 2k 256 1183 2371 34221 18968 53189 47.0
[64, 256] [64, 64] 3 2 1k 1k 2k 256 1183 4747 25077 18988 44065 47.0
[64, 512] [64, 64] 3 2 1k 1k 2k 256 1183 9499 26589 18998 45587 47.0
[64, 1024] [64, 64] 3 2 2k 1k 2k 256 1183 19003 26589 19003 45592 48.5
[64, 64] [64, 64] 3 3 1k 1k 1k 256 1017 1017 52733 16272 69005 50.0
[64, 128] [64, 64] 3 3 1k 1k 1k 256 1017 2039 34221 16312 50533 50.0
[64, 256] [64, 64] 3 3 1k 1k 1k 256 1017 4083 25077 16332 41409 50.0
[64, 512] [64, 64] 3 3 1k 1k 1k 256 1017 8171 26589 16342 42931 50.0
[64, 1024] [64, 64] 3 3 2k 1k 1k 256 1017 16347 26589 16347 42936 51.5
[64, 64] [64, 64] 4 2 1k 1k 1k 256 964 964 52733 15424 68157 45.0
[64, 128] [64, 64] 4 2 1k 1k 1k 256 964 1933 34221 15464 49685 45.0
[64, 256] [64, 64] 4 2 1k 1k 1k 256 964 3871 25077 15484 40561 45.0
[64, 512] [64, 64] 4 2 1k 1k 1k 256 964 7747 26589 15494 42083 45.0
[64, 1024] [64, 64] 4 2 2k 1k 1k 256 964 15499 26589 15499 42088 46.5
[64, 64] [64, 64] 4 3 1k 1k 1k 256 811 811 52733 12976 65709 65.0
[64, 128] [64, 64] 4 3 1k 1k 1k 256 811 1627 34221 13016 47237 65.0
[64, 256] [64, 64] 4 3 1k 1k 1k 256 811 3259 25077 13036 38113 65.0
[64, 512] [64, 64] 4 3 1k 1k 1k 256 811 6523 26589 13046 39635 65.0
[64, 1024] [64, 64] 4 3 2k 1k 1k 256 811 13051 26589 13051 39640 66.5
[64, 64] [64, 64] 4 4 1k 1k 1k 256 735 735 52733 11760 64493 85.0
[64, 128] [64, 64] 4 4 1k 1k 1k 256 735 1475 34221 11800 46021 85.0
[64, 256] [64, 64] 4 4 1k 1k 1k 256 735 2955 25077 11820 36897 85.0
[64, 512] [64, 64] 4 4 1k 1k 1k 256 735 5915 26589 11830 38419 85.0
[64, 1024] [64, 64] 4 4 2k 1k 1k 256 735 11835 26589 11835 38424 86.5
[64, 64] [64, 64] 5 3 1k 1k 1k 256 838 838 52733 13408 66141 80.0
[64, 128] [64, 64] 5 3 1k 1k 1k 256 838 1681 34221 13448 47669 80.0
[64, 256] [64, 64] 5 3 1k 1k 1k 256 838 3367 25077 13468 38545 80.0
[64, 512] [64, 64] 5 3 1k 1k 1k 256 838 6739 26589 13478 40067 80.0
[64, 1024] [64, 64] 5 3 2k 1k 1k 256 838 13483 26589 13483 40072 81.5
[64, 64] [64, 64] 5 4 1k 1k 1k 256 686 686 52733 10976 63709 105.0
[64, 128] [64, 64] 5 4 1k 1k 1k 256 686 1377 34221 11016 45237 105.0
[64, 256] [64, 64] 5 4 1k 1k 1k 256 686 2759 25077 11036 36113 105.0
[64, 512] [64, 64] 5 4 1k 1k 1k 256 686 5523 26589 11046 37635 105.0
[64, 1024] [64, 64] 5 4 2k 1k 1k 256 686 11051 26589 11051 37640 106.5
[64, 128] [64, 128] 2 2 1k 1k 4k 256 2806 2806 34221 22448 56669 49.0
[64, 256] [64, 128] 2 2 1k 1k 4k 256 2806 5617 25077 22468 47545 49.0
[64, 512] [64, 128] 2 2 1k 1k 4k 256 2806 11239 26589 22478 49067 49.0
[64, 1024] [64, 128] 2 2 2k 1k 4k 256 2806 22483 26589 22483 49072 50.5
[64, 128] [64, 128] 3 2 1k 1k 4k 256 2147 2147 34221 17176 51397 71.0
[64, 256] [64, 128] 3 2 1k 1k 4k 256 2147 4299 25077 17196 42273 71.0
[64, 512] [64, 128] 3 2 1k 1k 4k 256 2147 8603 26589 17206 43795 71.0
[64, 1024] [64, 128] 3 2 2k 1k 4k 256 2147 17211 26589 17211 43800 72.5
[64, 128] [64, 128] 3 3 1k 1k 2k 256 1600 1600 34221 12800 47021 68.0
[64, 256] [64, 128] 3 3 1k 1k 2k 256 1600 3205 25077 12820 37897 68.0
[64, 512] [64, 128] 3 3 1k 1k 2k 256 1600 6415 26589 12830 39419 68.0
[64, 1024] [64, 128] 3 3 2k 1k 2k 256 1600 12835 26589 12835 39424 69.5
[64, 128] [64, 128] 4 2 1k 1k 2k 256 1666 1666 34221 13328 47549 61.0
[64, 256] [64, 128] 4 2 1k 1k 2k 256 1666 3337 25077 13348 38425 61.0
[64, 512] [64, 128] 4 2 1k 1k 2k 256 1666 6679 26589 13358 39947 61.0
[64, 1024] [64, 128] 4 2 2k 1k 2k 256 1666 13363 26589 13363 39952 62.5
[64, 128] [64, 128] 4 3 1k 1k 2k 256 1605 1605 34221 12840 47061 89.0
[64, 256] [64, 128] 4 3 1k 1k 2k 256 1605 3215 25077 12860 37937 89.0
[64, 512] [64, 128] 4 3 1k 1k 2k 256 1605 6435 26589 12870 39459 89.0
[64, 1024] [64, 128] 4 3 2k 1k 2k 256 1605 12875 26589 12875 39464 90.5
[64, 128] [64, 128] 4 4 1k 1k 2k 256 1053 1053 34221 8424 42645 117.0
[64, 256] [64, 128] 4 4 1k 1k 2k 256 1053 2111 25077 8444 33521 117.0
[64, 512] [64, 128] 4 4 1k 1k 2k 256 1053 4227 26589 8454 35043 117.0
[64, 1024] [64, 128] 4 4 2k 1k 2k 256 1053 8459 26589 8459 35048 118.5
[64, 128] [64, 128] 5 3 1k 1k 2k 256 1165 1165 34221 9320 43541 110.0
[64, 256] [64, 128] 5 3 1k 1k 2k 256 1165 2335 25077 9340 34417 110.0
[64, 512] [64, 128] 5 3 1k 1k 2k 256 1165 4675 26589 9350 35939 110.0
[64, 1024] [64, 128] 5 3 2k 1k 2k 256 1165 9355 26589 9355 35944 111.5
[64, 128] [64, 128] 5 4 1k 1k 1k 256 1016 1016 34221 8128 42349 105.0
[64, 256] [64, 128] 5 4 1k 1k 1k 256 1016 2037 25077 8148 33225 105.0
[64, 512] [64, 128] 5 4 1k 1k 1k 256 1016 4079 26589 8158 34747 105.0
[64, 1024] [64, 128] 5 4 2k 1k 1k 256 1016 8163 26589 8163 34752 106.5
[64, 256] [64, 256] 3 2 1k 1k 4k 256 3782 3782 25077 15128 40205 71.0
[64, 512] [64, 256] 3 2 1k 1k 4k 256 3782 7569 26589 15138 41727 71.0
[64, 1024] [64, 256] 3 2 2k 1k 4k 256 3782 15143 26589 15143 41732 72.5
[64, 256] [64, 256] 3 3 1k 1k 4k 256 2900 2900 25077 11600 36677 104.0
[64, 512] [64, 256] 3 3 1k 1k 4k 256 2900 5805 26589 11610 38199 104.0
[64, 1024] [64, 256] 3 3 2k 1k 4k 256 2900 11615 26589 11615 38204 105.5
[64, 256] [64, 256] 4 2 1k 1k 4k 256 3139 3139 25077 12556 37633 93.0
[64, 512] [64, 256] 4 2 1k 1k 4k 256 3139 6283 26589 12566 39155 93.0
[64, 1024] [64, 256] 4 2 2k 1k 4k 256 3139 12571 26589 12571 39160 94.5
[64, 256] [64, 256] 4 3 1k 1k 4k 256 3147 3147 25077 12588 37665 137.0
[64, 512] [64, 256] 4 3 1k 1k 4k 256 3147 6299 26589 12598 39187 137.0
[64, 1024] [64, 256] 4 3 2k 1k 4k 256 3147 12603 26589 12603 39192 138.5
