25.0  615901
25.0  617181
25.0  617821
25.0  618141
25.0  550717
25.0  507309
27.0  488837
31.0  479713
35.0  617949
35.0  619229
35.0  619869
35.0  620189
35.0  552765
35.0  509357
37.0  490885
41.0  481761
50.0  633821
50.0  635101
50.0  635741
50.0  636061
50.0  568637
50.0  525229
52.0  506757
56.0  497633
45.0  632285
45.0  633565
45.0  634205
45.0  634525
45.0  567101
45.0  523693
47.0  505221
51.0  496097
65.0  652765
65.0  654045
65.0  654685
65.0  655005
65.0  587581
65.0  544173
67.0  525701
71.0  516577
85.0  656861
85.0  658141
85.0  658781
85.0  659101
85.0  591677
85.0  548269
87.0  529797
91.0  520673
80.0  653277
80.0  654557
80.0  655197
80.0  655517
80.0  588093
80.0  544685
82.0  526213
86.0  517089
105.0  663517
105.0  664797
105.0  665437
105.0  665757
105.0  598333
105.0  554925
107.0  536453
111.0  527329
130.0  669661
130.0  670941
130.0  671581
130.0  671901
130.0  604477
130.0  561069
132.0  542597
136.0  533473
125.0  678877
125.0  680157
125.0  680797
125.0  681117
125.0  613693
125.0  570285
127.0  551813
131.0  542689
25.0  288221
25.0  288861
25.0  289181
25.0  221757
25.0  178349
25.0  159877
25.0  150753
27.0  152275
32.5  152280
35.0  389341
35.0  389981
35.0  390301
35.0  322877
35.0  279469
35.0  260997
37.0  251873
41.0  253395
50.0  391389
50.0  392029
50.0  392349
50.0  324925
50.0  281517
50.0  263045
52.0  253921
56.0  255443
45.0  390365
45.0  391005
45.0  391325
45.0  323901
45.0  280493
45.0  262021
47.0  252897
51.0  254419
65.0  398301
65.0  398941
65.0  399261
65.0  331837
65.0  288429
65.0  269957
67.0  260833
71.0  262355
85.0  404189
85.0  404829
85.0  405149
85.0  337725
85.0  294317
85.0  275845
87.0  266721
91.0  268243
80.0  404445
80.0  405085
80.0  405405
80.0  337981
80.0  294573
80.0  276101
82.0  266977
86.0  268499
105.0  408285
105.0  408925
105.0  409245
105.0  341821
105.0  298413
105.0  279941
107.0  270817
111.0  272339
130.0  419037
130.0  419677
130.0  419997
130.0  352573
130.0  309165
130.0  290693
132.0  281569
136.0  283091
125.0  414941
125.0  415581
125.0  415901
125.0  348477
125.0  305069
125.0  286597
127.0  277473
131.0  278995
25.0  230877
25.0  231197
25.0  163773
25.0  120365
25.0  101893
25.0  92769
27.0  94291
32.5  94296
35.0  272221
35.0  272541
35.0  205117
35.0  161709
35.0  143237
35.0  134113
37.0  135635
42.5  135640
50.0  274141
50.0  274461
50.0  207037
50.0  163629
50.0  145157
50.0  136033
52.0  137555
57.5  137560
45.0  277469
45.0  277789
45.0  210365
45.0  166957
45.0  148485
45.0  139361
47.0  140883
52.5  140888
65.0  277213
65.0  277533
65.0  210109
65.0  166701
65.0  148229
65.0  139105
67.0  140627
72.5  140632
85.0  280925
85.0  281245
85.0  213821
85.0  170413
85.0  151941
85.0  142817
87.0  144339
92.5  144344
80.0  278365
80.0  278685
80.0  211261
80.0  167853
80.0  149381
80.0  140257
82.0  141779
87.5  141784
105.0  284381
105.0  284701
105.0  217277
105.0  173869
105.0  155397
105.0  146273
107.0  147795
112.5  147800
130.0  290397
130.0  290717
130.0  223293
130.0  179885
130.0  161413
130.0  152289
132.0  153811
137.5  153816
125.0  288477
125.0  288797
125.0  221373
125.0  177965
125.0  159493
125.0  150369
127.0  151891
132.5  151896
25.0  200349
25.0  132925
25.0  89517
25.0  71045
25.0  61921
25.0  63443
28.5  63448
35.0  197789
35.0  130365
35.0  86957
35.0  68485
35.0  59361
35.0  60883
38.5  60888
50.0  202525
50.0  135101
50.0  91693
50.0  73221
50.0  64097
50.0  65619
53.5  65624
45.0  198877
45.0  131453
45.0  88045
45.0  69573
45.0  60449
45.0  61971
48.5  61976
65.0  220573
65.0  153149
65.0  109741
65.0  91269
65.0  82145
65.0  83667
68.5  83672
85.0  220317
85.0  152893
85.0  109485
85.0  91013
85.0  81889
85.0  83411
88.5  83416
80.0  220061
80.0  152637
80.0  109229
80.0  90757
80.0  81633
80.0  83155
83.5  83160
105.0  221533
105.0  154109
105.0  110701
105.0  92229
105.0  83105
105.0  84627
108.5  84632
130.0  223517
130.0  156093
130.0  112685
130.0  94213
130.0  85089
130.0  86611
133.5  86616
125.0  223197
125.0  155773
125.0  112365
125.0  93893
125.0  84769
125.0  86291
128.5  86296
25.0  123581
25.0  80173
25.0  61701
25.0  52577
25.0  54099
26.5  54104
35.0  119453
35.0  76045
35.0  57573
35.0  48449
35.0  49971
36.5  49976
50.0  114717
50.0  71309
50.0  52837
50.0  43713
50.0  45235
51.5  45240
45.0  118525
45.0  75117
45.0  56645
45.0  47521
45.0  49043
46.5  49048
65.0  114941
65.0  71533
65.0  53061
65.0  43937
65.0  45459
66.5  45464
85.0  118845
85.0  75437
85.0  56965
85.0  47841
85.0  49363
86.5  49368
80.0  119165
80.0  75757
80.0  57285
80.0  48161
80.0  49683
81.5  49688
105.0  126173
105.0  82765
105.0  64293
105.0  55169
105.0  56691
106.5  56696
130.0  124253
130.0  80845
130.0  62373
130.0  53249
130.0  54771
131.5  54776
125.0  124797
125.0  81389
125.0  62917
125.0  53793
125.0  55315
126.5  55320
33.0  76077
33.0  57605
33.0  48481
33.0  50003
34.5  50008
47.0  71661
47.0  53189
47.0  44065
47.0  45587
48.5  45592
50.0  69005
50.0  50533
50.0  41409
50.0  42931
51.5  42936
45.0  68157
45.0  49685
45.0  40561
45.0  42083
46.5  42088
65.0  65709
65.0  47237
65.0  38113
65.0  39635
66.5  39640
85.0  64493
85.0  46021
85.0  36897
85.0  38419
86.5  38424
80.0  66141
80.0  47669
80.0  38545
80.0  40067
81.5  40072
105.0  63709
105.0  45237
105.0  36113
105.0  37635
106.5  37640
49.0  56669
49.0  47545
49.0  49067
50.5  49072
71.0  51397
71.0  42273
71.0  43795
72.5  43800
68.0  47021
68.0  37897
68.0  39419
69.5  39424
61.0  47549
61.0  38425
61.0  39947
62.5  39952
89.0  47061
89.0  37937
89.0  39459
90.5  39464
117.0  42645
117.0  33521
117.0  35043
118.5  35048
110.0  43541
110.0  34417
110.0  35939
111.5  35944
105.0  42349
105.0  33225
105.0  34747
106.5  34752
71.0  40205
71.0  41727
72.5  41732
104.0  36677
104.0  38199
105.5  38204
93.0  37633
93.0  39155
94.5  39160
137.0  37665
137.0  39187
138.5  39192
