[2, 4, 8] [2, 4, 8] 2 2 1k 1k 1k 256 277 277 283847 35456 319303 25.0
[2, 4, 16] [2, 4, 8] 2 2 1k 1k 1k 256 277 559 188999 35776 224775 25.0
[2, 4, 32] [2, 4, 8] 2 2 1k 1k 1k 256 277 1123 100327 35936 136263 25.0
[2, 4, 64] [2, 4, 8] 2 2 1k 1k 1k 256 277 2251 61703 36016 97719 25.0
[2, 4, 128] [2, 4, 8] 2 2 1k 1k 1k 256 277 4507 43359 36056 79415 25.0
[2, 4, 256] [2, 4, 8] 2 2 1k 1k 1k 256 277 9019 43719 36076 79795 25.0
[2, 4, 512] [2, 4, 8] 2 2 2k 1k 1k 256 277 18043 43719 36086 79805 26.5
[2, 4, 1024] [2, 4, 8] 2 2 4k 2k 1k 256 277 36091 43719 36091 79810 33.0
[2, 4, 8] [2, 4, 8] 3 2 1k 1k 1k 256 212 212 283847 27136 310983 35.0
[2, 4, 16] [2, 4, 8] 3 2 1k 1k 1k 256 212 429 188999 27456 216455 35.0
[2, 4, 32] [2, 4, 8] 3 2 1k 1k 1k 256 212 863 100327 27616 127943 35.0
[2, 4, 64] [2, 4, 8] 3 2 1k 1k 1k 256 212 1731 61703 27696 89399 35.0
[2, 4, 128] [2, 4, 8] 3 2 1k 1k 1k 256 212 3467 43359 27736 71095 35.0
[2, 4, 256] [2, 4, 8] 3 2 1k 1k 1k 256 212 6939 43719 27756 71475 35.0
[2, 4, 512] [2, 4, 8] 3 2 2k 1k 1k 256 212 13883 43719 27766 71485 36.5
[2, 4, 1024] [2, 4, 8] 3 2 4k 2k 1k 256 212 27771 43719 27771 71490 41.0
[2, 4, 8] [2, 4, 8] 3 3 1k 1k 1k 256 194 194 283847 24832 308679 50.0
[2, 4, 16] [2, 4, 8] 3 3 1k 1k 1k 256 194 393 188999 25152 214151 50.0
[2, 4, 32] [2, 4, 8] 3 3 1k 1k 1k 256 194 791 100327 25312 125639 50.0
[2, 4, 64] [2, 4, 8] 3 3 1k 1k 1k 256 194 1587 61703 25392 87095 50.0
[2, 4, 128] [2, 4, 8] 3 3 1k 1k 1k 256 194 3179 43359 25432 68791 50.0
[2, 4, 256] [2, 4, 8] 3 3 1k 1k 1k 256 194 6363 43719 25452 69171 50.0
[2, 4, 512] [2, 4, 8] 3 3 2k 1k 1k 256 194 12731 43719 25462 69181 51.5
[2, 4, 1024] [2, 4, 8] 3 3 4k 2k 1k 256 194 25467 43719 25467 69186 56.0
[2, 4, 8] [2, 4, 8] 4 2 1k 1k 1k 256 227 227 283847 29056 312903 45.0
[2, 4, 16] [2, 4, 8] 4 2 1k 1k 1k 256 227 459 188999 29376 218375 45.0
[2, 4, 32] [2, 4, 8] 4 2 1k 1k 1k 256 227 923 100327 29536 129863 45.0
[2, 4, 64] [2, 4, 8] 4 2 1k 1k 1k 256 227 1851 61703 29616 91319 45.0
[2, 4, 128] [2, 4, 8] 4 2 1k 1k 1k 256 227 3707 43359 29656 73015 45.0
[2, 4, 256] [2, 4, 8] 4 2 1k 1k 1k 256 227 7419 43719 29676 73395 45.0
[2, 4, 512] [2, 4, 8] 4 2 2k 1k 1k 256 227 14843 43719 29686 73405 46.5
[2, 4, 1024] [2, 4, 8] 4 2 4k 2k 1k 256 227 29691 43719 29691 73410 51.0
[2, 4, 8] [2, 4, 8] 4 3 1k 1k 1k 256 213 213 283847 27264 311111 65.0
[2, 4, 16] [2, 4, 8] 4 3 1k 1k 1k 256 213 431 188999 27584 216583 65.0
[2, 4, 32] [2, 4, 8] 4 3 1k 1k 1k 256 213 867 100327 27744 128071 65.0
[2, 4, 64] [2, 4, 8] 4 3 1k 1k 1k 256 213 1739 61703 27824 89527 65.0
[2, 4, 128] [2, 4, 8] 4 3 1k 1k 1k 256 213 3483 43359 27864 71223 65.0
[2, 4, 256] [2, 4, 8] 4 3 1k 1k 1k 256 213 6971 43719 27884 71603 65.0
[2, 4, 512] [2, 4, 8] 4 3 2k 1k 1k 256 213 13947 43719 27894 71613 66.5
[2, 4, 1024] [2, 4, 8] 4 3 4k 2k 1k 256 213 27899 43719 27899 71618 71.0
[2, 4, 8] [2, 4, 8] 4 4 1k 1k 1k 256 195 195 283847 24960 308807 85.0
[2, 4, 16] [2, 4, 8] 4 4 1k 1k 1k 256 195 395 188999 25280 214279 85.0
[2, 4, 32] [2, 4, 8] 4 4 1k 1k 1k 256 195 795 100327 25440 125767 85.0
[2, 4, 64] [2, 4, 8] 4 4 1k 1k 1k 256 195 1595 61703 25520 87223 85.0
[2, 4, 128] [2, 4, 8] 4 4 1k 1k 1k 256 195 3195 43359 25560 68919 85.0
[2, 4, 256] [2, 4, 8] 4 4 1k 1k 1k 256 195 6395 43719 25580 69299 85.0
[2, 4, 512] [2, 4, 8] 4 4 2k 1k 1k 256 195 12795 43719 25590 69309 86.5
[2, 4, 1024] [2, 4, 8] 4 4 4k 2k 1k 256 195 25595 43719 25595 69314 91.0
[2, 4, 8] [2, 4, 8] 5 3 1k 1k 1k 256 220 220 283847 28160 312007 80.0
[2, 4, 16] [2, 4, 8] 5 3 1k 1k 1k 256 220 445 188999 28480 217479 80.0
[2, 4, 32] [2, 4, 8] 5 3 1k 1k 1k 256 220 895 100327 28640 128967 80.0
[2, 4, 64] [2, 4, 8] 5 3 1k 1k 1k 256 220 1795 61703 28720 90423 80.0
[2, 4, 128] [2, 4, 8] 5 3 1k 1k 1k 256 220 3595 43359 28760 72119 80.0
[2, 4, 256] [2, 4, 8] 5 3 1k 1k 1k 256 220 7195 43719 28780 72499 80.0
[2, 4, 512] [2, 4, 8] 5 3 2k 1k 1k 256 220 14395 43719 28790 72509 81.5
[2, 4, 1024] [2, 4, 8] 5 3 4k 2k 1k 256 220 28795 43719 28795 72514 86.0
[2, 4, 8] [2, 4, 8] 5 4 1k 1k 1k 256 210 210 283847 26880 310727 105.0
[2, 4, 16] [2, 4, 8] 5 4 1k 1k 1k 256 210 425 188999 27200 216199 105.0
[2, 4, 32] [2, 4, 8] 5 4 1k 1k 1k 256 210 855 100327 27360 127687 105.0
[2, 4, 64] [2, 4, 8] 5 4 1k 1k 1k 256 210 1715 61703 27440 89143 105.0
[2, 4, 128] [2, 4, 8] 5 4 1k 1k 1k 256 210 3435 43359 27480 70839 105.0
[2, 4, 256] [2, 4, 8] 5 4 1k 1k 1k 256 210 6875 43719 27500 71219 105.0
[2, 4, 512] [2, 4, 8] 5 4 2k 1k 1k 256 210 13755 43719 27510 71229 106.5
[2, 4, 1024] [2, 4, 8] 5 4 4k 2k 1k 256 210 27515 43719 27515 71234 111.0
[2, 4, 8] [2, 4, 8] 5 5 1k 1k 1k 256 202 202 283847 25856 309703 130.0
[2, 4, 16] [2, 4, 8] 5 5 1k 1k 1k 256 202 409 188999 26176 215175 130.0
[2, 4, 32] [2, 4, 8] 5 5 1k 1k 1k 256 202 823 100327 26336 126663 130.0
[2, 4, 64] [2, 4, 8] 5 5 1k 1k 1k 256 202 1651 61703 26416 88119 130.0
[2, 4, 128] [2, 4, 8] 5 5 1k 1k 1k 256 202 3307 43359 26456 69815 130.0
[2, 4, 256] [2, 4, 8] 5 5 1k 1k 1k 256 202 6619 43719 26476 70195 130.0
[2, 4, 512] [2, 4, 8] 5 5 2k 1k 1k 256 202 13243 43719 26486 70205 131.5
[2, 4, 1024] [2, 4, 8] 5 5 4k 2k 1k 256 202 26491 43719 26491 70210 136.0
[2, 4, 8] [2, 4, 8] 6 4 1k 1k 1k 256 218 218 283847 27904 311751 125.0
[2, 4, 16] [2, 4, 8] 6 4 1k 1k 1k 256 218 441 188999 28224 217223 125.0
[2, 4, 32] [2, 4, 8] 6 4 1k 1k 1k 256 218 887 100327 28384 128711 125.0
[2, 4, 64] [2, 4, 8] 6 4 1k 1k 1k 256 218 1779 61703 28464 90167 125.0
[2, 4, 128] [2, 4, 8] 6 4 1k 1k 1k 256 218 3563 43359 28504 71863 125.0
[2, 4, 256] [2, 4, 8] 6 4 1k 1k 1k 256 218 7131 43719 28524 72243 125.0
[2, 4, 512] [2, 4, 8] 6 4 2k 1k 1k 256 218 14267 43719 28534 72253 126.5
[2, 4, 1024] [2, 4, 8] 6 4 4k 2k 1k 256 218 28539 43719 28539 72258 131.0
[2, 4, 16] [2, 4, 16] 2 2 1k 1k 1k 256 466 466 155591 29824 185415 25.0
[2, 4, 32] [2, 4, 16] 2 2 1k 1k 1k 256 466 937 98471 29984 128455 25.0
[2, 4, 64] [2, 4, 16] 2 2 1k 1k 1k 256 466 1879 57367 30064 87431 25.0
[2, 4, 128] [2, 4, 16] 2 2 1k 1k 1k 256 466 3763 38167 30104 68271 25.0
[2, 4, 256] [2, 4, 16] 2 2 1k 1k 1k 256 466 7531 35079 30124 65203 25.0
[2, 4, 512] [2, 4, 16] 2 2 2k 1k 1k 256 466 15067 34503 30134 64637 26.5
[2, 4, 1024] [2, 4, 16] 2 2 4k 1k 1k 256 466 30139 34503 30139 64642 29.5
[2, 4, 16] [2, 4, 16] 3 2 1k 1k 1k 256 380 380 155591 24320 179911 35.0
[2, 4, 32] [2, 4, 16] 3 2 1k 1k 1k 256 380 765 98471 24480 122951 35.0
[2, 4, 64] [2, 4, 16] 3 2 1k 1k 1k 256 380 1535 57367 24560 81927 35.0
[2, 4, 128] [2, 4, 16] 3 2 1k 1k 1k 256 380 3075 38167 24600 62767 35.0
[2, 4, 256] [2, 4, 16] 3 2 1k 1k 1k 256 380 6155 35079 24620 59699 35.0
[2, 4, 512] [2, 4, 16] 3 2 2k 1k 1k 256 380 12315 34503 24630 59133 36.5
[2, 4, 1024] [2, 4, 16] 3 2 4k 1k 1k 256 380 24635 34503 24635 59138 39.5
[2, 4, 16] [2, 4, 16] 3 3 1k 1k 1k 256 314 314 155591 20096 175687 50.0
[2, 4, 32] [2, 4, 16] 3 3 1k 1k 1k 256 314 633 98471 20256 118727 50.0
[2, 4, 64] [2, 4, 16] 3 3 1k 1k 1k 256 314 1271 57367 20336 77703 50.0
[2, 4, 128] [2, 4, 16] 3 3 1k 1k 1k 256 314 2547 38167 20376 58543 50.0
[2, 4, 256] [2, 4, 16] 3 3 1k 1k 1k 256 314 5099 35079 20396 55475 50.0
[2, 4, 512] [2, 4, 16] 3 3 2k 1k 1k 256 314 10203 34503 20406 54909 51.5
[2, 4, 1024] [2, 4, 16] 3 3 4k 1k 1k 256 314 20411 34503 20411 54914 54.5
[2, 4, 16] [2, 4, 16] 4 2 1k 1k 1k 256 356 356 155591 22784 178375 45.0
[2, 4, 32] [2, 4, 16] 4 2 1k 1k 1k 256 356 717 98471 22944 121415 45.0
[2, 4, 64] [2, 4, 16] 4 2 1k 1k 1k 256 356 1439 57367 23024 80391 45.0
[2, 4, 128] [2, 4, 16] 4 2 1k 1k 1k 256 356 2883 38167 23064 61231 45.0
[2, 4, 256] [2, 4, 16] 4 2 1k 1k 1k 256 356 5771 35079 23084 58163 45.0
[2, 4, 512] [2, 4, 16] 4 2 2k 1k 1k 256 356 11547 34503 23094 57597 46.5
[2, 4, 1024] [2, 4, 16] 4 2 4k 1k 1k 256 356 23099 34503 23099 57602 49.5
[2, 4, 16] [2, 4, 16] 4 3 1k 1k 1k 256 293 293 155591 18752 174343 65.0
[2, 4, 32] [2, 4, 16] 4 3 1k 1k 1k 256 293 591 98471 18912 117383 65.0
[2, 4, 64] [2, 4, 16] 4 3 1k 1k 1k 256 293 1187 57367 18992 76359 65.0
[2, 4, 128] [2, 4, 16] 4 3 1k 1k 1k 256 293 2379 38167 19032 57199 65.0
[2, 4, 256] [2, 4, 16] 4 3 1k 1k 1k 256 293 4763 35079 19052 54131 65.0
[2, 4, 512] [2, 4, 16] 4 3 2k 1k 1k 256 293 9531 34503 19062 53565 66.5
[2, 4, 1024] [2, 4, 16] 4 3 4k 1k 1k 256 293 19067 34503 19067 53570 69.5
[2, 4, 16] [2, 4, 16] 4 4 1k 1k 1k 256 287 287 155591 18368 173959 85.0
[2, 4, 32] [2, 4, 16] 4 4 1k 1k 1k 256 287 579 98471 18528 116999 85.0
[2, 4, 64] [2, 4, 16] 4 4 1k 1k 1k 256 287 1163 57367 18608 75975 85.0
[2, 4, 128] [2, 4, 16] 4 4 1k 1k 1k 256 287 2331 38167 18648 56815 85.0
[2, 4, 256] [2, 4, 16] 4 4 1k 1k 1k 256 287 4667 35079 18668 53747 85.0
[2, 4, 512] [2, 4, 16] 4 4 2k 1k 1k 256 287 9339 34503 18678 53181 86.5
[2, 4, 1024] [2, 4, 16] 4 4 4k 1k 1k 256 287 18683 34503 18683 53186 89.5
[2, 4, 16] [2, 4, 16] 5 3 1k 1k 1k 256 267 267 155591 17088 172679 80.0
[2, 4, 32] [2, 4, 16] 5 3 1k 1k 1k 256 267 539 98471 17248 115719 80.0
[2, 4, 64] [2, 4, 16] 5 3 1k 1k 1k 256 267 1083 57367 17328 74695 80.0
[2, 4, 128] [2, 4, 16] 5 3 1k 1k 1k 256 267 2171 38167 17368 55535 80.0
[2, 4, 256] [2, 4, 16] 5 3 1k 1k 1k 256 267 4347 35079 17388 52467 80.0
[2, 4, 512] [2, 4, 16] 5 3 2k 1k 1k 256 267 8699 34503 17398 51901 81.5
[2, 4, 1024] [2, 4, 16] 5 3 4k 1k 1k 256 267 17403 34503 17403 51906 84.5
[2, 4, 16] [2, 4, 16] 5 4 1k 1k 1k 256 267 267 155591 17088 172679 105.0
[2, 4, 32] [2, 4, 16] 5 4 1k 1k 1k 256 267 539 98471 17248 115719 105.0
[2, 4, 64] [2, 4, 16] 5 4 1k 1k 1k 256 267 1083 57367 17328 74695 105.0
[2, 4, 128] [2, 4, 16] 5 4 1k 1k 1k 256 267 2171 38167 17368 55535 105.0
[2, 4, 256] [2, 4, 16] 5 4 1k 1k 1k 256 267 4347 35079 17388 52467 105.0
[2, 4, 512] [2, 4, 16] 5 4 2k 1k 1k 256 267 8699 34503 17398 51901 106.5
[2, 4, 1024] [2, 4, 16] 5 4 4k 1k 1k 256 267 17403 34503 17403 51906 109.5
[2, 4, 16] [2, 4, 16] 5 5 1k 1k 1k 256 257 257 155591 16448 172039 130.0
[2, 4, 32] [2, 4, 16] 5 5 1k 1k 1k 256 257 519 98471 16608 115079 130.0
[2, 4, 64] [2, 4, 16] 5 5 1k 1k 1k 256 257 1043 57367 16688 74055 130.0
[2, 4, 128] [2, 4, 16] 5 5 1k 1k 1k 256 257 2091 38167 16728 54895 130.0
[2, 4, 256] [2, 4, 16] 5 5 1k 1k 1k 256 257 4187 35079 16748 51827 130.0
[2, 4, 512] [2, 4, 16] 5 5 2k 1k 1k 256 257 8379 34503 16758 51261 131.5
[2, 4, 1024] [2, 4, 16] 5 5 4k 1k 1k 256 257 16763 34503 16763 51266 134.5
[2, 4, 16] [2, 4, 16] 6 4 1k 1k 1k 256 272 272 155591 17408 172999 125.0
[2, 4, 32] [2, 4, 16] 6 4 1k 1k 1k 256 272 549 98471 17568 116039 125.0
[2, 4, 64] [2, 4, 16] 6 4 1k 1k 1k 256 272 1103 57367 17648 75015 125.0
[2, 4, 128] [2, 4, 16] 6 4 1k 1k 1k 256 272 2211 38167 17688 55855 125.0
[2, 4, 256] [2, 4, 16] 6 4 1k 1k 1k 256 272 4427 35079 17708 52787 125.0
[2, 4, 512] [2, 4, 16] 6 4 2k 1k 1k 256 272 8859 34503 17718 52221 126.5
[2, 4, 1024] [2, 4, 16] 6 4 4k 1k 1k 256 272 17723 34503 17723 52226 129.5
[2, 4, 32] [2, 4, 32] 2 2 1k 1k 1k 256 787 787 81767 25184 106951 25.0
[2, 4, 64] [2, 4, 32] 2 2 1k 1k 1k 256 787 1579 56439 25264 81703 25.0
[2, 4, 128] [2, 4, 32] 2 2 1k 1k 1k 256 787 3163 35999 25304 61303 25.0
[2, 4, 256] [2, 4, 32] 2 2 1k 1k 1k 256 787 6331 32483 25324 57807 25.0
[2, 4, 512] [2, 4, 32] 2 2 2k 1k 1k 256 787 12667 30183 25334 55517 26.5
[2, 4, 1024] [2, 4, 32] 2 2 4k 1k 1k 256 787 25339 29895 25339 55234 29.5
[2, 4, 32] [2, 4, 32] 3 2 1k 1k 1k 256 665 665 81767 21280 103047 35.0
[2, 4, 64] [2, 4, 32] 3 2 1k 1k 1k 256 665 1335 56439 21360 77799 35.0
[2, 4, 128] [2, 4, 32] 3 2 1k 1k 1k 256 665 2675 35999 21400 57399 35.0
[2, 4, 256] [2, 4, 32] 3 2 1k 1k 1k 256 665 5355 32483 21420 53903 35.0
[2, 4, 512] [2, 4, 32] 3 2 2k 1k 1k 256 665 10715 30183 21430 51613 36.5
[2, 4, 1024] [2, 4, 32] 3 2 4k 1k 1k 256 665 21435 29895 21435 51330 39.5
[2, 4, 32] [2, 4, 32] 3 3 1k 1k 1k 256 496 496 81767 15872 97639 50.0
[2, 4, 64] [2, 4, 32] 3 3 1k 1k 1k 256 496 997 56439 15952 72391 50.0
[2, 4, 128] [2, 4, 32] 3 3 1k 1k 1k 256 496 1999 35999 15992 51991 50.0
[2, 4, 256] [2, 4, 32] 3 3 1k 1k 1k 256 496 4003 32483 16012 48495 50.0
[2, 4, 512] [2, 4, 32] 3 3 2k 1k 1k 256 496 8011 30183 16022 46205 51.5
[2, 4, 1024] [2, 4, 32] 3 3 4k 1k 1k 256 496 16027 29895 16027 45922 54.5
[2, 4, 32] [2, 4, 32] 4 2 1k 1k 1k 256 651 651 81767 20832 102599 45.0
[2, 4, 64] [2, 4, 32] 4 2 1k 1k 1k 256 651 1307 56439 20912 77351 45.0
[2, 4, 128] [2, 4, 32] 4 2 1k 1k 1k 256 651 2619 35999 20952 56951 45.0
[2, 4, 256] [2, 4, 32] 4 2 1k 1k 1k 256 651 5243 32483 20972 53455 45.0
[2, 4, 512] [2, 4, 32] 4 2 2k 1k 1k 256 651 10491 30183 20982 51165 46.5
[2, 4, 1024] [2, 4, 32] 4 2 4k 1k 1k 256 651 20987 29895 20987 50882 49.5
[2, 4, 32] [2, 4, 32] 4 3 1k 1k 1k 256 463 463 81767 14816 96583 65.0
[2, 4, 64] [2, 4, 32] 4 3 1k 1k 1k 256 463 931 56439 14896 71335 65.0
[2, 4, 128] [2, 4, 32] 4 3 1k 1k 1k 256 463 1867 35999 14936 50935 65.0
[2, 4, 256] [2, 4, 32] 4 3 1k 1k 1k 256 463 3739 32483 14956 47439 65.0
[2, 4, 512] [2, 4, 32] 4 3 2k 1k 1k 256 463 7483 30183 14966 45149 66.5
[2, 4, 1024] [2, 4, 32] 4 3 4k 1k 1k 256 463 14971 29895 14971 44866 69.5
[2, 4, 32] [2, 4, 32] 4 4 1k 1k 1k 256 416 416 81767 13312 95079 85.0
[2, 4, 64] [2, 4, 32] 4 4 1k 1k 1k 256 416 837 56439 13392 69831 85.0
[2, 4, 128] [2, 4, 32] 4 4 1k 1k 1k 256 416 1679 35999 13432 49431 85.0
[2, 4, 256] [2, 4, 32] 4 4 1k 1k 1k 256 416 3363 32483 13452 45935 85.0
[2, 4, 512] [2, 4, 32] 4 4 2k 1k 1k 256 416 6731 30183 13462 43645 86.5
[2, 4, 1024] [2, 4, 32] 4 4 4k 1k 1k 256 416 13467 29895 13467 43362 89.5
[2, 4, 32] [2, 4, 32] 5 3 1k 1k 1k 256 425 425 81767 13600 95367 80.0
[2, 4, 64] [2, 4, 32] 5 3 1k 1k 1k 256 425 855 56439 13680 70119 80.0
[2, 4, 128] [2, 4, 32] 5 3 1k 1k 1k 256 425 1715 35999 13720 49719 80.0
[2, 4, 256] [2, 4, 32] 5 3 1k 1k 1k 256 425 3435 32483 13740 46223 80.0
[2, 4, 512] [2, 4, 32] 5 3 2k 1k 1k 256 425 6875 30183 13750 43933 81.5
[2, 4, 1024] [2, 4, 32] 5 3 4k 1k 1k 256 425 13755 29895 13755 43650 84.5
[2, 4, 32] [2, 4, 32] 5 4 1k 1k 1k 256 391 391 81767 12512 94279 105.0
[2, 4, 64] [2, 4, 32] 5 4 1k 1k 1k 256 391 787 56439 12592 69031 105.0
[2, 4, 128] [2, 4, 32] 5 4 1k 1k 1k 256 391 1579 35999 12632 48631 105.0
[2, 4, 256] [2, 4, 32] 5 4 1k 1k 1k 256 391 3163 32483 12652 45135 105.0
[2, 4, 512] [2, 4, 32] 5 4 2k 1k 1k 256 391 6331 30183 12662 42845 106.5
[2, 4, 1024] [2, 4, 32] 5 4 4k 1k 1k 256 391 12667 29895 12667 42562 109.5
[2, 4, 32] [2, 4, 32] 5 5 1k 1k 1k 256 338 338 81767 10816 92583 130.0
[2, 4, 64] [2, 4, 32] 5 5 1k 1k 1k 256 338 681 56439 10896 67335 130.0
[2, 4, 128] [2, 4, 32] 5 5 1k 1k 1k 256 338 1367 35999 10936 46935 130.0
[2, 4, 256] [2, 4, 32] 5 5 1k 1k 1k 256 338 2739 32483 10956 43439 130.0
[2, 4, 512] [2, 4, 32] 5 5 2k 1k 1k 256 338 5483 30183 10966 41149 131.5
[2, 4, 1024] [2, 4, 32] 5 5 4k 1k 1k 256 338 10971 29895 10971 40866 134.5
[2, 4, 32] [2, 4, 32] 6 4 1k 1k 1k 256 356 356 81767 11392 93159 125.0
[2, 4, 64] [2, 4, 32] 6 4 1k 1k 1k 256 356 717 56439 11472 67911 125.0
[2, 4, 128] [2, 4, 32] 6 4 1k 1k 1k 256 356 1439 35999 11512 47511 125.0
[2, 4, 256] [2, 4, 32] 6 4 1k 1k 1k 256 356 2883 32483 11532 44015 125.0
[2, 4, 512] [2, 4, 32] 6 4 2k 1k 1k 256 356 5771 30183 11542 41725 126.5
[2, 4, 1024] [2, 4, 32] 6 4 4k 1k 1k 256 356 11547 29895 11547 41442 129.5
[2, 4, 64] [2, 4, 64] 2 2 1k 1k 2k 256 1517 1517 48087 24272 72359 33.0
[2, 4, 128] [2, 4, 64] 2 2 1k 1k 2k 256 1517 3039 35535 24312 59847 33.0
[2, 4, 256] [2, 4, 64] 2 2 1k 1k 2k 256 1517 6083 31399 24332 55731 33.0
[2, 4, 512] [2, 4, 64] 2 2 2k 1k 2k 256 1517 12171 28885 24342 53227 34.5
[2, 4, 1024] [2, 4, 64] 2 2 4k 1k 2k 256 1517 24347 27735 24347 52082 37.5
[2, 4, 64] [2, 4, 64] 3 2 1k 1k 2k 256 1171 1171 48087 18736 66823 47.0
[2, 4, 128] [2, 4, 64] 3 2 1k 1k 2k 256 1171 2347 35535 18776 54311 47.0
[2, 4, 256] [2, 4, 64] 3 2 1k 1k 2k 256 1171 4699 31399 18796 50195 47.0
[2, 4, 512] [2, 4, 64] 3 2 2k 1k 2k 256 1171 9403 28885 18806 47691 48.5
[2, 4, 1024] [2, 4, 64] 3 2 4k 1k 2k 256 1171 18811 27735 18811 46546 51.5
[2, 4, 64] [2, 4, 64] 3 3 1k 1k 1k 256 919 919 48087 14704 62791 50.0
[2, 4, 128] [2, 4, 64] 3 3 1k 1k 1k 256 919 1843 35535 14744 50279 50.0
[2, 4, 256] [2, 4, 64] 3 3 1k 1k 1k 256 919 3691 31399 14764 46163 50.0
[2, 4, 512] [2, 4, 64] 3 3 2k 1k 1k 256 919 7387 28885 14774 43659 51.5
[2, 4, 1024] [2, 4, 64] 3 3 4k 1k 1k 256 919 14779 27735 14779 42514 54.5
[2, 4, 64] [2, 4, 64] 4 2 1k 1k 2k 256 1069 1069 48087 17104 65191 61.0
[2, 4, 128] [2, 4, 64] 4 2 1k 1k 2k 256 1069 2143 35535 17144 52679 61.0
[2, 4, 256] [2, 4, 64] 4 2 1k 1k 2k 256 1069 4291 31399 17164 48563 61.0
[2, 4, 512] [2, 4, 64] 4 2 2k 1k 2k 256 1069 8587 28885 17174 46059 62.5
[2, 4, 1024] [2, 4, 64] 4 2 4k 1k 2k 256 1069 17179 27735 17179 44914 65.5
[2, 4, 64] [2, 4, 64] 4 3 1k 1k 1k 256 841 841 48087 13456 61543 65.0
[2, 4, 128] [2, 4, 64] 4 3 1k 1k 1k 256 841 1687 35535 13496 49031 65.0
[2, 4, 256] [2, 4, 64] 4 3 1k 1k 1k 256 841 3379 31399 13516 44915 65.0
[2, 4, 512] [2, 4, 64] 4 3 2k 1k 1k 256 841 6763 28885 13526 42411 66.5
[2, 4, 1024] [2, 4, 64] 4 3 4k 1k 1k 256 841 13531 27735 13531 41266 69.5
[2, 4, 64] [2, 4, 64] 4 4 1k 1k 1k 256 745 745 48087 11920 60007 85.0
[2, 4, 128] [2, 4, 64] 4 4 1k 1k 1k 256 745 1495 35535 11960 47495 85.0
[2, 4, 256] [2, 4, 64] 4 4 1k 1k 1k 256 745 2995 31399 11980 43379 85.0
[2, 4, 512] [2, 4, 64] 4 4 2k 1k 1k 256 745 5995 28885 11990 40875 86.5
[2, 4, 1024] [2, 4, 64] 4 4 4k 1k 1k 256 745 11995 27735 11995 39730 89.5
[2, 4, 64] [2, 4, 64] 5 3 1k 1k 1k 256 745 745 48087 11920 60007 80.0
[2, 4, 128] [2, 4, 64] 5 3 1k 1k 1k 256 745 1495 35535 11960 47495 80.0
[2, 4, 256] [2, 4, 64] 5 3 1k 1k 1k 256 745 2995 31399 11980 43379 80.0
[2, 4, 512] [2, 4, 64] 5 3 2k 1k 1k 256 745 5995 28885 11990 40875 81.5
[2, 4, 1024] [2, 4, 64] 5 3 4k 1k 1k 256 745 11995 27735 11995 39730 84.5
[2, 4, 64] [2, 4, 64] 5 4 1k 1k 1k 256 627 627 48087 10032 58119 105.0
[2, 4, 128] [2, 4, 64] 5 4 1k 1k 1k 256 627 1259 35535 10072 45607 105.0
[2, 4, 256] [2, 4, 64] 5 4 1k 1k 1k 256 627 2523 31399 10092 41491 105.0
[2, 4, 512] [2, 4, 64] 5 4 2k 1k 1k 256 627 5051 28885 10102 38987 106.5
[2, 4, 1024] [2, 4, 64] 5 4 4k 1k 1k 256 627 10107 27735 10107 37842 109.5
[2, 4, 64] [2, 4, 64] 5 5 1k 1k 1k 256 557 557 48087 8912 56999 130.0
[2, 4, 128] [2, 4, 64] 5 5 1k 1k 1k 256 557 1119 35535 8952 44487 130.0
[2, 4, 256] [2, 4, 64] 5 5 1k 1k 1k 256 557 2243 31399 8972 40371 130.0
[2, 4, 512] [2, 4, 64] 5 5 2k 1k 1k 256 557 4491 28885 8982 37867 131.5
[2, 4, 1024] [2, 4, 64] 5 5 4k 1k 1k 256 557 8987 27735 8987 36722 134.5
[2, 4, 64] [2, 4, 64] 6 4 1k 1k 1k 256 580 580 48087 9280 57367 125.0
[2, 4, 128] [2, 4, 64] 6 4 1k 1k 1k 256 580 1165 35535 9320 44855 125.0
[2, 4, 256] [2, 4, 64] 6 4 1k 1k 1k 256 580 2335 31399 9340 40739 125.0
[2, 4, 512] [2, 4, 64] 6 4 2k 1k 1k 256 580 4675 28885 9350 38235 126.5
[2, 4, 1024] [2, 4, 64] 6 4 4k 1k 1k 256 580 9355 27735 9355 37090 129.5
[2, 4, 128] [2, 4, 128] 2 2 1k 1k 4k 256 3027 3027 31359 24216 55575 49.0
[2, 4, 256] [2, 4, 128] 2 2 1k 1k 4k 256 3027 6059 31167 24236 55403 49.0
[2, 4, 512] [2, 4, 128] 2 2 2k 1k 4k 256 3027 12123 28343 24246 52589 50.5
[2, 4, 1024] [2, 4, 128] 2 2 4k 1k 4k 256 3027 24251 27086 24251 51337 53.5
[2, 4, 128] [2, 4, 128] 3 2 1k 1k 4k 256 2245 2245 31359 17960 49319 71.0
[2, 4, 256] [2, 4, 128] 3 2 1k 1k 4k 256 2245 4495 31167 17980 49147 71.0
[2, 4, 512] [2, 4, 128] 3 2 2k 1k 4k 256 2245 8995 28343 17990 46333 72.5
[2, 4, 1024] [2, 4, 128] 3 2 4k 1k 4k 256 2245 17995 27086 17995 45081 75.5
[2, 4, 128] [2, 4, 128] 3 3 1k 1k 2k 256 1744 1744 31359 13952 45311 68.0
[2, 4, 256] [2, 4, 128] 3 3 1k 1k 2k 256 1744 3493 31167 13972 45139 68.0
[2, 4, 512] [2, 4, 128] 3 3 2k 1k 2k 256 1744 6991 28343 13982 42325 69.5
[2, 4, 1024] [2, 4, 128] 3 3 4k 1k 2k 256 1744 13987 27086 13987 41073 72.5
[2, 4, 128] [2, 4, 128] 4 2 1k 1k 4k 256 2049 2049 31359 16392 47751 93.0
[2, 4, 256] [2, 4, 128] 4 2 1k 1k 4k 256 2049 4103 31167 16412 47579 93.0
[2, 4, 512] [2, 4, 128] 4 2 2k 1k 4k 256 2049 8211 28343 16422 44765 94.5
[2, 4, 1024] [2, 4, 128] 4 2 4k 1k 4k 256 2049 16427 27086 16427 43513 97.5
[2, 4, 128] [2, 4, 128] 4 3 1k 1k 2k 256 1487 1487 31359 11896 43255 89.0
[2, 4, 256] [2, 4, 128] 4 3 1k 1k 2k 256 1487 2979 31167 11916 43083 89.0
[2, 4, 512] [2, 4, 128] 4 3 2k 1k 2k 256 1487 5963 28343 11926 40269 90.5
[2, 4, 1024] [2, 4, 128] 4 3 4k 1k 2k 256 1487 11931 27086 11931 39017 93.5
[2, 4, 128] [2, 4, 128] 4 4 1k 1k 2k 256 1363 1363 31359 10904 42263 117.0
[2, 4, 256] [2, 4, 128] 4 4 1k 1k 2k 256 1363 2731 31167 10924 42091 117.0
[2, 4, 512] [2, 4, 128] 4 4 2k 1k 2k 256 1363 5467 28343 10934 39277 118.5
[2, 4, 1024] [2, 4, 128] 4 4 4k 1k 2k 256 1363 10939 27086 10939 38025 121.5
[2, 4, 128] [2, 4, 128] 5 3 1k 1k 2k 256 1352 1352 31359 10816 42175 110.0
[2, 4, 256] [2, 4, 128] 5 3 1k 1k 2k 256 1352 2709 31167 10836 42003 110.0
[2, 4, 512] [2, 4, 128] 5 3 2k 1k 2k 256 1352 5423 28343 10846 39189 111.5
[2, 4, 1024] [2, 4, 128] 5 3 4k 1k 2k 256 1352 10851 27086 10851 37937 114.5
[2, 4, 128] [2, 4, 128] 5 5 1k 1k 1k 256 991 991 31359 7928 39287 130.0
[2, 4, 256] [2, 4, 128] 5 5 1k 1k 1k 256 991 1987 31167 7948 39115 130.0
[2, 4, 512] [2, 4, 128] 5 5 2k 1k 1k 256 991 3979 28343 7958 36301 131.5
[2, 4, 1024] [2, 4, 128] 5 5 4k 1k 1k 256 991 7963 27086 7963 35049 134.5
[2, 4, 128] [2, 4, 128] 6 4 1k 1k 1k 256 983 983 31359 7864 39223 125.0
[2, 4, 256] [2, 4, 128] 6 4 1k 1k 1k 256 983 1971 31167 7884 39051 125.0
[2, 4, 512] [2, 4, 128] 6 4 2k 1k 1k 256 983 3947 28343 7894 36237 126.5
[2, 4, 1024] [2, 4, 128] 6 4 4k 1k 1k 256 983 7899 27086 7899 34985 129.5
[2, 4, 256] [2, 4, 256] 3 3 1k 1k 4k 256 3289 3289 29079 13156 42235 104.0
[2, 4, 512] [2, 4, 256] 3 3 2k 1k 4k 256 3289 6583 28227 13166 41393 105.5
[2, 4, 1024] [2, 4, 256] 3 3 4k 1k 4k 256 3289 13171 26815 13171 39986 108.5
[2, 4, 256] [2, 4, 256] 4 2 1k 1k 4k 256 3992 3992 29079 15968 45047 93.0
[2, 4, 512] [2, 4, 256] 4 2 2k 1k 4k 256 3992 7989 28227 15978 44205 94.5
[2, 4, 1024] [2, 4, 256] 4 2 4k 1k 4k 256 3992 15983 26815 15983 42798 97.5
[2, 4, 256] [2, 4, 256] 4 3 1k 1k 4k 256 2815 2815 29079 11260 40339 137.0
[2, 4, 512] [2, 4, 256] 4 3 2k 1k 4k 256 2815 5635 28227 11270 39497 138.5
