319303  480.7106665
224775  338.3987625
136263  205.1439465
97719  147.1159545
79415  119.5592825
79795  120.1313725
79805  121.14399
79810  127.45657
310983  570.1873305
216455  396.8702425
127943  234.5834905
89399  163.9130665
71095  130.3526825
71475  131.0494125
71485  131.96131
71490  134.651415
308679  717.8330145
214151  498.0081505
125639  292.1734945
87095  202.5394225
68791  159.9734705
69171  160.8571605
69181  161.745178
69186  164.351343
312903  676.3398345
218375  472.0175625
129863  280.6988745
91319  197.3860185
73015  157.8219225
73395  158.6432925
73405  159.58247
73410  162.346215
311111  876.5552425
216583  610.2226025
128071  360.8400425
89527  252.2423225
71223  200.6708025
71603  201.7414525
71613  202.66479
71618  205.364615
308807  1072.6411145
214279  744.2981065
125767  436.8516745
87223  302.9690905
68919  239.3901465
69299  240.7100765
69309  241.611174
69314  244.227879
312007  1032.5871665
217479  719.7467505
128967  426.8162865
90423  299.2549185
72119  238.6778305
72499  239.9354405
72509  240.874898
72514  243.610783
310727  1283.1471465
216199  892.7937705
127687  527.2834665
89143  368.1160185
70839  292.5296505
71219  294.0988605
71229  295.030518
71234  297.722503
309703  1532.8749985
215175  1065.0086625
126663  626.9185185
88119  436.1449905
69815  345.5493425
70195  347.4301525
70205  348.35721
70210  351.014895
311751  1491.8844105
217223  1039.5206665
128711  615.9464905
90167  431.4941785
71863  343.9003865
72243  345.7188765
72253  346.669894
72258  349.403559
185415  279.1422825
128455  193.3890025
87431  131.6273705
68271  102.7819905
65203  98.1631165
64637  98.118966
64642  99.742606
179911  329.8668185
122951  225.4306585
81927  150.2131545
62767  115.0832945
59699  109.4581165
59133  109.159518
59138  110.647198
175687  408.5601185
118727  276.0996385
77703  180.6983265
58543  136.1417465
55475  129.0071125
54909  128.377242
54914  129.761782
178375  385.5575625
121415  262.4385225
80391  173.7651465
61231  132.3508065
58163  125.7193245
57597  125.215878
57602  126.666798
174343  491.2114025
117383  330.7266025
76359  215.1414825
57199  161.1581825
54131  152.5140925
53565  151.58895
53570  152.94235
173959  604.2465865
116999  406.3960265
75975  263.8991625
56815  197.3469025
53747  186.6902045
53181  185.388966
53186  186.736046
172679  571.4811505
115719  382.9720305
74695  247.2031025
55535  183.7930825
52467  173.6395365
51901  172.415122
51906  173.729382
172679  713.0779305
115719  477.8616105
74695  308.4530025
55535  229.3317825
52467  216.6624765
51901  214.973942
51906  216.292302
172039  851.5070305
115079  569.5835105
74055  366.5352225
54895  271.7028025
51827  256.5177365
51261  254.357082
51266  255.663542
172999  827.8867145
116039  555.3046345
75015  358.9842825
55855  267.2941025
52787  252.6121885
52221  250.556358
52226  251.885998
106951  161.0147305
81703  123.0038665
61303  92.2916665
57807  87.0284385
55517  84.274806
55234  85.226062
103047  188.9366745
77799  142.6444665
57399  105.2410665
53903  98.8311505
51613  95.277598
51330  96.03843
97639  227.0594945
72391  168.3452705
51991  120.9050705
48495  112.7751225
46205  108.02729
45922  108.513686
102599  221.7677385
77351  167.1941865
56951  123.0995865
53455  115.5429825
51165  111.23271
50882  111.889518
96583  272.1226025
71335  200.9863625
50935  143.5093625
47439  133.6593825
45149  127.77167
44866  128.09243
95079  330.2569065
69831  242.5579785
49431  171.6985785
45935  159.5552225
43645  152.14647
43362  152.243982
95367  315.6170865
70119  232.0588305
49719  164.5450305
46223  152.9750185
43933  145.945426
43650  146.09655
94279  389.3251305
69031  285.0635145
48631  200.8217145
45135  186.3849825
42845  177.46399
42562  177.355854
92583  458.2395585
67335  333.2745825
46935  232.3047825
43439  215.0013305
41149  204.181338
40866  203.798742
93159  445.8123945
67911  324.9880905
47511  227.3638905
44015  210.6337825
41725  200.19655
41442  199.874766
72359  121.2375045
59847  100.2736485
55731  93.3772905
53227  89.847176
52082  89.216466
66823  139.5598355
54311  113.4285235
50195  104.8322575
47691  100.198791
46546  98.956796
62791  146.0204705
50279  116.9238145
46163  107.3520565
43659  102.074742
42514  100.460582
65191  163.0752865
52679  131.7765185
48563  121.4803445
46059  115.792326
44914  114.036646
61543  173.3974025
49031  138.1448425
44915  126.5480125
42411  120.02313
41266  117.81443
60007  208.4343145
47495  164.9738825
43379  150.6769565
40875  142.49025
39730  139.49203
60007  198.5931665
47495  157.1847025
43379  143.5628005
40875  135.78675
39730  132.97631
58119  240.0024105
45607  188.3341065
41491  171.3370845
38987  161.484154
37842  157.687614
56999  282.1165505
44487  220.1884065
40371  199.8162645
37867  187.896054
36722  183.132614
57367  274.5297785
44855  214.6536025
40739  194.9564845
38235  183.45153
37090  178.88507
55575  112.0114125
55403  111.6647465
52589  106.650492
51337  105.394861
49319  128.1554215
49147  127.7084795
46333  120.975463
45081  118.833516
45311  122.702188
45139  122.236412
42325  115.1451625
41073  112.7659215
47751  151.9198065
47579  151.3725885
44765  142.97941
43513  140.068347
43255  143.9310125
43083  143.3586825
40269  134.49846
39017  131.292205
42263  175.5393705
42091  174.8249685
39277  163.627982
38025  159.362775
42175  166.464725
42003  165.785841
39189  155.1688455
37937  151.1599765
39287  194.4510065
39115  193.5996925
36301  180.125562
35049  174.789363
39223  187.7016665
39051  186.8785605
36237  173.865126
34985  168.732655
42235  146.682155
41393  144.2753015
39986  140.370853
45047  143.3170305
44205  141.19077
42798  137.766762
40339  175.3738025
39497  172.20692
