[1, 1, 1] [1, 1, 1] 2 2 1k 1k 1k 256 22 22 497025103 46137344 543162447 25.0
[2, 1, 1] [1, 1, 1] 2 2 1k 1k 1k 256 22 49 414187599 51380224 465567823 25.0
[4, 1, 1] [1, 1, 1] 2 2 1k 1k 1k 256 22 103 372768847 54001664 426770511 25.0
[8, 1, 1] [1, 1, 1] 2 2 1k 1k 1k 256 22 211 352059471 55312384 407371855 25.0
[16, 1, 1] [1, 1, 1] 2 2 1k 1k 1k 256 22 427 203292751 55967744 259260495 25.0
[32, 1, 1] [1, 1, 1] 2 2 1k 1k 1k 256 22 859 109051983 56295424 165347407 25.0
[64, 1, 1] [1, 1, 1] 2 2 1k 1k 1k 256 22 1723 68550735 56459264 125009999 25.0
[128, 1, 1] [1, 1, 1] 2 2 1k 1k 1k 256 22 3451 48529487 56541184 105070671 25.0
[1, 1, 1] [1, 1, 1] 3 2 1k 1k 1k 256 22 22 497025103 46137344 543162447 35.0
[2, 1, 1] [1, 1, 1] 3 2 1k 1k 1k 256 22 49 414187599 51380224 465567823 35.0
[4, 1, 1] [1, 1, 1] 3 2 1k 1k 1k 256 22 103 372768847 54001664 426770511 35.0
[8, 1, 1] [1, 1, 1] 3 2 1k 1k 1k 256 22 211 352059471 55312384 407371855 35.0
[16, 1, 1] [1, 1, 1] 3 2 1k 1k 1k 256 22 427 203292751 55967744 259260495 35.0
[32, 1, 1] [1, 1, 1] 3 2 1k 1k 1k 256 22 859 109051983 56295424 165347407 35.0
[64, 1, 1] [1, 1, 1] 3 2 1k 1k 1k 256 22 1723 68550735 56459264 125009999 35.0
[128, 1, 1] [1, 1, 1] 3 2 1k 1k 1k 256 22 3451 48529487 56541184 105070671 35.0
[1, 1, 1] [1, 1, 1] 3 3 1k 1k 1k 256 22 22 497025103 46137344 543162447 50.0
[2, 1, 1] [1, 1, 1] 3 3 1k 1k 1k 256 22 49 414187599 51380224 465567823 50.0
[4, 1, 1] [1, 1, 1] 3 3 1k 1k 1k 256 22 103 372768847 54001664 426770511 50.0
[8, 1, 1] [1, 1, 1] 3 3 1k 1k 1k 256 22 211 352059471 55312384 407371855 50.0
[16, 1, 1] [1, 1, 1] 3 3 1k 1k 1k 256 22 427 203292751 55967744 259260495 50.0
[32, 1, 1] [1, 1, 1] 3 3 1k 1k 1k 256 22 859 109051983 56295424 165347407 50.0
[64, 1, 1] [1, 1, 1] 3 3 1k 1k 1k 256 22 1723 68550735 56459264 125009999 50.0
[128, 1, 1] [1, 1, 1] 3 3 1k 1k 1k 256 22 3451 48529487 56541184 105070671 50.0
[1, 1, 1] [1, 1, 1] 4 2 1k 1k 1k 256 22 22 497025103 46137344 543162447 45.0
[2, 1, 1] [1, 1, 1] 4 2 1k 1k 1k 256 22 49 414187599 51380224 465567823 45.0
[4, 1, 1] [1, 1, 1] 4 2 1k 1k 1k 256 22 103 372768847 54001664 426770511 45.0
[8, 1, 1] [1, 1, 1] 4 2 1k 1k 1k 256 22 211 352059471 55312384 407371855 45.0
[16, 1, 1] [1, 1, 1] 4 2 1k 1k 1k 256 22 427 203292751 55967744 259260495 45.0
[32, 1, 1] [1, 1, 1] 4 2 1k 1k 1k 256 22 859 109051983 56295424 165347407 45.0
[64, 1, 1] [1, 1, 1] 4 2 1k 1k 1k 256 22 1723 68550735 56459264 125009999 45.0
[128, 1, 1] [1, 1, 1] 4 2 1k 1k 1k 256 22 3451 48529487 56541184 105070671 45.0
[1, 1, 1] [1, 1, 1] 4 3 1k 1k 1k 256 22 22 497025103 46137344 543162447 65.0
[2, 1, 1] [1, 1, 1] 4 3 1k 1k 1k 256 22 49 414187599 51380224 465567823 65.0
[4, 1, 1] [1, 1, 1] 4 3 1k 1k 1k 256 22 103 372768847 54001664 426770511 65.0
[8, 1, 1] [1, 1, 1] 4 3 1k 1k 1k 256 22 211 352059471 55312384 407371855 65.0
[16, 1, 1] [1, 1, 1] 4 3 1k 1k 1k 256 22 427 203292751 55967744 259260495 65.0
[32, 1, 1] [1, 1, 1] 4 3 1k 1k 1k 256 22 859 109051983 56295424 165347407 65.0
[64, 1, 1] [1, 1, 1] 4 3 1k 1k 1k 256 22 1723 68550735 56459264 125009999 65.0
[128, 1, 1] [1, 1, 1] 4 3 1k 1k 1k 256 22 3451 48529487 56541184 105070671 65.0
[1, 1, 1] [1, 1, 1] 4 4 1k 1k 1k 256 22 22 497025103 46137344 543162447 85.0
[2, 1, 1] [1, 1, 1] 4 4 1k 1k 1k 256 22 49 414187599 51380224 465567823 85.0
[4, 1, 1] [1, 1, 1] 4 4 1k 1k 1k 256 22 103 372768847 54001664 426770511 85.0
[8, 1, 1] [1, 1, 1] 4 4 1k 1k 1k 256 22 211 352059471 55312384 407371855 85.0
[16, 1, 1] [1, 1, 1] 4 4 1k 1k 1k 256 22 427 203292751 55967744 259260495 85.0
[32, 1, 1] [1, 1, 1] 4 4 1k 1k 1k 256 22 859 109051983 56295424 165347407 85.0
[64, 1, 1] [1, 1, 1] 4 4 1k 1k 1k 256 22 1723 68550735 56459264 125009999 85.0
[128, 1, 1] [1, 1, 1] 4 4 1k 1k 1k 256 22 3451 48529487 56541184 105070671 85.0
[1, 1, 1] [1, 1, 1] 5 3 1k 1k 1k 256 22 22 497025103 46137344 543162447 80.0
[2, 1, 1] [1, 1, 1] 5 3 1k 1k 1k 256 22 49 414187599 51380224 465567823 80.0
[4, 1, 1] [1, 1, 1] 5 3 1k 1k 1k 256 22 103 372768847 54001664 426770511 80.0
[8, 1, 1] [1, 1, 1] 5 3 1k 1k 1k 256 22 211 352059471 55312384 407371855 80.0
[16, 1, 1] [1, 1, 1] 5 3 1k 1k 1k 256 22 427 203292751 55967744 259260495 80.0
[32, 1, 1] [1, 1, 1] 5 3 1k 1k 1k 256 22 859 109051983 56295424 165347407 80.0
[64, 1, 1] [1, 1, 1] 5 3 1k 1k 1k 256 22 1723 68550735 56459264 125009999 80.0
[128, 1, 1] [1, 1, 1] 5 3 1k 1k 1k 256 22 3451 48529487 56541184 105070671 80.0
[1, 1, 1] [1, 1, 1] 5 4 1k 1k 1k 256 22 22 497025103 46137344 543162447 105.0
[2, 1, 1] [1, 1, 1] 5 4 1k 1k 1k 256 22 49 414187599 51380224 465567823 105.0
[4, 1, 1] [1, 1, 1] 5 4 1k 1k 1k 256 22 103 372768847 54001664 426770511 105.0
[8, 1, 1] [1, 1, 1] 5 4 1k 1k 1k 256 22 211 352059471 55312384 407371855 105.0
[16, 1, 1] [1, 1, 1] 5 4 1k 1k 1k 256 22 427 203292751 55967744 259260495 105.0
[32, 1, 1] [1, 1, 1] 5 4 1k 1k 1k 256 22 859 109051983 56295424 165347407 105.0
[64, 1, 1] [1, 1, 1] 5 4 1k 1k 1k 256 22 1723 68550735 56459264 125009999 105.0
[128, 1, 1] [1, 1, 1] 5 4 1k 1k 1k 256 22 3451 48529487 56541184 105070671 105.0
[1, 1, 1] [1, 1, 1] 5 5 1k 1k 1k 256 22 22 497025103 46137344 543162447 130.0
[2, 1, 1] [1, 1, 1] 5 5 1k 1k 1k 256 22 49 414187599 51380224 465567823 130.0
[4, 1, 1] [1, 1, 1] 5 5 1k 1k 1k 256 22 103 372768847 54001664 426770511 130.0
[8, 1, 1] [1, 1, 1] 5 5 1k 1k 1k 256 22 211 352059471 55312384 407371855 130.0
[16, 1, 1] [1, 1, 1] 5 5 1k 1k 1k 256 22 427 203292751 55967744 259260495 130.0
[32, 1, 1] [1, 1, 1] 5 5 1k 1k 1k 256 22 859 109051983 56295424 165347407 130.0
[64, 1, 1] [1, 1, 1] 5 5 1k 1k 1k 256 22 1723 68550735 56459264 125009999 130.0
[128, 1, 1] [1, 1, 1] 5 5 1k 1k 1k 256 22 3451 48529487 56541184 105070671 130.0
[1, 1, 1] [1, 1, 1] 6 4 1k 1k 1k 256 22 22 497025103 46137344 543162447 125.0
[2, 1, 1] [1, 1, 1] 6 4 1k 1k 1k 256 22 49 414187599 51380224 465567823 125.0
[4, 1, 1] [1, 1, 1] 6 4 1k 1k 1k 256 22 103 372768847 54001664 426770511 125.0
[8, 1, 1] [1, 1, 1] 6 4 1k 1k 1k 256 22 211 352059471 55312384 407371855 125.0
[16, 1, 1] [1, 1, 1] 6 4 1k 1k 1k 256 22 427 203292751 55967744 259260495 125.0
[32, 1, 1] [1, 1, 1] 6 4 1k 1k 1k 256 22 859 109051983 56295424 165347407 125.0
[64, 1, 1] [1, 1, 1] 6 4 1k 1k 1k 256 22 1723 68550735 56459264 125009999 125.0
[128, 1, 1] [1, 1, 1] 6 4 1k 1k 1k 256 22 3451 48529487 56541184 105070671 125.0
[2, 1, 1] [2, 1, 1] 2 2 1k 1k 1k 256 51 51 414187599 53477376 467664975 25.0
[4, 1, 1] [2, 1, 1] 2 2 1k 1k 1k 256 51 107 372768847 56098816 428867663 25.0
[8, 1, 1] [2, 1, 1] 2 2 1k 1k 1k 256 51 219 352059471 57409536 409469007 25.0
[16, 1, 1] [2, 1, 1] 2 2 1k 1k 1k 256 51 443 203292751 58064896 261357647 25.0
[32, 1, 1] [2, 1, 1] 2 2 1k 1k 1k 256 51 891 109051983 58392576 167444559 25.0
[64, 1, 1] [2, 1, 1] 2 2 1k 1k 1k 256 51 1787 68550735 58556416 127107151 25.0
[128, 1, 1] [2, 1, 1] 2 2 1k 1k 1k 256 51 3579 48529487 58638336 107167823 25.0
[2, 1, 1] [2, 1, 1] 3 2 1k 1k 1k 256 51 51 414187599 53477376 467664975 35.0
[4, 1, 1] [2, 1, 1] 3 2 1k 1k 1k 256 51 107 372768847 56098816 428867663 35.0
[8, 1, 1] [2, 1, 1] 3 2 1k 1k 1k 256 51 219 352059471 57409536 409469007 35.0
[16, 1, 1] [2, 1, 1] 3 2 1k 1k 1k 256 51 443 203292751 58064896 261357647 35.0
[32, 1, 1] [2, 1, 1] 3 2 1k 1k 1k 256 51 891 109051983 58392576 167444559 35.0
[64, 1, 1] [2, 1, 1] 3 2 1k 1k 1k 256 51 1787 68550735 58556416 127107151 35.0
[128, 1, 1] [2, 1, 1] 3 2 1k 1k 1k 256 51 3579 48529487 58638336 107167823 35.0
[2, 1, 1] [2, 1, 1] 3 3 1k 1k 1k 256 45 45 414187599 47185920 461373519 50.0
[4, 1, 1] [2, 1, 1] 3 3 1k 1k 1k 256 45 95 372768847 49807360 422576207 50.0
[8, 1, 1] [2, 1, 1] 3 3 1k 1k 1k 256 45 195 352059471 51118080 403177551 50.0
[16, 1, 1] [2, 1, 1] 3 3 1k 1k 1k 256 45 395 203292751 51773440 255066191 50.0
[32, 1, 1] [2, 1, 1] 3 3 1k 1k 1k 256 45 795 109051983 52101120 161153103 50.0
[64, 1, 1] [2, 1, 1] 3 3 1k 1k 1k 256 45 1595 68550735 52264960 120815695 50.0
[128, 1, 1] [2, 1, 1] 3 3 1k 1k 1k 256 45 3195 48529487 52346880 100876367 50.0
[2, 1, 1] [2, 1, 1] 4 2 1k 1k 1k 256 51 51 414187599 53477376 467664975 45.0
[4, 1, 1] [2, 1, 1] 4 2 1k 1k 1k 256 51 107 372768847 56098816 428867663 45.0
[8, 1, 1] [2, 1, 1] 4 2 1k 1k 1k 256 51 219 352059471 57409536 409469007 45.0
[16, 1, 1] [2, 1, 1] 4 2 1k 1k 1k 256 51 443 203292751 58064896 261357647 45.0
[32, 1, 1] [2, 1, 1] 4 2 1k 1k 1k 256 51 891 109051983 58392576 167444559 45.0
[64, 1, 1] [2, 1, 1] 4 2 1k 1k 1k 256 51 1787 68550735 58556416 127107151 45.0
[128, 1, 1] [2, 1, 1] 4 2 1k 1k 1k 256 51 3579 48529487 58638336 107167823 45.0
[2, 1, 1] [2, 1, 1] 4 3 1k 1k 1k 256 45 45 414187599 47185920 461373519 65.0
[4, 1, 1] [2, 1, 1] 4 3 1k 1k 1k 256 45 95 372768847 49807360 422576207 65.0
[8, 1, 1] [2, 1, 1] 4 3 1k 1k 1k 256 45 195 352059471 51118080 403177551 65.0
[16, 1, 1] [2, 1, 1] 4 3 1k 1k 1k 256 45 395 203292751 51773440 255066191 65.0
[32, 1, 1] [2, 1, 1] 4 3 1k 1k 1k 256 45 795 109051983 52101120 161153103 65.0
[64, 1, 1] [2, 1, 1] 4 3 1k 1k 1k 256 45 1595 68550735 52264960 120815695 65.0
[128, 1, 1] [2, 1, 1] 4 3 1k 1k 1k 256 45 3195 48529487 52346880 100876367 65.0
[2, 1, 1] [2, 1, 1] 4 4 1k 1k 1k 256 45 45 414187599 47185920 461373519 85.0
[4, 1, 1] [2, 1, 1] 4 4 1k 1k 1k 256 45 95 372768847 49807360 422576207 85.0
[8, 1, 1] [2, 1, 1] 4 4 1k 1k 1k 256 45 195 352059471 51118080 403177551 85.0
[16, 1, 1] [2, 1, 1] 4 4 1k 1k 1k 256 45 395 203292751 51773440 255066191 85.0
[32, 1, 1] [2, 1, 1] 4 4 1k 1k 1k 256 45 795 109051983 52101120 161153103 85.0
[64, 1, 1] [2, 1, 1] 4 4 1k 1k 1k 256 45 1595 68550735 52264960 120815695 85.0
[128, 1, 1] [2, 1, 1] 4 4 1k 1k 1k 256 45 3195 48529487 52346880 100876367 85.0
[2, 1, 1] [2, 1, 1] 5 3 1k 1k 1k 256 45 45 414187599 47185920 461373519 80.0
[4, 1, 1] [2, 1, 1] 5 3 1k 1k 1k 256 45 95 372768847 49807360 422576207 80.0
[8, 1, 1] [2, 1, 1] 5 3 1k 1k 1k 256 45 195 352059471 51118080 403177551 80.0
[16, 1, 1] [2, 1, 1] 5 3 1k 1k 1k 256 45 395 203292751 51773440 255066191 80.0
[32, 1, 1] [2, 1, 1] 5 3 1k 1k 1k 256 45 795 109051983 52101120 161153103 80.0
[64, 1, 1] [2, 1, 1] 5 3 1k 1k 1k 256 45 1595 68550735 52264960 120815695 80.0
[128, 1, 1] [2, 1, 1] 5 3 1k 1k 1k 256 45 3195 48529487 52346880 100876367 80.0
[2, 1, 1] [2, 1, 1] 5 4 1k 1k 1k 256 45 45 414187599 47185920 461373519 105.0
[4, 1, 1] [2, 1, 1] 5 4 1k 1k 1k 256 45 95 372768847 49807360 422576207 105.0
[8, 1, 1] [2, 1, 1] 5 4 1k 1k 1k 256 45 195 352059471 51118080 403177551 105.0
[16, 1, 1] [2, 1, 1] 5 4 1k 1k 1k 256 45 395 203292751 51773440 255066191 105.0
[32, 1, 1] [2, 1, 1] 5 4 1k 1k 1k 256 45 795 109051983 52101120 161153103 105.0
[64, 1, 1] [2, 1, 1] 5 4 1k 1k 1k 256 45 1595 68550735 52264960 120815695 105.0
[128, 1, 1] [2, 1, 1] 5 4 1k 1k 1k 256 45 3195 48529487 52346880 100876367 105.0
[2, 1, 1] [2, 1, 1] 5 5 1k 1k 1k 256 45 45 414187599 47185920 461373519 130.0
[4, 1, 1] [2, 1, 1] 5 5 1k 1k 1k 256 45 95 372768847 49807360 422576207 130.0
[8, 1, 1] [2, 1, 1] 5 5 1k 1k 1k 256 45 195 352059471 51118080 403177551 130.0
[16, 1, 1] [2, 1, 1] 5 5 1k 1k 1k 256 45 395 203292751 51773440 255066191 130.0
[32, 1, 1] [2, 1, 1] 5 5 1k 1k 1k 256 45 795 109051983 52101120 161153103 130.0
[64, 1, 1] [2, 1, 1] 5 5 1k 1k 1k 256 45 1595 68550735 52264960 120815695 130.0
[128, 1, 1] [2, 1, 1] 5 5 1k 1k 1k 256 45 3195 48529487 52346880 100876367 130.0
[2, 1, 1] [2, 1, 1] 6 4 1k 1k 1k 256 45 45 414187599 47185920 461373519 125.0
[4, 1, 1] [2, 1, 1] 6 4 1k 1k 1k 256 45 95 372768847 49807360 422576207 125.0
[8, 1, 1] [2, 1, 1] 6 4 1k 1k 1k 256 45 195 352059471 51118080 403177551 125.0
[16, 1, 1] [2, 1, 1] 6 4 1k 1k 1k 256 45 395 203292751 51773440 255066191 125.0
[32, 1, 1] [2, 1, 1] 6 4 1k 1k 1k 256 45 795 109051983 52101120 161153103 125.0
[64, 1, 1] [2, 1, 1] 6 4 1k 1k 1k 256 45 1595 68550735 52264960 120815695 125.0
[128, 1, 1] [2, 1, 1] 6 4 1k 1k 1k 256 45 3195 48529487 52346880 100876367 125.0
[4, 1, 1] [4, 1, 1] 2 2 1k 1k 1k 256 54 54 372768847 28311552 401080399 25.0
[8, 1, 1] [4, 1, 1] 2 2 1k 1k 1k 256 54 113 352059471 29622272 381681743 25.0
[16, 1, 1] [4, 1, 1] 2 2 1k 1k 1k 256 54 231 203292751 30277632 233570383 25.0
[32, 1, 1] [4, 1, 1] 2 2 1k 1k 1k 256 54 467 109051983 30605312 139657295 25.0
[64, 1, 1] [4, 1, 1] 2 2 1k 1k 1k 256 54 939 68550735 30769152 99319887 25.0
[128, 1, 1] [4, 1, 1] 2 2 1k 1k 1k 256 54 1883 48529487 30851072 79380559 25.0
[4, 1, 1] [4, 1, 1] 3 2 1k 1k 1k 256 61 61 372768847 31981568 404750415 35.0
[8, 1, 1] [4, 1, 1] 3 2 1k 1k 1k 256 61 127 352059471 33292288 385351759 35.0
[16, 1, 1] [4, 1, 1] 3 2 1k 1k 1k 256 61 259 203292751 33947648 237240399 35.0
[32, 1, 1] [4, 1, 1] 3 2 1k 1k 1k 256 61 523 109051983 34275328 143327311 35.0
[64, 1, 1] [4, 1, 1] 3 2 1k 1k 1k 256 61 1051 68550735 34439168 102989903 35.0
[128, 1, 1] [4, 1, 1] 3 2 1k 1k 1k 256 61 2107 48529487 34521088 83050575 35.0
[4, 1, 1] [4, 1, 1] 3 3 1k 1k 1k 256 65 65 372768847 34078720 406847567 50.0
[8, 1, 1] [4, 1, 1] 3 3 1k 1k 1k 256 65 135 352059471 35389440 387448911 50.0
[16, 1, 1] [4, 1, 1] 3 3 1k 1k 1k 256 65 275 203292751 36044800 239337551 50.0
[32, 1, 1] [4, 1, 1] 3 3 1k 1k 1k 256 65 555 109051983 36372480 145424463 50.0
[64, 1, 1] [4, 1, 1] 3 3 1k 1k 1k 256 65 1115 68550735 36536320 105087055 50.0
[128, 1, 1] [4, 1, 1] 3 3 1k 1k 1k 256 65 2235 48529487 36618240 85147727 50.0
[4, 1, 1] [4, 1, 1] 4 2 1k 1k 1k 256 67 67 372768847 35127296 407896143 45.0
[8, 1, 1] [4, 1, 1] 4 2 1k 1k 1k 256 67 139 352059471 36438016 388497487 45.0
[16, 1, 1] [4, 1, 1] 4 2 1k 1k 1k 256 67 283 203292751 37093376 240386127 45.0
[32, 1, 1] [4, 1, 1] 4 2 1k 1k 1k 256 67 571 109051983 37421056 146473039 45.0
[64, 1, 1] [4, 1, 1] 4 2 1k 1k 1k 256 67 1147 68550735 37584896 106135631 45.0
[128, 1, 1] [4, 1, 1] 4 2 1k 1k 1k 256 67 2299 48529487 37666816 86196303 45.0
[4, 1, 1] [4, 1, 1] 4 3 1k 1k 1k 256 65 65 372768847 34078720 406847567 65.0
[8, 1, 1] [4, 1, 1] 4 3 1k 1k 1k 256 65 135 352059471 35389440 387448911 65.0
[16, 1, 1] [4, 1, 1] 4 3 1k 1k 1k 256 65 275 203292751 36044800 239337551 65.0
[32, 1, 1] [4, 1, 1] 4 3 1k 1k 1k 256 65 555 109051983 36372480 145424463 65.0
[64, 1, 1] [4, 1, 1] 4 3 1k 1k 1k 256 65 1115 68550735 36536320 105087055 65.0
[128, 1, 1] [4, 1, 1] 4 3 1k 1k 1k 256 65 2235 48529487 36618240 85147727 65.0
[4, 1, 1] [4, 1, 1] 4 4 1k 1k 1k 256 68 68 372768847 35651584 408420431 85.0
[8, 1, 1] [4, 1, 1] 4 4 1k 1k 1k 256 68 141 352059471 36962304 389021775 85.0
[16, 1, 1] [4, 1, 1] 4 4 1k 1k 1k 256 68 287 203292751 37617664 240910415 85.0
[32, 1, 1] [4, 1, 1] 4 4 1k 1k 1k 256 68 579 109051983 37945344 146997327 85.0
[64, 1, 1] [4, 1, 1] 4 4 1k 1k 1k 256 68 1163 68550735 38109184 106659919 85.0
[128, 1, 1] [4, 1, 1] 4 4 1k 1k 1k 256 68 2331 48529487 38191104 86720591 85.0
[4, 1, 1] [4, 1, 1] 5 3 1k 1k 1k 256 65 65 372768847 34078720 406847567 80.0
[8, 1, 1] [4, 1, 1] 5 3 1k 1k 1k 256 65 135 352059471 35389440 387448911 80.0
[16, 1, 1] [4, 1, 1] 5 3 1k 1k 1k 256 65 275 203292751 36044800 239337551 80.0
[32, 1, 1] [4, 1, 1] 5 3 1k 1k 1k 256 65 555 109051983 36372480 145424463 80.0
[64, 1, 1] [4, 1, 1] 5 3 1k 1k 1k 256 65 1115 68550735 36536320 105087055 80.0
[128, 1, 1] [4, 1, 1] 5 3 1k 1k 1k 256 65 2235 48529487 36618240 85147727 80.0
[4, 1, 1] [4, 1, 1] 5 4 1k 1k 1k 256 68 68 372768847 35651584 408420431 105.0
[8, 1, 1] [4, 1, 1] 5 4 1k 1k 1k 256 68 141 352059471 36962304 389021775 105.0
[16, 1, 1] [4, 1, 1] 5 4 1k 1k 1k 256 68 287 203292751 37617664 240910415 105.0
[32, 1, 1] [4, 1, 1] 5 4 1k 1k 1k 256 68 579 109051983 37945344 146997327 105.0
[64, 1, 1] [4, 1, 1] 5 4 1k 1k 1k 256 68 1163 68550735 38109184 106659919 105.0
[128, 1, 1] [4, 1, 1] 5 4 1k 1k 1k 256 68 2331 48529487 38191104 86720591 105.0
[4, 1, 1] [4, 1, 1] 5 5 1k 1k 1k 256 73 73 372768847 38273024 411041871 130.0
[8, 1, 1] [4, 1, 1] 5 5 1k 1k 1k 256 73 151 352059471 39583744 391643215 130.0
[16, 1, 1] [4, 1, 1] 5 5 1k 1k 1k 256 73 307 203292751 40239104 243531855 130.0
[32, 1, 1] [4, 1, 1] 5 5 1k 1k 1k 256 73 619 109051983 40566784 149618767 130.0
[64, 1, 1] [4, 1, 1] 5 5 1k 1k 1k 256 73 1243 68550735 40730624 109281359 130.0
[128, 1, 1] [4, 1, 1] 5 5 1k 1k 1k 256 73 2491 48529487 40812544 89342031 130.0
[4, 1, 1] [4, 1, 1] 6 4 1k 1k 1k 256 68 68 372768847 35651584 408420431 125.0
[8, 1, 1] [4, 1, 1] 6 4 1k 1k 1k 256 68 141 352059471 36962304 389021775 125.0
[16, 1, 1] [4, 1, 1] 6 4 1k 1k 1k 256 68 287 203292751 37617664 240910415 125.0
[32, 1, 1] [4, 1, 1] 6 4 1k 1k 1k 256 68 579 109051983 37945344 146997327 125.0
[64, 1, 1] [4, 1, 1] 6 4 1k 1k 1k 256 68 1163 68550735 38109184 106659919 125.0
[128, 1, 1] [4, 1, 1] 6 4 1k 1k 1k 256 68 2331 48529487 38191104 86720591 125.0
[8, 1, 1] [8, 1, 1] 2 2 1k 1k 1k 256 76 76 352059471 19922944 371982415 25.0
[16, 1, 1] [8, 1, 1] 2 2 1k 1k 1k 256 76 157 203292751 20578304 223871055 25.0
[32, 1, 1] [8, 1, 1] 2 2 1k 1k 1k 256 76 319 109051983 20905984 129957967 25.0
[64, 1, 1] [8, 1, 1] 2 2 1k 1k 1k 256 76 643 68550735 21069824 89620559 25.0
[128, 1, 1] [8, 1, 1] 2 2 1k 1k 1k 256 76 1291 48529487 21151744 69681231 25.0
[8, 1, 1] [8, 1, 1] 3 2 1k 1k 1k 256 77 77 352059471 20185088 372244559 35.0
[16, 1, 1] [8, 1, 1] 3 2 1k 1k 1k 256 77 159 203292751 20840448 224133199 35.0
[32, 1, 1] [8, 1, 1] 3 2 1k 1k 1k 256 77 323 109051983 21168128 130220111 35.0
[64, 1, 1] [8, 1, 1] 3 2 1k 1k 1k 256 77 651 68550735 21331968 89882703 35.0
[128, 1, 1] [8, 1, 1] 3 2 1k 1k 1k 256 77 1307 48529487 21413888 69943375 35.0
[8, 1, 1] [8, 1, 1] 3 3 1k 1k 1k 256 69 69 352059471 18087936 370147407 50.0
[16, 1, 1] [8, 1, 1] 3 3 1k 1k 1k 256 69 143 203292751 18743296 222036047 50.0
[32, 1, 1] [8, 1, 1] 3 3 1k 1k 1k 256 69 291 109051983 19070976 128122959 50.0
[64, 1, 1] [8, 1, 1] 3 3 1k 1k 1k 256 69 587 68550735 19234816 87785551 50.0
[128, 1, 1] [8, 1, 1] 3 3 1k 1k 1k 256 69 1179 48529487 19316736 67846223 50.0
[8, 1, 1] [8, 1, 1] 4 2 1k 1k 1k 256 78 78 352059471 20447232 372506703 45.0
[16, 1, 1] [8, 1, 1] 4 2 1k 1k 1k 256 78 161 203292751 21102592 224395343 45.0
[32, 1, 1] [8, 1, 1] 4 2 1k 1k 1k 256 78 327 109051983 21430272 130482255 45.0
[64, 1, 1] [8, 1, 1] 4 2 1k 1k 1k 256 78 659 68550735 21594112 90144847 45.0
[128, 1, 1] [8, 1, 1] 4 2 1k 1k 1k 256 78 1323 48529487 21676032 70205519 45.0
[8, 1, 1] [8, 1, 1] 4 3 1k 1k 1k 256 78 78 352059471 20447232 372506703 65.0
[16, 1, 1] [8, 1, 1] 4 3 1k 1k 1k 256 78 161 203292751 21102592 224395343 65.0
[32, 1, 1] [8, 1, 1] 4 3 1k 1k 1k 256 78 327 109051983 21430272 130482255 65.0
[64, 1, 1] [8, 1, 1] 4 3 1k 1k 1k 256 78 659 68550735 21594112 90144847 65.0
[128, 1, 1] [8, 1, 1] 4 3 1k 1k 1k 256 78 1323 48529487 21676032 70205519 65.0
[8, 1, 1] [8, 1, 1] 4 4 1k 1k 1k 256 88 88 352059471 23068672 375128143 85.0
[16, 1, 1] [8, 1, 1] 4 4 1k 1k 1k 256 88 181 203292751 23724032 227016783 85.0
[32, 1, 1] [8, 1, 1] 4 4 1k 1k 1k 256 88 367 109051983 24051712 133103695 85.0
[64, 1, 1] [8, 1, 1] 4 4 1k 1k 1k 256 88 739 68550735 24215552 92766287 85.0
[128, 1, 1] [8, 1, 1] 4 4 1k 1k 1k 256 88 1483 48529487 24297472 72826959 85.0
[8, 1, 1] [8, 1, 1] 5 3 1k 1k 1k 256 81 81 352059471 21233664 373293135 80.0
[16, 1, 1] [8, 1, 1] 5 3 1k 1k 1k 256 81 167 203292751 21889024 225181775 80.0
[32, 1, 1] [8, 1, 1] 5 3 1k 1k 1k 256 81 339 109051983 22216704 131268687 80.0
[64, 1, 1] [8, 1, 1] 5 3 1k 1k 1k 256 81 683 68550735 22380544 90931279 80.0
[128, 1, 1] [8, 1, 1] 5 3 1k 1k 1k 256 81 1371 48529487 22462464 70991951 80.0
[8, 1, 1] [8, 1, 1] 5 4 1k 1k 1k 256 88 88 352059471 23068672 375128143 105.0
[16, 1, 1] [8, 1, 1] 5 4 1k 1k 1k 256 88 181 203292751 23724032 227016783 105.0
[32, 1, 1] [8, 1, 1] 5 4 1k 1k 1k 256 88 367 109051983 24051712 133103695 105.0
[64, 1, 1] [8, 1, 1] 5 4 1k 1k 1k 256 88 739 68550735 24215552 92766287 105.0
[128, 1, 1] [8, 1, 1] 5 4 1k 1k 1k 256 88 1483 48529487 24297472 72826959 105.0
[8, 1, 1] [8, 1, 1] 5 5 1k 1k 1k 256 84 84 352059471 22020096 374079567 130.0
[16, 1, 1] [8, 1, 1] 5 5 1k 1k 1k 256 84 173 203292751 22675456 225968207 130.0
[32, 1, 1] [8, 1, 1] 5 5 1k 1k 1k 256 84 351 109051983 23003136 132055119 130.0
[64, 1, 1] [8, 1, 1] 5 5 1k 1k 1k 256 84 707 68550735 23166976 91717711 130.0
[128, 1, 1] [8, 1, 1] 5 5 1k 1k 1k 256 84 1419 48529487 23248896 71778383 130.0
[8, 1, 1] [8, 1, 1] 6 4 1k 1k 1k 256 88 88 352059471 23068672 375128143 125.0
[16, 1, 1] [8, 1, 1] 6 4 1k 1k 1k 256 88 181 203292751 23724032 227016783 125.0
[32, 1, 1] [8, 1, 1] 6 4 1k 1k 1k 256 88 367 109051983 24051712 133103695 125.0
[64, 1, 1] [8, 1, 1] 6 4 1k 1k 1k 256 88 739 68550735 24215552 92766287 125.0
[128, 1, 1] [8, 1, 1] 6 4 1k 1k 1k 256 88 1483 48529487 24297472 72826959 125.0
[16, 1, 1] [16, 1, 1] 2 2 1k 1k 1k 256 107 107 203292751 14024704 217317455 25.0
[32, 1, 1] [16, 1, 1] 2 2 1k 1k 1k 256 107 219 109051983 14352384 123404367 25.0
[64, 1, 1] [16, 1, 1] 2 2 1k 1k 1k 256 107 443 68550735 14516224 83066959 25.0
[128, 1, 1] [16, 1, 1] 2 2 1k 1k 1k 256 107 891 48529487 14598144 63127631 25.0
[16, 1, 1] [16, 1, 1] 3 2 1k 1k 1k 256 103 103 203292751 13500416 216793167 35.0
[32, 1, 1] [16, 1, 1] 3 2 1k 1k 1k 256 103 211 109051983 13828096 122880079 35.0
[64, 1, 1] [16, 1, 1] 3 2 1k 1k 1k 256 103 427 68550735 13991936 82542671 35.0
[128, 1, 1] [16, 1, 1] 3 2 1k 1k 1k 256 103 859 48529487 14073856 62603343 35.0
[16, 1, 1] [16, 1, 1] 3 3 1k 1k 1k 256 106 106 203292751 13893632 217186383 50.0
[32, 1, 1] [16, 1, 1] 3 3 1k 1k 1k 256 106 217 109051983 14221312 123273295 50.0
[64, 1, 1] [16, 1, 1] 3 3 1k 1k 1k 256 106 439 68550735 14385152 82935887 50.0
[128, 1, 1] [16, 1, 1] 3 3 1k 1k 1k 256 106 883 48529487 14467072 62996559 50.0
[16, 1, 1] [16, 1, 1] 4 2 1k 1k 1k 256 103 103 203292751 13500416 216793167 45.0
[32, 1, 1] [16, 1, 1] 4 2 1k 1k 1k 256 103 211 109051983 13828096 122880079 45.0
[64, 1, 1] [16, 1, 1] 4 2 1k 1k 1k 256 103 427 68550735 13991936 82542671 45.0
[128, 1, 1] [16, 1, 1] 4 2 1k 1k 1k 256 103 859 48529487 14073856 62603343 45.0
[16, 1, 1] [16, 1, 1] 4 3 1k 1k 1k 256 103 103 203292751 13500416 216793167 65.0
[32, 1, 1] [16, 1, 1] 4 3 1k 1k 1k 256 103 211 109051983 13828096 122880079 65.0
[64, 1, 1] [16, 1, 1] 4 3 1k 1k 1k 256 103 427 68550735 13991936 82542671 65.0
[128, 1, 1] [16, 1, 1] 4 3 1k 1k 1k 256 103 859 48529487 14073856 62603343 65.0
[16, 1, 1] [16, 1, 1] 4 4 1k 1k 1k 256 109 109 203292751 14286848 217579599 85.0
[32, 1, 1] [16, 1, 1] 4 4 1k 1k 1k 256 109 223 109051983 14614528 123666511 85.0
[64, 1, 1] [16, 1, 1] 4 4 1k 1k 1k 256 109 451 68550735 14778368 83329103 85.0
[128, 1, 1] [16, 1, 1] 4 4 1k 1k 1k 256 109 907 48529487 14860288 63389775 85.0
[16, 1, 1] [16, 1, 1] 5 3 1k 1k 1k 256 114 114 203292751 14942208 218234959 80.0
[32, 1, 1] [16, 1, 1] 5 3 1k 1k 1k 256 114 233 109051983 15269888 124321871 80.0
[64, 1, 1] [16, 1, 1] 5 3 1k 1k 1k 256 114 471 68550735 15433728 83984463 80.0
[128, 1, 1] [16, 1, 1] 5 3 1k 1k 1k 256 114 947 48529487 15515648 64045135 80.0
[16, 1, 1] [16, 1, 1] 5 4 1k 1k 1k 256 116 116 203292751 15204352 218497103 105.0
[32, 1, 1] [16, 1, 1] 5 4 1k 1k 1k 256 116 237 109051983 15532032 124584015 105.0
[64, 1, 1] [16, 1, 1] 5 4 1k 1k 1k 256 116 479 68550735 15695872 84246607 105.0
[128, 1, 1] [16, 1, 1] 5 4 1k 1k 1k 256 116 963 48529487 15777792 64307279 105.0
[16, 1, 1] [16, 1, 1] 5 5 1k 1k 1k 256 117 117 203292751 15335424 218628175 130.0
[32, 1, 1] [16, 1, 1] 5 5 1k 1k 1k 256 117 239 109051983 15663104 124715087 130.0
[64, 1, 1] [16, 1, 1] 5 5 1k 1k 1k 256 117 483 68550735 15826944 84377679 130.0
[128, 1, 1] [16, 1, 1] 5 5 1k 1k 1k 256 117 971 48529487 15908864 64438351 130.0
[16, 1, 1] [16, 1, 1] 6 4 1k 1k 1k 256 114 114 203292751 14942208 218234959 125.0
[32, 1, 1] [16, 1, 1] 6 4 1k 1k 1k 256 114 233 109051983 15269888 124321871 125.0
[64, 1, 1] [16, 1, 1] 6 4 1k 1k 1k 256 114 471 68550735 15433728 83984463 125.0
[128, 1, 1] [16, 1, 1] 6 4 1k 1k 1k 256 114 947 48529487 15515648 64045135 125.0
[32, 1, 1] [32, 1, 1] 2 2 1k 1k 1k 256 147 147 109051983 9633792 118685775 25.0
[64, 1, 1] [32, 1, 1] 2 2 1k 1k 1k 256 147 299 68550735 9797632 78348367 25.0
[128, 1, 1] [32, 1, 1] 2 2 1k 1k 1k 256 147 603 48529487 9879552 58409039 25.0
[32, 1, 1] [32, 1, 1] 3 2 1k 1k 1k 256 136 136 109051983 8912896 117964879 35.0
[64, 1, 1] [32, 1, 1] 3 2 1k 1k 1k 256 136 277 68550735 9076736 77627471 35.0
[128, 1, 1] [32, 1, 1] 3 2 1k 1k 1k 256 136 559 48529487 9158656 57688143 35.0
[32, 1, 1] [32, 1, 1] 3 3 1k 1k 1k 256 142 142 109051983 9306112 118358095 50.0
[64, 1, 1] [32, 1, 1] 3 3 1k 1k 1k 256 142 289 68550735 9469952 78020687 50.0
[128, 1, 1] [32, 1, 1] 3 3 1k 1k 1k 256 142 583 48529487 9551872 58081359 50.0
[32, 1, 1] [32, 1, 1] 4 2 1k 1k 1k 256 148 148 109051983 9699328 118751311 45.0
[64, 1, 1] [32, 1, 1] 4 2 1k 1k 1k 256 148 301 68550735 9863168 78413903 45.0
[128, 1, 1] [32, 1, 1] 4 2 1k 1k 1k 256 148 607 48529487 9945088 58474575 45.0
[32, 1, 1] [32, 1, 1] 4 3 1k 1k 1k 256 145 145 109051983 9502720 118554703 65.0
[64, 1, 1] [32, 1, 1] 4 3 1k 1k 1k 256 145 295 68550735 9666560 78217295 65.0
[128, 1, 1] [32, 1, 1] 4 3 1k 1k 1k 256 145 595 48529487 9748480 58277967 65.0
[32, 1, 1] [32, 1, 1] 4 4 1k 1k 1k 256 162 162 109051983 10616832 119668815 85.0
[64, 1, 1] [32, 1, 1] 4 4 1k 1k 1k 256 162 329 68550735 10780672 79331407 85.0
[128, 1, 1] [32, 1, 1] 4 4 1k 1k 1k 256 162 663 48529487 10862592 59392079 85.0
[32, 1, 1] [32, 1, 1] 5 3 1k 1k 1k 256 150 150 109051983 9830400 118882383 80.0
[64, 1, 1] [32, 1, 1] 5 3 1k 1k 1k 256 150 305 68550735 9994240 78544975 80.0
[128, 1, 1] [32, 1, 1] 5 3 1k 1k 1k 256 150 615 48529487 10076160 58605647 80.0
[32, 1, 1] [32, 1, 1] 5 4 1k 1k 1k 256 163 163 109051983 10682368 119734351 105.0
[64, 1, 1] [32, 1, 1] 5 4 1k 1k 1k 256 163 331 68550735 10846208 79396943 105.0
[128, 1, 1] [32, 1, 1] 5 4 1k 1k 1k 256 163 667 48529487 10928128 59457615 105.0
[32, 1, 1] [32, 1, 1] 5 5 1k 1k 1k 256 157 157 109051983 10289152 119341135 130.0
[64, 1, 1] [32, 1, 1] 5 5 1k 1k 1k 256 157 319 68550735 10452992 79003727 130.0
[128, 1, 1] [32, 1, 1] 5 5 1k 1k 1k 256 157 643 48529487 10534912 59064399 130.0
[32, 1, 1] [32, 1, 1] 6 4 1k 1k 1k 256 162 162 109051983 10616832 119668815 125.0
[64, 1, 1] [32, 1, 1] 6 4 1k 1k 1k 256 162 329 68550735 10780672 79331407 125.0
[128, 1, 1] [32, 1, 1] 6 4 1k 1k 1k 256 162 663 48529487 10862592 59392079 125.0
[64, 1, 1] [64, 1, 1] 2 2 1k 1k 1k 256 235 235 68550735 7700480 76251215 25.0
[128, 1, 1] [64, 1, 1] 2 2 1k 1k 1k 256 235 475 48529487 7782400 56311887 25.0
[64, 1, 1] [64, 1, 1] 3 2 1k 1k 1k 256 219 219 68550735 7176192 75726927 35.0
[128, 1, 1] [64, 1, 1] 3 2 1k 1k 1k 256 219 443 48529487 7258112 55787599 35.0
[64, 1, 1] [64, 1, 1] 3 3 1k 1k 1k 256 220 220 68550735 7208960 75759695 50.0
[128, 1, 1] [64, 1, 1] 3 3 1k 1k 1k 256 220 445 48529487 7290880 55820367 50.0
[64, 1, 1] [64, 1, 1] 4 2 1k 1k 1k 256 219 219 68550735 7176192 75726927 45.0
[128, 1, 1] [64, 1, 1] 4 2 1k 1k 1k 256 219 443 48529487 7258112 55787599 45.0
[64, 1, 1] [64, 1, 1] 4 3 1k 1k 1k 256 221 221 68550735 7241728 75792463 65.0
[128, 1, 1] [64, 1, 1] 4 3 1k 1k 1k 256 221 447 48529487 7323648 55853135 65.0
[64, 1, 1] [64, 1, 1] 4 4 1k 1k 1k 256 225 225 68550735 7372800 75923535 85.0
[128, 1, 1] [64, 1, 1] 4 4 1k 1k 1k 256 225 455 48529487 7454720 55984207 85.0
[64, 1, 1] [64, 1, 1] 5 3 1k 1k 1k 256 224 224 68550735 7340032 75890767 80.0
[128, 1, 1] [64, 1, 1] 5 3 1k 1k 1k 256 224 453 48529487 7421952 55951439 80.0
[64, 1, 1] [64, 1, 1] 5 4 1k 1k 1k 256 235 235 68550735 7700480 76251215 105.0
[128, 1, 1] [64, 1, 1] 5 4 1k 1k 1k 256 235 475 48529487 7782400 56311887 105.0
[64, 1, 1] [64, 1, 1] 5 5 1k 1k 1k 256 234 234 68550735 7667712 76218447 130.0
[128, 1, 1] [64, 1, 1] 5 5 1k 1k 1k 256 234 473 48529487 7749632 56279119 130.0
[64, 1, 1] [64, 1, 1] 6 4 1k 1k 1k 256 246 246 68550735 8060928 76611663 125.0
[128, 1, 1] [64, 1, 1] 6 4 1k 1k 1k 256 246 497 48529487 8142848 56672335 125.0
[128, 1, 1] [128, 1, 1] 2 2 1k 1k 1k 256 403 403 48529487 6602752 55132239 25.0
[128, 1, 1] [128, 1, 1] 3 2 1k 1k 1k 256 395 395 48529487 6471680 55001167 35.0
[128, 1, 1] [128, 1, 1] 3 3 1k 1k 1k 256 373 373 48529487 6111232 54640719 50.0
[128, 1, 1] [128, 1, 1] 4 2 1k 1k 1k 256 375 375 48529487 6144000 54673487 45.0
[128, 1, 1] [128, 1, 1] 4 3 1k 1k 1k 256 375 375 48529487 6144000 54673487 65.0
[128, 1, 1] [128, 1, 1] 4 4 1k 1k 1k 256 367 367 48529487 6012928 54542415 85.0
[128, 1, 1] [128, 1, 1] 5 3 1k 1k 1k 256 366 366 48529487 5996544 54526031 80.0
[128, 1, 1] [128, 1, 1] 5 4 1k 1k 1k 256 384 384 48529487 6291456 54820943 105.0
[128, 1, 1] [128, 1, 1] 5 5 1k 1k 1k 256 368 368 48529487 6029312 54558799 130.0
[128, 1, 1] [128, 1, 1] 6 4 1k 1k 1k 256 373 373 48529487 6111232 54640719 125.0
[128, 2, 1] [128, 2, 1] 2 2 1k 1k 1k 256 551 551 24913891 4513792 29427683 25.0
[128, 4, 1] [128, 2, 1] 2 2 1k 1k 1k 256 551 1107 26462179 4534272 30996451 25.0
[128, 8, 1] [128, 2, 1] 2 2 2k 1k 1k 256 551 2219 26462179 4544512 31006691 26.5
[128, 16, 1] [128, 2, 1] 2 2 4k 1k 1k 256 551 4443 26462179 4549632 31011811 29.5
[128, 32, 1] [128, 2, 1] 2 2 6k 1k 1k 256 551 8891 25921507 4552192 30473699 32.5
[128, 64, 1] [128, 2, 1] 2 2 0k 1k 1k 256 551 17787 25573603 4553472 30127075 23.5
[128, 128, 1] [128, 2, 1] 2 2 0k 1k 1k 256 551 35579 25425507 4554112 29979619 25.5
[128, 2, 1] [128, 2, 1] 3 2 1k 1k 1k 256 543 543 24913891 4448256 29362147 35.0
[128, 4, 1] [128, 2, 1] 3 2 1k 1k 1k 256 543 1091 26462179 4468736 30930915 35.0
[128, 8, 1] [128, 2, 1] 3 2 2k 1k 1k 256 543 2187 26462179 4478976 30941155 36.5
[128, 16, 1] [128, 2, 1] 3 2 4k 1k 1k 256 543 4379 26462179 4484096 30946275 39.5
[128, 32, 1] [128, 2, 1] 3 2 6k 1k 1k 256 543 8763 25921507 4486656 30408163 42.5
[128, 64, 1] [128, 2, 1] 3 2 0k 1k 1k 256 543 17531 25573603 4487936 30061539 33.5
[128, 128, 1] [128, 2, 1] 3 2 0k 1k 1k 256 543 35067 25425507 4488576 29914083 35.5
[128, 2, 1] [128, 2, 1] 3 3 1k 1k 1k 256 517 517 24913891 4235264 29149155 50.0
[128, 4, 1] [128, 2, 1] 3 3 1k 1k 1k 256 517 1039 26462179 4255744 30717923 50.0
[128, 8, 1] [128, 2, 1] 3 3 2k 1k 1k 256 517 2083 26462179 4265984 30728163 51.5
[128, 16, 1] [128, 2, 1] 3 3 4k 1k 1k 256 517 4171 26462179 4271104 30733283 54.5
[128, 32, 1] [128, 2, 1] 3 3 6k 1k 1k 256 517 8347 25921507 4273664 30195171 57.5
[128, 64, 1] [128, 2, 1] 3 3 0k 1k 1k 256 517 16699 25573603 4274944 29848547 48.5
[128, 128, 1] [128, 2, 1] 3 3 0k 1k 1k 256 517 33403 25425507 4275584 29701091 50.5
[128, 2, 1] [128, 2, 1] 4 2 1k 1k 1k 256 516 516 24913891 4227072 29140963 45.0
[128, 4, 1] [128, 2, 1] 4 2 1k 1k 1k 256 516 1037 26462179 4247552 30709731 45.0
[128, 8, 1] [128, 2, 1] 4 2 2k 1k 1k 256 516 2079 26462179 4257792 30719971 46.5
[128, 16, 1] [128, 2, 1] 4 2 4k 1k 1k 256 516 4163 26462179 4262912 30725091 49.5
[128, 32, 1] [128, 2, 1] 4 2 6k 1k 1k 256 516 8331 25921507 4265472 30186979 52.5
[128, 64, 1] [128, 2, 1] 4 2 0k 1k 1k 256 516 16667 25573603 4266752 29840355 43.5
[128, 128, 1] [128, 2, 1] 4 2 0k 1k 1k 256 516 33339 25425507 4267392 29692899 45.5
[128, 2, 1] [128, 2, 1] 4 3 1k 1k 1k 256 504 504 24913891 4128768 29042659 65.0
[128, 4, 1] [128, 2, 1] 4 3 1k 1k 1k 256 504 1013 26462179 4149248 30611427 65.0
[128, 8, 1] [128, 2, 1] 4 3 2k 1k 1k 256 504 2031 26462179 4159488 30621667 66.5
[128, 16, 1] [128, 2, 1] 4 3 4k 1k 1k 256 504 4067 26462179 4164608 30626787 69.5
[128, 32, 1] [128, 2, 1] 4 3 6k 1k 1k 256 504 8139 25921507 4167168 30088675 72.5
[128, 64, 1] [128, 2, 1] 4 3 0k 1k 1k 256 504 16283 25573603 4168448 29742051 63.5
[128, 128, 1] [128, 2, 1] 4 3 0k 1k 1k 256 504 32571 25425507 4169088 29594595 63.5
[128, 2, 1] [128, 2, 1] 4 4 1k 1k 1k 256 514 514 24913891 4210688 29124579 85.0
[128, 4, 1] [128, 2, 1] 4 4 1k 1k 1k 256 514 1033 26462179 4231168 30693347 85.0
[128, 8, 1] [128, 2, 1] 4 4 2k 1k 1k 256 514 2071 26462179 4241408 30703587 86.5
[128, 16, 1] [128, 2, 1] 4 4 4k 1k 1k 256 514 4147 26462179 4246528 30708707 89.5
[128, 32, 1] [128, 2, 1] 4 4 6k 1k 1k 256 514 8299 25921507 4249088 30170595 92.5
[128, 64, 1] [128, 2, 1] 4 4 0k 1k 1k 256 514 16603 25573603 4250368 29823971 83.5
[128, 128, 1] [128, 2, 1] 4 4 0k 1k 1k 256 514 33211 25425507 4251008 29676515 85.5
[128, 2, 1] [128, 2, 1] 5 3 1k 1k 1k 256 506 506 24913891 4145152 29059043 80.0
[128, 4, 1] [128, 2, 1] 5 3 1k 1k 1k 256 506 1017 26462179 4165632 30627811 80.0
[128, 8, 1] [128, 2, 1] 5 3 2k 1k 1k 256 506 2039 26462179 4175872 30638051 81.5
[128, 16, 1] [128, 2, 1] 5 3 4k 1k 1k 256 506 4083 26462179 4180992 30643171 84.5
[128, 32, 1] [128, 2, 1] 5 3 6k 1k 1k 256 506 8171 25921507 4183552 30105059 87.5
[128, 64, 1] [128, 2, 1] 5 3 0k 1k 1k 256 506 16347 25573603 4184832 29758435 78.5
[128, 128, 1] [128, 2, 1] 5 3 0k 1k 1k 256 506 32699 25425507 4185472 29610979 78.5
[128, 2, 1] [128, 2, 1] 5 4 1k 1k 1k 256 516 516 24913891 4227072 29140963 105.0
[128, 4, 1] [128, 2, 1] 5 4 1k 1k 1k 256 516 1037 26462179 4247552 30709731 105.0
[128, 8, 1] [128, 2, 1] 5 4 2k 1k 1k 256 516 2079 26462179 4257792 30719971 106.5
[128, 16, 1] [128, 2, 1] 5 4 4k 1k 1k 256 516 4163 26462179 4262912 30725091 109.5
[128, 32, 1] [128, 2, 1] 5 4 6k 1k 1k 256 516 8331 25921507 4265472 30186979 112.5
[128, 64, 1] [128, 2, 1] 5 4 0k 1k 1k 256 516 16667 25573603 4266752 29840355 103.5
[128, 128, 1] [128, 2, 1] 5 4 0k 1k 1k 256 516 33339 25425507 4267392 29692899 105.5
[128, 2, 1] [128, 2, 1] 5 5 1k 1k 1k 256 504 504 24913891 4128768 29042659 130.0
[128, 4, 1] [128, 2, 1] 5 5 1k 1k 1k 256 504 1013 26462179 4149248 30611427 130.0
[128, 8, 1] [128, 2, 1] 5 5 2k 1k 1k 256 504 2031 26462179 4159488 30621667 131.5
[128, 16, 1] [128, 2, 1] 5 5 4k 1k 1k 256 504 4067 26462179 4164608 30626787 134.5
[128, 32, 1] [128, 2, 1] 5 5 6k 1k 1k 256 504 8139 25921507 4167168 30088675 137.5
[128, 64, 1] [128, 2, 1] 5 5 0k 1k 1k 256 504 16283 25573603 4168448 29742051 128.5
[128, 128, 1] [128, 2, 1] 5 5 0k 1k 1k 256 504 32571 25425507 4169088 29594595 128.5
[128, 2, 1] [128, 2, 1] 6 4 1k 1k 1k 256 518 518 24913891 4243456 29157347 125.0
[128, 4, 1] [128, 2, 1] 6 4 1k 1k 1k 256 518 1041 26462179 4263936 30726115 125.0
[128, 8, 1] [128, 2, 1] 6 4 2k 1k 1k 256 518 2087 26462179 4274176 30736355 126.5
[128, 16, 1] [128, 2, 1] 6 4 4k 1k 1k 256 518 4179 26462179 4279296 30741475 129.5
[128, 32, 1] [128, 2, 1] 6 4 6k 1k 1k 256 518 8363 25921507 4281856 30203363 132.5
[128, 64, 1] [128, 2, 1] 6 4 0k 1k 1k 256 518 16731 25573603 4283136 29856739 123.5
[128, 128, 1] [128, 2, 1] 6 4 0k 1k 1k 256 518 33467 25425507 4283776 29709283 125.5
[128, 4, 1] [128, 4, 1] 2 2 1k 1k 1k 256 903 903 26462179 3698688 30160867 25.0
[128, 8, 1] [128, 4, 1] 2 2 2k 1k 1k 256 903 1811 26462179 3708928 30171107 26.5
[128, 16, 1] [128, 4, 1] 2 2 4k 1k 1k 256 903 3627 26462179 3714048 30176227 29.5
[128, 32, 1] [128, 4, 1] 2 2 6k 1k 1k 256 903 7259 25921507 3716608 29638115 32.5
[128, 64, 1] [128, 4, 1] 2 2 0k 1k 1k 256 903 14523 25573603 3717888 29291491 23.5
[128, 128, 1] [128, 4, 1] 2 2 0k 1k 1k 256 903 29051 25425507 3718528 29144035 23.5
[128, 4, 1] [128, 4, 1] 3 2 1k 1k 1k 256 838 838 26462179 3432448 29894627 35.0
[128, 8, 1] [128, 4, 1] 3 2 2k 1k 1k 256 838 1681 26462179 3442688 29904867 36.5
[128, 16, 1] [128, 4, 1] 3 2 4k 1k 1k 256 838 3367 26462179 3447808 29909987 39.5
[128, 32, 1] [128, 4, 1] 3 2 6k 1k 1k 256 838 6739 25921507 3450368 29371875 42.5
[128, 64, 1] [128, 4, 1] 3 2 0k 1k 1k 256 838 13483 25573603 3451648 29025251 33.5
[128, 128, 1] [128, 4, 1] 3 2 0k 1k 1k 256 838 26971 25425507 3452288 28877795 33.5
[128, 4, 1] [128, 4, 1] 3 3 1k 1k 1k 256 818 818 26462179 3350528 29812707 50.0
[128, 8, 1] [128, 4, 1] 3 3 2k 1k 1k 256 818 1641 26462179 3360768 29822947 51.5
[128, 16, 1] [128, 4, 1] 3 3 4k 1k 1k 256 818 3287 26462179 3365888 29828067 54.5
[128, 32, 1] [128, 4, 1] 3 3 6k 1k 1k 256 818 6579 25921507 3368448 29289955 57.5
[128, 64, 1] [128, 4, 1] 3 3 0k 1k 1k 256 818 13163 25573603 3369728 28943331 48.5
[128, 128, 1] [128, 4, 1] 3 3 0k 1k 1k 256 818 26331 25425507 3370368 28795875 48.5
[128, 4, 1] [128, 4, 1] 4 2 1k 1k 1k 256 841 841 26462179 3444736 29906915 45.0
[128, 8, 1] [128, 4, 1] 4 2 2k 1k 1k 256 841 1687 26462179 3454976 29917155 46.5
[128, 16, 1] [128, 4, 1] 4 2 4k 1k 1k 256 841 3379 26462179 3460096 29922275 49.5
[128, 32, 1] [128, 4, 1] 4 2 6k 1k 1k 256 841 6763 25921507 3462656 29384163 52.5
[128, 64, 1] [128, 4, 1] 4 2 0k 1k 1k 256 841 13531 25573603 3463936 29037539 43.5
[128, 128, 1] [128, 4, 1] 4 2 0k 1k 1k 256 841 27067 25425507 3464576 28890083 43.5
[128, 4, 1] [128, 4, 1] 4 3 1k 1k 1k 256 791 791 26462179 3239936 29702115 65.0
[128, 8, 1] [128, 4, 1] 4 3 2k 1k 1k 256 791 1587 26462179 3250176 29712355 66.5
[128, 16, 1] [128, 4, 1] 4 3 4k 1k 1k 256 791 3179 26462179 3255296 29717475 69.5
[128, 32, 1] [128, 4, 1] 4 3 6k 1k 1k 256 791 6363 25921507 3257856 29179363 72.5
[128, 64, 1] [128, 4, 1] 4 3 0k 1k 1k 256 791 12731 25573603 3259136 28832739 63.5
[128, 128, 1] [128, 4, 1] 4 3 0k 1k 1k 256 791 25467 25425507 3259776 28685283 63.5
[128, 4, 1] [128, 4, 1] 4 4 1k 1k 1k 256 791 791 26462179 3239936 29702115 85.0
[128, 8, 1] [128, 4, 1] 4 4 2k 1k 1k 256 791 1587 26462179 3250176 29712355 86.5
[128, 16, 1] [128, 4, 1] 4 4 4k 1k 1k 256 791 3179 26462179 3255296 29717475 89.5
[128, 32, 1] [128, 4, 1] 4 4 6k 1k 1k 256 791 6363 25921507 3257856 29179363 92.5
[128, 64, 1] [128, 4, 1] 4 4 0k 1k 1k 256 791 12731 25573603 3259136 28832739 83.5
[128, 128, 1] [128, 4, 1] 4 4 0k 1k 1k 256 791 25467 25425507 3259776 28685283 83.5
[128, 4, 1] [128, 4, 1] 5 3 1k 1k 1k 256 803 803 26462179 3289088 29751267 80.0
[128, 8, 1] [128, 4, 1] 5 3 2k 1k 1k 256 803 1611 26462179 3299328 29761507 81.5
[128, 16, 1] [128, 4, 1] 5 3 4k 1k 1k 256 803 3227 26462179 3304448 29766627 84.5
[128, 32, 1] [128, 4, 1] 5 3 6k 1k 1k 256 803 6459 25921507 3307008 29228515 87.5
[128, 64, 1] [128, 4, 1] 5 3 0k 1k 1k 256 803 12923 25573603 3308288 28881891 78.5
[128, 128, 1] [128, 4, 1] 5 3 0k 1k 1k 256 803 25851 25425507 3308928 28734435 78.5
[128, 4, 1] [128, 4, 1] 5 4 1k 1k 1k 256 785 785 26462179 3215360 29677539 105.0
[128, 8, 1] [128, 4, 1] 5 4 2k 1k 1k 256 785 1575 26462179 3225600 29687779 106.5
[128, 16, 1] [128, 4, 1] 5 4 4k 1k 1k 256 785 3155 26462179 3230720 29692899 109.5
[128, 32, 1] [128, 4, 1] 5 4 6k 1k 1k 256 785 6315 25921507 3233280 29154787 112.5
[128, 64, 1] [128, 4, 1] 5 4 0k 1k 1k 256 785 12635 25573603 3234560 28808163 103.5
[128, 128, 1] [128, 4, 1] 5 4 0k 1k 1k 256 785 25275 25425507 3235200 28660707 103.5
[128, 4, 1] [128, 4, 1] 5 5 1k 1k 1k 256 787 787 26462179 3223552 29685731 130.0
[128, 8, 1] [128, 4, 1] 5 5 2k 1k 1k 256 787 1579 26462179 3233792 29695971 131.5
[128, 16, 1] [128, 4, 1] 5 5 4k 1k 1k 256 787 3163 26462179 3238912 29701091 134.5
[128, 32, 1] [128, 4, 1] 5 5 6k 1k 1k 256 787 6331 25921507 3241472 29162979 137.5
[128, 64, 1] [128, 4, 1] 5 5 0k 1k 1k 256 787 12667 25573603 3242752 28816355 128.5
[128, 128, 1] [128, 4, 1] 5 5 0k 1k 1k 256 787 25339 25425507 3243392 28668899 128.5
[128, 4, 1] [128, 4, 1] 6 4 1k 1k 1k 256 775 775 26462179 3174400 29636579 125.0
[128, 8, 1] [128, 4, 1] 6 4 2k 1k 1k 256 775 1555 26462179 3184640 29646819 126.5
[128, 16, 1] [128, 4, 1] 6 4 4k 1k 1k 256 775 3115 26462179 3189760 29651939 129.5
[128, 32, 1] [128, 4, 1] 6 4 6k 1k 1k 256 775 6235 25921507 3192320 29113827 132.5
[128, 64, 1] [128, 4, 1] 6 4 0k 1k 1k 256 775 12475 25573603 3193600 28767203 123.5
[128, 128, 1] [128, 4, 1] 6 4 0k 1k 1k 256 775 24955 25425507 3194240 28619747 123.5
[128, 8, 1] [128, 8, 1] 2 2 2k 1k 2k 256 1641 1641 26462179 3360768 29822947 34.5
[128, 16, 1] [128, 8, 1] 2 2 4k 1k 2k 256 1641 3287 26462179 3365888 29828067 37.5
[128, 32, 1] [128, 8, 1] 2 2 6k 1k 2k 256 1641 6579 25921507 3368448 29289955 40.5
[128, 64, 1] [128, 8, 1] 2 2 0k 1k 2k 256 1641 13163 25573603 3369728 28943331 31.5
[128, 128, 1] [128, 8, 1] 2 2 0k 1k 2k 256 1641 26331 25425507 3370368 28795875 31.5
[128, 8, 1] [128, 8, 1] 3 2 2k 1k 2k 256 1527 1527 26462179 3127296 29589475 48.5
[128, 16, 1] [128, 8, 1] 3 2 4k 1k 2k 256 1527 3059 26462179 3132416 29594595 51.5
[128, 32, 1] [128, 8, 1] 3 2 6k 1k 2k 256 1527 6123 25921507 3134976 29056483 54.5
[128, 64, 1] [128, 8, 1] 3 2 0k 1k 2k 256 1527 12251 25573603 3136256 28709859 45.5
[128, 128, 1] [128, 8, 1] 3 2 0k 1k 2k 256 1527 24507 25425507 3136896 28562403 45.5
[128, 8, 1] [128, 8, 1] 3 3 2k 1k 2k 256 1423 1423 26462179 2914304 29376483 69.5
[128, 16, 1] [128, 8, 1] 3 3 4k 1k 2k 256 1423 2851 26462179 2919424 29381603 72.5
[128, 32, 1] [128, 8, 1] 3 3 6k 1k 2k 256 1423 5707 25921507 2921984 28843491 75.5
[128, 64, 1] [128, 8, 1] 3 3 0k 1k 2k 256 1423 11419 25573603 2923264 28496867 66.5
[128, 128, 1] [128, 8, 1] 3 3 0k 1k 2k 256 1423 22843 25425507 2923904 28349411 66.5
[128, 8, 1] [128, 8, 1] 4 2 2k 1k 2k 256 1425 1425 26462179 2918400 29380579 62.5
[128, 16, 1] [128, 8, 1] 4 2 4k 1k 2k 256 1425 2855 26462179 2923520 29385699 65.5
[128, 32, 1] [128, 8, 1] 4 2 6k 1k 2k 256 1425 5715 25921507 2926080 28847587 68.5
[128, 64, 1] [128, 8, 1] 4 2 0k 1k 2k 256 1425 11435 25573603 2927360 28500963 59.5
[128, 128, 1] [128, 8, 1] 4 2 0k 1k 2k 256 1425 22875 25425507 2928000 28353507 59.5
[128, 8, 1] [128, 8, 1] 4 3 2k 1k 2k 256 1359 1359 26462179 2783232 29245411 90.5
[128, 16, 1] [128, 8, 1] 4 3 4k 1k 2k 256 1359 2723 26462179 2788352 29250531 93.5
[128, 32, 1] [128, 8, 1] 4 3 6k 1k 2k 256 1359 5451 25921507 2790912 28712419 96.5
[128, 64, 1] [128, 8, 1] 4 3 0k 1k 2k 256 1359 10907 25573603 2792192 28365795 87.5
[128, 128, 1] [128, 8, 1] 4 3 0k 1k 2k 256 1359 21819 25425507 2792832 28218339 87.5
[128, 8, 1] [128, 8, 1] 4 4 2k 1k 2k 256 1345 1345 26462179 2754560 29216739 118.5
[128, 16, 1] [128, 8, 1] 4 4 4k 1k 2k 256 1345 2695 26462179 2759680 29221859 121.5
[128, 32, 1] [128, 8, 1] 4 4 6k 1k 2k 256 1345 5395 25921507 2762240 28683747 124.5
[128, 64, 1] [128, 8, 1] 4 4 0k 1k 2k 256 1345 10795 25573603 2763520 28337123 115.5
[128, 128, 1] [128, 8, 1] 4 4 0k 1k 2k 256 1345 21595 25425507 2764160 28189667 115.5
[128, 8, 1] [128, 8, 1] 5 3 2k 1k 2k 256 1336 1336 26462179 2736128 29198307 111.5
[128, 16, 1] [128, 8, 1] 5 3 4k 1k 2k 256 1336 2677 26462179 2741248 29203427 114.5
[128, 32, 1] [128, 8, 1] 5 3 6k 1k 2k 256 1336 5359 25921507 2743808 28665315 117.5
[128, 64, 1] [128, 8, 1] 5 3 0k 1k 2k 256 1336 10723 25573603 2745088 28318691 108.5
[128, 128, 1] [128, 8, 1] 5 3 0k 1k 2k 256 1336 21451 25425507 2745728 28171235 108.5
[128, 16, 1] [128, 16, 1] 2 2 4k 1k 4k 256 3037 3037 26462179 3109888 29572067 53.5
[128, 32, 1] [128, 16, 1] 2 2 6k 1k 4k 256 3037 6079 25921507 3112448 29033955 56.5
[128, 64, 1] [128, 16, 1] 2 2 0k 1k 4k 256 3037 12163 25573603 3113728 28687331 47.5
[128, 128, 1] [128, 16, 1] 2 2 0k 1k 4k 256 3037 24331 25425507 3114368 28539875 47.5
[128, 16, 1] [128, 16, 1] 3 2 4k 1k 4k 256 2720 2720 26462179 2785280 29247459 75.5
[128, 32, 1] [128, 16, 1] 3 2 6k 1k 4k 256 2720 5445 25921507 2787840 28709347 78.5
[128, 64, 1] [128, 16, 1] 3 2 0k 1k 4k 256 2720 10895 25573603 2789120 28362723 69.5
[128, 128, 1] [128, 16, 1] 3 2 0k 1k 4k 256 2720 21795 25425507 2789760 28215267 69.5
[128, 16, 1] [128, 16, 1] 3 3 4k 1k 4k 256 2590 2590 26462179 2652160 29114339 108.5
[128, 32, 1] [128, 16, 1] 3 3 6k 1k 4k 256 2590 5185 25921507 2654720 28576227 111.5
[128, 64, 1] [128, 16, 1] 3 3 0k 1k 4k 256 2590 10375 25573603 2656000 28229603 102.5
[128, 128, 1] [128, 16, 1] 3 3 0k 1k 4k 256 2590 20755 25425507 2656640 28082147 102.5
[128, 16, 1] [128, 16, 1] 4 2 4k 1k 4k 256 2657 2657 26462179 2720768 29182947 97.5
[128, 32, 1] [128, 16, 1] 4 2 6k 1k 4k 256 2657 5319 25921507 2723328 28644835 100.5
[128, 64, 1] [128, 16, 1] 4 2 0k 1k 4k 256 2657 10643 25573603 2724608 28298211 91.5
[128, 128, 1] [128, 16, 1] 4 2 0k 1k 4k 256 2657 21291 25425507 2725248 28150755 91.5
[128, 64, 1] [128, 16, 1] 4 3 0k 1k 4k 256 2474 9911 25573603 2537216 28110819 135.5
[128, 128, 1] [128, 16, 1] 4 3 0k 1k 4k 256 2474 19827 25425507 2537856 27963363 135.5
