99006  149.053533
89054  134.070797
82302  123.905661
62278  93.759529
51418  77.409799
46750  70.382125
44652  69.076644
92158  168.971693
82206  150.724701
75454  138.344909
55430  101.630905
44570  81.719095
39902  73.160317
37804  69.313634
85566  198.983733
75614  175.840357
68862  160.138581
48838  113.572769
37978  88.317839
33310  77.462405
31212  72.583506
91902  198.646173
81950  177.134925
75198  162.540477
55174  119.258601
44314  95.784711
39646  85.694829
37548  81.160002
85566  241.082205
75614  213.042445
68862  194.018685
48838  137.601065
37978  107.003015
33310  93.850925
31212  87.93981
83582  290.322077
73630  255.753805
66878  232.300733
46854  162.747369
35994  125.025159
31326  108.810861
29228  101.523458
84670  280.215365
74718  247.279221
67966  224.933477
47942  158.664049
37082  122.722879
32414  107.274133
30316  100.330802
86462  357.044829
76510  315.948045
69758  288.065661
49734  205.376553
38874  160.530183
34206  141.253677
32108  132.589986
84222  416.856789
74270  367.599365
67518  334.180341
47494  235.071553
36634  181.319983
31966  158.215717
29868  147.831666
84030  402.125565
74078  354.500269
67326  322.188573
47302  226.363721
36442  174.393191
31774  152.054477
29676  142.014498
78110  117.594605
71358  107.429469
51334  77.283337
40474  60.933607
35806  53.905933
33708  50.747394
71582  131.245597
64830  118.865805
44806  82.151801
33946  62.239991
29278  53.681213
27180  49.83453
67646  157.310773
60894  141.608997
40870  95.043185
30010  69.788255
25342  58.932821
23244  54.053922
70398  152.165277
63646  137.570829
43622  94.288953
32762  70.815063
28094  60.725181
25996  56.190354
67646  190.592605
60894  171.568845
40870  115.151225
30010  84.553175
25342  71.401085
23244  65.48997
66526  231.078061
59774  207.624989
39750  138.071625
28890  100.349415
24222  84.135117
22124  76.847714
66654  220.591413
59902  198.245669
39878  131.976241
29018  96.035071
24350  80.586325
22252  73.642994
65534  270.622653
58782  242.740269
38758  160.051161
27898  115.204791
23230  95.928285
21132  87.264594
64958  321.509621
58206  288.090597
38182  188.981809
27322  135.230239
22654  112.125973
20556  101.741922
64350  307.946925
57598  275.635229
37574  179.810377
26714  127.839847
22046  105.501133
19948  95.461154
64974  108.863937
44950  75.313725
34090  57.117795
29422  49.296561
27324  45.781362
59582  109.243597
39558  72.529593
28698  52.617783
24030  44.059005
21932  40.212322
55982  130.186141
35958  83.620329
25098  58.365399
20430  47.509965
18332  42.631066
58430  126.296445
38406  83.014569
27546  59.540679
22878  49.450797
20780  44.91597
55646  156.782605
35622  100.364985
24762  69.766935
20094  56.614845
17996  50.70373
54990  191.007765
34966  121.454401
24106  83.732191
19438  67.517893
17340  60.23049
54942  181.830549
34918  115.561121
24058  79.619951
19390  64.171205
17292  57.227874
55694  229.988373
35670  147.299265
24810  102.452895
20142  83.176389
18044  74.512698
53630  265.441685
33606  166.332897
22746  112.581327
18078  89.477061
15980  79.09301
53470  255.880685
33446  160.055833
22586  108.085303
17918  85.746589
15820  75.70661
41278  69.161289
30418  50.965359
25750  43.144125
23652  39.628926
37126  77.537651
26266  54.856541
21598  45.107423
19500  40.72575
34270  92.80316
23410  63.39428
18742  50.753336
16644  45.071952
36014  90.089021
25154  62.922731
20486  51.245729
18388  45.997582
33270  93.738225
22410  63.140175
17742  49.988085
15644  44.07697
32478  112.812333
21618  75.090123
16950  58.875825
14852  51.588422
32566  107.777177
21706  71.836007
17038  56.387261
14940  49.44393
31838  131.475021
20978  86.628651
16310  67.352145
14212  58.688454
31046  153.662177
20186  99.910607
15518  76.806341
13420  66.42229
31398  150.255129
20538  98.284599
15870  75.945885
13772  65.905906
29598  59.654769
24930  50.246415
22832  46.017896
25418  66.048673
20750  53.918875
18652  48.467222
22330  60.46964
17662  47.828696
15564  42.147312
23934  76.146021
19266  61.294779
17168  54.619992
21322  70.948955
16654  55.416185
14556  48.43509
20298  84.307743
15630  64.919205
13532  56.205162
20326  80.226722
15658  61.802126
13560  53.52132
