0 0 -1 
1 3 0 
2 6 0 
3 7 0 
4 5 0 
5 3 0 
6 5 0 
7 6 0 
8 2 0 
9 9 0 
10 1 0 
11 2 0 
12 7 0 
13 0 0 
14 9 0 
15 3 0 
16 6 0 
17 0 0 
18 6 0 
19 2 0 
20 6 0 
21 1 0 
22 8 0 
23 7 0 
24 9 0 
25 2 0 
26 0 0 
27 2 0 
28 3 0 
29 7 0 
30 5 0 
31 9 0 
32 2 0 
33 2 0 
34 8 0 
35 9 0 
36 7 0 
37 3 0 
38 6 0 
39 1 0 
40 2 0 
41 9 0 
42 3 0 
43 1 0 
44 9 0 
45 4 0 
46 7 0 
47 8 0 
48 4 0 
49 5 0 
50 0 0 
51 3 0 
52 6 0 
53 1 0 
54 0 0 
55 6 0 
56 3 0 
57 2 0 
58 0 0 
59 6 0 
60 1 0 
61 5 0 
62 5 0 
63 4 0 
64 7 0 
65 6 0 
66 5 0 
67 6 0 
68 9 0 
69 3 0 
70 7 0 
71 4 0 
72 5 0 
73 2 0 
74 127 3 
75 149 1 
76 87 15 
77 148 4 
78 152 4 
79 80 4 
80 125 3 
81 132 1 
82 74 15 
83 145 8 
84 127 3 
85 74 2 
86 98 12 
87 155 4 
88 77 13 
89 125 4 
90 137 3 
91 74 3 
92 156 0 
93 208 3 
94 102 15 
95 166 8 
96 195 7 
97 120 6 
98 101 2 
99 103 14 
100 59 9 
101 102 15 
102 102 0 
103 71 11 
104 176 3 
105 206 2 
106 98 15 
107 158 5 
108 231 1 
109 125 7 
110 9 0 
111 11 4 
112 6 1 
113 17 5 
114 35 3 
115 52 6 
116 30 4 
117 82 6 
118 15 12 
119 97 7 
120 30 0 
121 18 0 
122 20 4 
123 54 2 
124 74 4 
125 0 7 
126 74 4 
127 15 5 
128 89 5 
129 15 13 
130 104 1 
131 45 0 
132 3 0 
133 5 8 
134 24 6 
135 29 9 
136 21 11 
137 50 9 
138 10 8 
139 60 9 
140 12 14 
141 72 14 
142 15 0 
143 6 0 
144 8 8 
145 42 10 
146 50 8 
147 42 15 
148 92 11 
149 0 9 
150 92 11 
151 21 12 
152 113 8 
153 35 0 
154 27 1 
155 29 1 
156 48 1 
157 77 1 
158 7 3 
159 84 0 
160 30 4 
161 114 4 
162 18 13 
163 132 4 
164 20 0 
165 9 5 
166 11 5 
167 24 2 
168 35 5 
169 0 7 
170 35 6 
171 5 5 
172 40 5 
173 15 12 
174 55 9 
175 25 0 
176 18 3 
177 20 3 
178 2 2 
179 22 3 
180 45 15 
181 67 3 
182 6 11 
183 73 15 
184 10 12 
185 83 15 
186 42 0 
187 36 14 
188 38 14 
189 18 14 
190 56 14 
191 0 7 
192 56 2 
193 3 5 
194 59 2 
195 10 13 
196 69 2 
197 63 0 
198 6 3 
199 8 3 
200 8 6 
201 16 7 
202 27 10 
203 43 11 
204 2 8 
205 45 11 
206 8 14 
207 53 15 
208 21 12 
209 12 10 
210 14 10 
211 14 10 
212 28 10 
213 54 15 
214 82 11 
215 0 9 
216 82 8 
217 14 8 
218 96 11 
219 49 12 
220 54 2 
221 56 2 
222 16 1 
223 72 2 
224 9 3 
225 81 2 
226 6 8 
227 87 3 
228 12 13 
229 99 3 
230 28 0 
231 18 6 
232 20 6 
233 8 6 
234 28 6 
235 0 11 
236 28 10 
237 1 9 
238 29 9 
239 10 9 
240 39 10 
241 35 0 
242 0 4 
243 2 4 
244 9 1 
245 11 5 
246 15 3 
247 26 6 
248 36 4 
249 62 5 
250 0 12 
251 62 4 
252 36 12 
253 0 9 
254 2 9 
255 81 2 
256 83 13 
257 0 7 
258 83 12 
259 18 5 
260 101 13 
261 0 13 
262 101 12 
263 54 8 
264 0 6 
265 2 7 
266 36 6 
267 38 7 
268 9 11 
269 47 11 
270 12 8 
271 59 8 
272 0 14 
273 59 9 
274 18 12 
275 0 4 
276 2 4 
277 63 10 
278 65 9 
279 18 15 
280 83 9 
281 0 9 
282 83 10 
283 0 12 
284 83 9 
285 42 0 
286 0 5 
287 2 5 
288 72 1 
289 74 5 
290 3 15 
291 77 6 
292 36 4 
293 113 7 
294 0 13 
295 113 3 
296 24 12 
297 0 7 
298 2 7 
299 36 14 
300 38 6 
301 0 3 
302 38 6 
303 6 4 
304 44 7 
305 0 12 
306 44 11 
307 30 0 
308 6 15 
309 8 15 
310 6 1 
311 14 12 
312 5 3 
313 19 0 
314 48 4 
315 67 0 
316 35 12 
317 102 12 
318 54 4 
319 12 2 
320 14 14 
321 54 2 
322 68 14 
323 0 7 
324 68 2 
325 24 5 
326 92 2 
327 35 13 
328 127 2 
329 81 0 
330 2 14 
331 4 13 
332 24 6 
333 28 14 
334 3 11 
335 31 14 
336 16 8 
337 47 13 
338 28 11 
339 75 14 
340 27 12 
341 4 15 
342 6 15 
343 42 10 
344 48 11 
345 6 15 
346 54 11 
347 0 9 
348 54 8 
349 49 8 
350 103 8 
351 63 8 
352 18 1 
353 20 1 
354 48 13 
355 68 13 
356 1 7 
357 69 6 
358 48 5 
359 117 7 
360 42 10 
361 159 6 
362 36 15 
363 6 11 
364 8 8 
365 24 2 
366 32 4 
367 0 7 
368 32 7 
369 8 5 
370 40 4 
371 35 9 
372 75 5 
373 45 4 
374 6 13 
375 8 13 
376 0 1 
377 8 13 
378 10 3 
379 18 14 
380 18 4 
381 36 13 
382 35 12 
383 71 14 
384 30 1 
385 12 13 
386 14 13 
387 0 2 
388 14 13 
389 0 3 
390 14 14 
391 9 5 
392 23 6 
393 35 13 
394 58 6 
395 45 13 
396 2 10 
397 4 9 
398 0 6 
399 4 9 
400 6 11 
401 10 9 
402 6 8 
403 16 9 
404 28 15 
405 44 10 
406 15 13 
407 4 9 
408 6 9 
409 0 10 
410 6 10 
411 12 15 
412 18 11 
413 0 9 
414 18 10 
415 49 12 
416 67 14 
417 35 12 
418 18 1 
419 20 1 
420 0 1 
421 20 1 
422 2 2 
423 22 1 
424 18 7 
425 40 2 
426 42 8 
427 82 5 
428 20 12 
429 6 5 
430 8 5 
431 0 14 
432 8 6 
433 0 15 
434 8 10 
435 3 4 
436 11 11 
437 35 14 
438 46 10 
439 25 4 
440 27 3 
441 29 3 
442 2 14 
443 31 15 
444 10 3 
445 41 15 
446 48 4 
447 89 3 
448 45 12 
449 134 3 
450 42 0 
451 54 15 
452 56 15 
453 18 14 
454 74 14 
455 0 7 
456 74 10 
457 24 5 
458 98 6 
459 45 13 
460 143 10 
461 63 0 
462 9 6 
463 11 5 
464 8 6 
465 19 6 
466 6 2 
467 25 2 
468 16 8 
469 41 3 
470 36 10 
471 77 14 
472 21 12 
473 18 11 
474 20 11 
475 14 11 
476 34 11 
477 12 15 
478 46 11 
479 0 6 
480 46 10 
481 63 8 
482 109 11 
483 49 1 
484 81 2 
485 83 3 
486 16 1 
487 99 1 
488 2 2 
489 101 2 
490 48 4 
491 149 6 
492 54 9 
493 203 5 
494 28 0 
495 27 7 
496 29 7 
497 8 6 
498 37 7 
499 0 3 
500 37 7 
501 8 7 
502 45 7 
503 45 10 
504 90 6 
505 35 4 
