0 0 -1 
1 3 0 
2 6 0 
3 7 0 
4 5 0 
5 3 0 
6 5 0 
7 6 0 
8 2 0 
9 9 0 
10 1 0 
11 2 0 
12 7 0 
13 0 0 
14 9 0 
15 3 0 
16 6 0 
17 0 0 
18 6 0 
19 2 0 
20 6 0 
21 1 0 
22 8 0 
23 7 0 
24 9 0 
25 2 0 
26 0 0 
27 2 0 
28 3 0 
29 7 0 
30 5 0 
31 9 0 
32 2 0 
33 2 0 
34 8 0 
35 9 0 
36 7 0 
37 3 0 
38 6 0 
39 1 0 
40 2 0 
41 9 0 
42 3 0 
43 1 0 
44 9 0 
45 4 0 
46 7 0 
47 8 0 
48 4 0 
49 5 0 
50 0 0 
51 3 0 
52 6 0 
53 1 0 
54 0 0 
55 6 0 
56 3 0 
57 2 0 
58 0 0 
59 6 0 
60 1 0 
61 5 0 
62 5 0 
63 4 0 
64 7 0 
65 6 0 
66 5 0 
67 6 0 
68 9 0 
69 3 0 
70 7 0 
71 4 0 
72 5 0 
73 2 0 
74 5 0 
75 4 0 
76 7 0 
77 4 0 
78 4 0 
79 3 0 
80 0 0 
81 7 0 
82 8 0 
83 6 0 
84 8 0 
85 8 0 
86 4 0 
87 3 0 
88 1 0 
89 4 0 
90 9 0 
91 2 0 
92 0 0 
93 6 0 
94 8 0 
95 9 0 
96 2 0 
97 6 0 
98 6 0 
99 4 0 
100 137 10 
101 145 9 
102 166 1 
103 160 24 
104 173 30 
105 207 31 
106 176 14 
107 65 14 
108 101 17 
109 151 1 
110 161 30 
111 140 22 
112 174 23 
113 171 28 
114 96 31 
115 79 19 
116 96 21 
117 72 24 
118 100 12 
119 166 10 
120 95 1 
121 105 29 
122 118 27 
123 173 14 
124 112 18 
125 142 9 
126 164 15 
127 149 32 
128 157 23 
129 181 19 
130 221 18 
131 183 14 
132 184 12 
133 250 23 
134 202 10 
135 136 4 
136 126 6 
137 147 23 
138 105 2 
139 135 28 
140 197 12 
141 135 7 
142 142 5 
143 136 21 
144 150 32 
145 178 11 
146 203 3 
147 230 15 
148 201 28 
149 0 0 
150 4 5 
151 12 1 
152 16 4 
153 49 5 
154 65 4 
155 20 6 
156 85 10 
157 12 30 
158 97 10 
159 40 0 
160 137 11 
161 0 6 
162 9 0 
163 13 5 
164 0 2 
165 13 4 
166 42 11 
167 55 10 
168 25 7 
169 80 10 
170 9 31 
171 89 9 
172 20 0 
173 109 3 
174 36 7 
175 18 0 
176 22 30 
177 36 3 
178 58 31 
179 35 35 
180 93 31 
181 10 8 
182 103 32 
183 0 32 
184 103 31 
185 15 0 
186 118 31 
187 48 13 
188 3 30 
189 7 30 
190 6 4 
191 13 35 
192 42 5 
193 55 34 
194 25 9 
195 80 4 
196 21 30 
197 101 35 
198 5 0 
199 106 30 
200 54 18 
201 0 35 
202 4 35 
203 30 10 
204 34 34 
205 63 11 
206 97 35 
207 20 12 
208 117 35 
209 24 31 
210 141 31 
211 20 5 
212 161 35 
213 12 24 
214 18 29 
215 22 28 
216 30 2 
217 52 27 
218 21 35 
219 73 27 
220 35 13 
221 108 27 
222 18 25 
223 126 26 
224 45 11 
225 171 32 
226 36 6 
227 9 1 
228 13 1 
229 24 4 
230 37 0 
231 49 5 
232 86 6 
233 20 14 
234 106 12 
235 24 30 
236 130 13 
237 10 6 
238 140 13 
239 36 6 
240 0 13 
241 4 13 
242 18 1 
243 22 19 
244 7 12 
245 29 18 
246 8 17 
247 37 12 
248 28 20 
249 65 14 
250 0 0 
251 65 13 
252 0 7 
253 6 19 
254 10 19 
255 0 32 
256 10 20 
257 6 11 
258 16 19 
259 10 25 
260 26 13 
261 21 31 
262 47 7 
263 0 6 
264 47 11 
265 54 1 
266 12 24 
267 16 24 
268 54 33 
269 70 24 
270 5 23 
271 75 24 
272 4 26 
273 79 25 
274 0 27 
275 79 25 
276 0 0 
277 79 31 
278 72 13 
279 2 31 
280 6 32 
281 9 34 
282 15 32 
283 6 17 
284 21 2 
285 10 15 
286 31 8 
287 49 25 
288 80 2 
289 0 0 
290 80 0 
291 81 18 
292 0 29 
293 4 29 
294 45 9 
295 49 28 
296 9 17 
297 58 22 
298 8 16 
299 66 16 
300 56 26 
301 122 16 
302 0 11 
303 122 16 
304 18 24 
305 12 18 
306 16 18 
307 45 8 
308 61 18 
309 3 35 
310 64 18 
311 14 22 
312 78 23 
313 42 19 
314 120 18 
315 0 11 
316 120 23 
317 54 1 
318 6 7 
319 10 7 
320 36 15 
321 46 9 
322 7 11 
323 53 9 
324 8 21 
325 61 15 
326 56 32 
327 117 21 
328 0 6 
329 117 22 
330 54 1 
331 0 3 
332 4 3 
333 12 29 
334 16 4 
335 0 4 
336 16 34 
337 24 23 
338 40 33 
339 8 30 
340 48 35 
341 48 0 
342 96 30 
343 0 7 
344 9 15 
345 13 15 
346 0 3 
347 13 9 
348 0 17 
349 13 15 
350 30 24 
351 43 21 
352 6 31 
353 49 19 
354 24 6 
355 73 13 
356 6 1 
357 18 33 
358 22 33 
359 36 10 
360 58 34 
361 0 23 
362 58 22 
363 12 27 
364 70 22 
365 0 27 
366 70 21 
367 18 6 
368 88 15 
369 8 7 
370 3 32 
371 7 32 
372 6 28 
373 13 26 
374 0 4 
375 13 34 
376 30 28 
377 43 35 
378 14 26 
379 57 34 
380 6 11 
381 63 35 
382 9 24 
383 0 21 
384 4 27 
385 30 16 
386 34 28 
387 0 23 
388 34 29 
389 24 18 
390 58 24 
391 16 20 
392 74 18 
393 24 11 
394 98 6 
395 2 24 
396 18 20 
397 22 20 
398 30 33 
399 52 26 
400 0 28 
401 52 27 
402 42 19 
403 94 26 
404 12 19 
405 106 25 
406 54 10 
407 160 27 
408 6 6 
409 9 2 
410 13 2 
411 24 21 
412 37 8 
413 0 5 
414 37 9 
415 24 20 
416 61 15 
417 16 3 
418 77 3 
419 12 12 
420 89 4 
421 6 31 
422 0 13 
423 4 13 
424 14 35 
425 18 19 
426 63 12 
427 81 20 
428 8 29 
429 89 21 
430 0 8 
431 89 22 
432 16 30 
433 105 24 
434 0 6 
435 24 22 
436 28 21 
437 0 2 
438 28 15 
439 54 23 
440 82 21 
441 10 25 
442 92 21 
443 0 33 
444 92 27 
445 8 1 
446 100 33 
447 18 1 
448 48 30 
449 52 30 
450 42 32 
451 94 31 
452 45 18 
453 139 19 
454 4 33 
455 143 19 
456 0 2 
457 143 20 
458 6 2 
459 149 20 
460 24 7 
461 8 26 
462 12 26 
463 7 34 
464 19 27 
465 54 13 
466 73 25 
467 10 34 
468 83 30 
469 0 15 
470 83 31 
471 2 5 
472 85 30 
473 27 24 
474 0 35 
475 4 35 
476 35 22 
477 39 29 
478 81 12 
479 120 17 
480 8 10 
481 128 17 
482 0 14 
483 128 16 
484 8 5 
485 136 5 
486 6 15 
487 48 27 
488 52 33 
489 35 14 
490 87 32 
491 27 35 
492 114 34 
493 14 14 
494 128 34 
495 0 20 
496 128 28 
497 18 17 
498 146 16 
499 18 3 
500 24 8 
501 28 2 
502 28 4 
503 56 3 
504 63 35 
505 119 33 
506 8 9 
507 127 33 
508 0 9 
509 127 9 
510 4 7 
511 131 8 
512 18 31 
513 0 12 
514 4 12 
515 10 2 
516 14 13 
517 63 5 
518 77 7 
519 8 6 
520 85 8 
521 8 30 
522 93 7 
523 64 0 
524 157 31 
525 0 22 
526 21 14 
527 25 14 
528 0 9 
529 25 15 
530 54 11 
531 79 9 
532 10 7 
533 89 8 
534 6 31 
535 95 8 
536 32 7 
537 127 7 
538 54 27 
539 42 23 
540 46 22 
541 30 16 
542 76 21 
543 45 18 
544 121 20 
545 4 8 
546 125 19 
547 0 32 
548 125 25 
549 24 2 
550 149 25 
551 72 19 
552 7 25 
553 11 25 
554 5 34 
555 16 26 
556 54 17 
557 70 25 
558 10 3 
559 80 33 
560 14 25 
561 94 3 
562 8 1 
563 102 2 
564 81 20 
565 0 16 
566 4 16 
567 25 15 
568 29 15 
569 81 13 
570 110 14 
571 8 12 
572 118 13 
573 16 33 
574 134 12 
575 32 2 
576 166 13 
577 18 21 
578 42 17 
579 46 17 
580 25 8 
581 71 17 
582 27 10 
583 98 11 
584 14 18 
585 112 17 
586 12 25 
587 124 23 
588 72 1 
589 196 17 
590 54 26 
591 21 12 
592 25 13 
593 20 14 
594 45 14 
595 63 11 
596 108 8 
597 8 13 
598 116 9 
599 16 30 
600 132 10 
601 16 7 
602 148 9 
603 54 28 
604 0 3 
605 4 3 
606 6 28 
607 10 33 
608 42 34 
609 52 33 
610 4 23 
611 56 3 
612 8 19 
613 64 4 
614 72 30 
615 136 3 
616 0 8 
617 21 7 
618 25 7 
619 0 5 
620 25 13 
621 36 16 
622 61 17 
623 5 26 
624 66 24 
625 6 27 
626 72 29 
627 36 6 
628 108 12 
629 18 25 
630 42 34 
631 46 34 
632 18 10 
633 64 10 
634 30 22 
635 94 16 
636 2 21 
637 96 22 
638 0 22 
639 96 28 
640 27 30 
641 123 29 
642 24 12 
643 7 2 
644 11 32 
645 3 4 
646 14 32 
647 36 28 
648 50 27 
649 5 15 
650 55 26 
651 14 14 
652 69 20 
653 9 5 
654 78 26 
655 27 14 
656 0 34 
657 4 4 
658 15 22 
659 19 28 
660 54 21 
661 73 28 
662 4 16 
663 77 28 
664 16 26 
665 93 28 
666 36 5 
667 129 29 
668 6 16 
669 42 8 
670 46 8 
671 15 29 
672 61 9 
673 18 29 
674 79 10 
675 7 19 
676 86 11 
677 12 14 
678 98 17 
679 81 10 
680 179 11 
681 18 17 
682 21 1 
683 25 1 
684 12 21 
685 37 2 
686 42 16 
687 79 2 
688 4 20 
689 83 8 
690 16 15 
691 99 14 
692 18 6 
693 117 8 
694 18 23 
695 0 4 
696 4 4 
697 18 2 
698 22 3 
699 28 4 
700 50 3 
701 28 29 
702 78 33 
703 32 8 
704 110 2 
705 32 0 
706 142 0 
707 0 4 
708 3 19 
709 7 20 
710 0 3 
711 7 21 
712 24 17 
713 31 15 
714 35 24 
715 66 14 
716 24 32 
717 90 20 
718 16 0 
719 106 19 
720 30 33 
721 6 31 
722 10 35 
723 54 33 
724 64 34 
725 20 16 
726 84 22 
727 14 27 
728 98 16 
729 0 2 
730 98 4 
731 12 18 
732 110 34 
733 40 3 
734 1 25 
735 5 19 
736 9 10 
737 14 21 
738 24 5 
739 38 3 
740 35 28 
741 73 0 
742 56 10 
743 129 7 
744 4 11 
745 133 0 
746 45 32 
747 0 23 
748 4 23 
749 45 9 
750 49 22 
751 36 12 
752 85 22 
753 28 17 
754 113 28 
755 64 20 
756 177 26 
757 16 11 
758 193 25 
759 10 10 
760 6 17 
761 10 16 
762 45 8 
763 55 14 
764 12 23 
765 67 15 
766 49 22 
767 116 16 
768 48 25 
769 164 22 
770 36 23 
771 200 16 
772 30 9 
773 3 18 
774 7 24 
775 36 34 
776 43 24 
777 28 11 
778 71 24 
779 28 12 
780 99 29 
781 64 9 
782 163 24 
783 8 12 
784 171 29 
785 30 34 
