0 0 -1 
1 3 0 
2 6 0 
3 7 0 
4 5 0 
5 3 0 
6 5 0 
7 6 0 
8 2 0 
9 9 0 
10 1 0 
11 2 0 
12 7 0 
13 0 0 
14 9 0 
15 3 0 
16 6 0 
17 0 0 
18 6 0 
19 2 0 
20 6 0 
21 1 0 
22 8 0 
23 7 0 
24 9 0 
25 2 0 
26 0 0 
27 2 0 
28 3 0 
29 7 0 
30 5 0 
31 9 0 
32 2 0 
33 2 0 
34 57 0 
35 93 1 
36 109 22 
37 105 15 
38 33 3 
39 70 10 
40 73 17 
41 87 19 
42 56 13 
43 99 17 
44 94 8 
45 85 11 
46 59 4 
47 104 9 
48 125 6 
49 104 16 
50 0 0 
51 2 0 
52 6 1 
53 8 0 
54 14 4 
55 22 0 
56 35 5 
57 18 20 
58 20 4 
59 48 2 
60 68 1 
61 0 9 
62 68 4 
63 25 6 
64 6 21 
65 8 17 
66 42 3 
67 50 22 
68 14 5 
69 64 21 
70 45 7 
71 18 22 
72 20 12 
73 54 8 
74 74 11 
75 21 10 
76 95 16 
77 10 10 
78 0 0 
79 2 2 
80 5 1 
81 7 7 
82 12 4 
83 19 2 
84 14 14 
85 18 20 
86 20 5 
87 40 2 
88 60 1 
89 0 9 
90 60 5 
91 10 11 
92 6 15 
93 8 15 
94 35 23 
95 43 19 
96 12 17 
97 55 18 
98 18 12 
99 18 16 
100 20 16 
101 45 24 
102 65 20 
103 18 12 
104 83 18 
105 4 13 
106 0 14 
107 2 14 
108 1 13 
109 3 9 
110 4 11 
111 7 14 
112 49 18 
113 54 24 
114 56 24 
115 8 8 
116 64 3 
117 0 8 
118 64 9 
119 35 16 
120 18 19 
121 20 19 
122 7 3 
123 27 23 
124 4 6 
125 31 3 
126 63 17 
127 54 18 
128 56 13 
129 9 23 
130 65 18 
131 6 7 
132 71 12 
133 14 15 
134 0 21 
135 2 20 
136 9 1 
137 11 21 
138 6 4 
139 17 24 
140 42 19 
141 0 20 
142 2 10 
143 72 2 
144 74 20 
145 0 9 
146 74 5 
147 30 6 
148 0 21 
149 2 6 
150 63 3 
151 65 8 
152 6 5 
153 71 7 
154 54 11 
155 0 22 
156 2 22 
157 81 23 
158 83 17 
159 9 10 
160 92 14 
161 12 7 
