319303  153.492357945
224775  76.0635818409
136263  27.9535295819
97719  14.3760239578
79415  9.49480041974
79795  9.58588286864
79805  9.66789612195
79810  10.1723088517
310983  177.318566601
216455  85.9045483403
127943  30.013315525
89399  14.653664232
71095  9.26742396234
71475  9.36675675844
71485  9.43325424535
71490  9.62622965835
308679  221.579977083
214151  106.648943438
125639  36.7083856755
87095  17.6401710026
68791  11.0047350092
69171  11.1266506489
69181  11.1896931592
69186  11.3708120168
312903  211.628763235
218375  103.076835211
129863  36.4523979392
91319  18.0250938234
73015  11.5233676713
73395  11.643624453
73405  11.7141512103
73410  11.9178356431
311111  272.705978049
216583  132.163841917
128071  46.213145083
89527  22.5824984065
71223  14.2923765665
71603  14.4452932234
71613  14.5134336063
71618  14.7078029971
308807  331.239084645
214279  159.487453963
125767  54.9415245468
87223  26.4258729807
68919  16.4985295066
69299  16.6809675914
69309  16.7458288588
69314  16.928411205
309447  238.388161342
214919  114.990444549
126407  39.7790474612
87863  19.2187079014
69559  12.0453324304
69939  12.1772989334
69949  12.2419422277
69954  12.4272009936
312007  322.174424058
217479  156.529803552
128967  55.045216021
90423  27.0595274955
72119  17.2132064578
72499  17.3950795008
72509  17.4655979791
72514  17.6651923185
310727  398.708463391
216199  193.021120388
127687  67.327243987
89143  32.8149662371
70839  20.7225079118
71219  20.9454267459
71229  21.0147287666
71234  21.2079647787
309703  474.73598566
215175  229.163238953
126663  79.4073803088
88119  38.4326604179
69815  24.1245273466
70195  24.3878595547
70205  24.456417928
70210  24.6447557779
312391  370.981302353
217863  180.435486152
129351  63.6054860856
90807  31.3468316131
72503  19.9832880617
72883  20.1933083157
72893  20.2652673585
72898  20.467327033
311751  465.096456858
217223  225.807797739
128711  79.2790887387
90167  38.9065355928
71863  24.713713475
72243  24.975768795
72253  25.0479398512
72258  25.2472023662
185415  51.7571663097
128455  24.8417843161
87431  11.5083126302
68271  7.01702927343
65203  6.40052968515
64637  6.34211560534
64642  6.44756153705
179911  59.3466691832
122951  27.7169248932
81927  12.3065131087
62767  7.22343314588
59699  6.53454009693
59133  6.45492977789
59138  6.54345399532
175687  71.7787015389
118727  32.7804817802
77703  14.040802064
58543  7.97014626535
55475  7.15666956594
54909  7.04906598098
54914  7.12573849675
178375  68.7738302109
121415  31.8639732093
80391  13.9691538923
61231  8.1039722328
58163  7.31221307089
57597  7.21205892517
57602  7.2962608984
174343  85.6392695461
117383  38.8216807813
76359  16.4279884622
57199  9.21808688082
54131  8.25574034112
53565  8.11986210675
53570  8.1931216895
173959  105.114131941
116999  47.5479287045
75975  20.0497388709
56815  11.2122642655
53747  10.0340384213
53181  9.85917060085
53186  9.93174334256
176071  77.1769821336
119111  35.3196077841
78087  15.179924337
58927  8.64451821355
55859  7.76780730975
55293  7.6494042542
55298  7.72723446771
172679  98.6827935872
115719  44.3171403974
74695  18.4648357412
55535  10.2069488366
52467  9.11034556155
51901  8.94851724692
51906  9.01759730209
172679  123.133583961
115719  55.2976677054
74695  23.0398970217
55535  12.7359405411
52467  11.3676301545
51901  11.1573625637
51906  11.2268682276
172039  146.49241802
115079  65.5471008048
74055  27.1437659022
54895  14.9151253432
51827  13.2945447296
51261  13.0385983804
51266  13.1068471442
172935  113.689613826
115975  51.1309376759
74951  21.3555056024
55791  11.8326845413
52723  10.5670855423
52157  10.3754250033
52162  10.4454362227
172999  143.223573722
116039  64.4369944827
75015  26.9292059517
55855  14.9297120951
52787  13.3346395943
52221  13.0843035711
52226  13.1549981315
106951  17.2206864417
81703  10.0497849046
61303  5.65775603145
57807  5.03085294437
55517  4.6786844047
55234  4.70737630851
103047  19.4693574972
77799  11.0975968492
57399  6.04073197603
53903  5.3272955054
51613  4.91756266557
51330  4.9296526119
97639  22.1698619835
72391  12.1866824768
51991  6.28597552037
48495  5.46902956564
46205  4.99140093445
45922  4.98316548849
102599  22.7531482024
77351  12.93263752
56951  7.01064455076
53455  6.17635012954
51165  5.69122160715
50882  5.69316245488
96583  26.2824173173
71335  14.3373621689
50935  7.30964937894
47439  6.34066744642
45149  5.76876312883
44866  5.74699496438
95079  31.4004964131
69831  16.9380661966
49431  8.48723243383
45935  7.32916914554
43645  6.64043268315
43362  6.60160354748
99111  24.4543344041
73863  13.5820716234
53463  7.11571885263
49967  6.21553736107
47677  5.68728701516
47394  5.67612525337
95367  30.0994546882
70119  16.2717331358
49719  8.18101437143
46223  7.07096428013
43933  6.41182040046
43650  6.3771144075
94279  36.7051839784
69031  19.6782194694
48631  9.76616079785
45135  8.41248618514
42845  7.60344465155
42562  7.54861985795
92583  42.4251930446
67335  22.4410440126
46935  10.9032249666
43439  9.33944279559
41149  8.40185787736
40866  8.32843939057
94919  34.2500573566
69671  18.4526643882
49271  9.22864092296
45775  7.96547540094
43485  7.21206508815
43202  7.16515875456
93159  41.5314368592
67911  22.0702662139
47511  10.8022858015
44015  9.27104593674
41725  8.35320104875
41442  8.28321005257
72359  8.77262458812
59847  6.00107704178
55731  5.20400977686
53227  4.78229563695
52082  4.64657198221
66823  9.32580688762
54311  6.16041653981
50195  5.26205516521
47691  4.77858054158
46546  4.60604302662
62791  9.16877136317
50279  5.87881246925
46163  4.95569298421
43659  4.45648116098
42514  4.27098118315
65191  10.6310410022
52679  6.94185521806
48563  5.89944996995
46059  5.33327874323
44914  5.12184191844
61543  10.6713963421
49031  6.77337977262
44915  5.68390398144
42411  5.09030096643
41266  4.86173026838
60007  12.5075179102
47495  7.83543454934
43379  6.53621569601
40875  5.82428896875
39730  5.5420183519
64023  10.2043224049
51511  6.60559727973
47395  5.59212905924
44891  5.04203510626
43746  4.83595152793
60007  11.9169801422
47495  7.46548744524
43379  6.22761072289
40875  5.55028340625
39730  5.2831487963
58119  13.9487000958
45607  8.58935359515
41491  7.10894697299
38987  6.295782712
37842  5.96721468899
56999  16.0803612619
44487  9.79552163997
40371  8.06678241413
37867  7.11505987682
36722  6.72499585131
58951  13.2110503544
46439  8.19824161088
42323  6.80938490469
39819  6.04729823045
38674  5.74190890156
57367  15.7489498032
44855  9.62828734014
40739  7.94233222205
38235  7.01426924955
37090  6.6348472463
55575  6.22503424969
55403  6.18656195034
52589  5.60864272379
51337  5.41065597916
49319  6.32049723296
49147  6.27648864199
46333  5.60515612718
45081  5.3571337348
45311  5.55975884047
45139  5.51762940127
42325  4.87351900281
41073  4.63163469377
47751  7.25432268018
47579  7.20215638824
44765  6.40047328865
43513  6.09479398301
43255  6.22573594569
43083  6.17632211815
40269  5.41611848574
39017  5.12262796249
42263  7.41882041544
42091  7.35855774913
39277  6.42681624901
38025  6.05976951938
46159  6.20978898747
45987  6.16359675055
43173  5.45565850818
41921  5.18775695143
42175  7.02064977687
42003  6.96350267952
39189  6.0809118863
37937  5.73455602848
39287  7.63939669237
39115  7.57265197214
36301  6.53873802616
35049  6.12619238379
40791  7.59822529229
40619  7.53428278471
37805  6.54438933648
36553  6.15150480864
39223  7.36222246513
39051  7.29779466609
36237  6.30035057086
34985  5.90311193517
42235  6.19512081643
41393  5.97198755499
39986  5.61286892806
45047  6.45600227293
44205  6.24133798785
42798  5.89614188008
40339  7.07440381905
39497  6.80165671924
43303  7.05900145598
42461  6.80969123982
41054  6.40800834263
