25.0  319303
25.0  224775
25.0  136263
25.0  97719
25.0  79415
25.0  79795
26.5  79805
33.0  79810
35.0  310983
35.0  216455
35.0  127943
35.0  89399
35.0  71095
35.0  71475
36.5  71485
41.0  71490
50.0  308679
50.0  214151
50.0  125639
50.0  87095
50.0  68791
50.0  69171
51.5  69181
56.0  69186
45.0  312903
45.0  218375
45.0  129863
45.0  91319
45.0  73015
45.0  73395
46.5  73405
51.0  73410
65.0  311111
65.0  216583
65.0  128071
65.0  89527
65.0  71223
65.0  71603
66.5  71613
71.0  71618
85.0  308807
85.0  214279
85.0  125767
85.0  87223
85.0  68919
85.0  69299
86.5  69309
91.0  69314
55.0  309447
55.0  214919
55.0  126407
55.0  87863
55.0  69559
55.0  69939
56.5  69949
61.0  69954
80.0  312007
80.0  217479
80.0  128967
80.0  90423
80.0  72119
80.0  72499
81.5  72509
86.0  72514
105.0  310727
105.0  216199
105.0  127687
105.0  89143
105.0  70839
105.0  71219
106.5  71229
111.0  71234
130.0  309703
130.0  215175
130.0  126663
130.0  88119
130.0  69815
130.0  70195
131.5  70205
136.0  70210
95.0  312391
95.0  217863
95.0  129351
95.0  90807
95.0  72503
95.0  72883
96.5  72893
101.0  72898
125.0  311751
125.0  217223
125.0  128711
125.0  90167
125.0  71863
125.0  72243
126.5  72253
131.0  72258
25.0  185415
25.0  128455
25.0  87431
25.0  68271
25.0  65203
26.5  64637
29.5  64642
35.0  179911
35.0  122951
35.0  81927
35.0  62767
35.0  59699
36.5  59133
39.5  59138
50.0  175687
50.0  118727
50.0  77703
50.0  58543
50.0  55475
51.5  54909
54.5  54914
45.0  178375
45.0  121415
45.0  80391
45.0  61231
45.0  58163
46.5  57597
49.5  57602
65.0  174343
65.0  117383
65.0  76359
65.0  57199
65.0  54131
66.5  53565
69.5  53570
85.0  173959
85.0  116999
85.0  75975
85.0  56815
85.0  53747
86.5  53181
89.5  53186
55.0  176071
55.0  119111
55.0  78087
55.0  58927
55.0  55859
56.5  55293
59.5  55298
80.0  172679
80.0  115719
80.0  74695
80.0  55535
80.0  52467
81.5  51901
84.5  51906
105.0  172679
105.0  115719
105.0  74695
105.0  55535
105.0  52467
106.5  51901
109.5  51906
130.0  172039
130.0  115079
130.0  74055
130.0  54895
130.0  51827
131.5  51261
134.5  51266
95.0  172935
95.0  115975
95.0  74951
95.0  55791
95.0  52723
96.5  52157
99.5  52162
125.0  172999
125.0  116039
125.0  75015
125.0  55855
125.0  52787
126.5  52221
129.5  52226
25.0  106951
25.0  81703
25.0  61303
25.0  57807
26.5  55517
29.5  55234
35.0  103047
35.0  77799
35.0  57399
35.0  53903
36.5  51613
39.5  51330
50.0  97639
50.0  72391
50.0  51991
50.0  48495
51.5  46205
54.5  45922
45.0  102599
45.0  77351
45.0  56951
45.0  53455
46.5  51165
49.5  50882
65.0  96583
65.0  71335
65.0  50935
65.0  47439
66.5  45149
69.5  44866
85.0  95079
85.0  69831
85.0  49431
85.0  45935
86.5  43645
89.5  43362
55.0  99111
55.0  73863
55.0  53463
55.0  49967
56.5  47677
59.5  47394
80.0  95367
80.0  70119
80.0  49719
80.0  46223
81.5  43933
84.5  43650
105.0  94279
105.0  69031
105.0  48631
105.0  45135
106.5  42845
109.5  42562
130.0  92583
130.0  67335
130.0  46935
130.0  43439
131.5  41149
134.5  40866
95.0  94919
95.0  69671
95.0  49271
95.0  45775
96.5  43485
99.5  43202
125.0  93159
125.0  67911
125.0  47511
125.0  44015
126.5  41725
129.5  41442
33.0  72359
33.0  59847
33.0  55731
34.5  53227
37.5  52082
47.0  66823
47.0  54311
47.0  50195
48.5  47691
51.5  46546
50.0  62791
50.0  50279
50.0  46163
51.5  43659
54.5  42514
61.0  65191
61.0  52679
61.0  48563
62.5  46059
65.5  44914
65.0  61543
65.0  49031
65.0  44915
66.5  42411
69.5  41266
85.0  60007
85.0  47495
85.0  43379
86.5  40875
89.5  39730
55.0  64023
55.0  51511
55.0  47395
56.5  44891
59.5  43746
80.0  60007
80.0  47495
80.0  43379
81.5  40875
84.5  39730
105.0  58119
105.0  45607
105.0  41491
106.5  38987
109.5  37842
130.0  56999
130.0  44487
130.0  40371
131.5  37867
134.5  36722
95.0  58951
95.0  46439
95.0  42323
96.5  39819
99.5  38674
125.0  57367
125.0  44855
125.0  40739
126.5  38235
129.5  37090
49.0  55575
49.0  55403
50.5  52589
53.5  51337
71.0  49319
71.0  49147
72.5  46333
75.5  45081
68.0  45311
68.0  45139
69.5  42325
72.5  41073
93.0  47751
93.0  47579
94.5  44765
97.5  43513
89.0  43255
89.0  43083
90.5  40269
93.5  39017
117.0  42263
117.0  42091
118.5  39277
121.5  38025
75.0  46159
75.0  45987
76.5  43173
79.5  41921
110.0  42175
110.0  42003
111.5  39189
114.5  37937
130.0  39287
130.0  39115
131.5  36301
134.5  35049
131.0  40791
131.0  40619
132.5  37805
135.5  36553
125.0  39223
125.0  39051
126.5  36237
129.5  34985
104.0  42235
105.5  41393
108.5  39986
93.0  45047
94.5  44205
97.5  42798
137.0  40339
138.5  39497
115.0  43303
116.5  42461
119.5  41054
