25.0  543162447
25.0  465567823
25.0  426770511
25.0  407371855
25.0  259260495
25.0  165347407
25.0  125009999
25.0  105070671
35.0  543162447
35.0  465567823
35.0  426770511
35.0  407371855
35.0  259260495
35.0  165347407
35.0  125009999
35.0  105070671
50.0  543162447
50.0  465567823
50.0  426770511
50.0  407371855
50.0  259260495
50.0  165347407
50.0  125009999
50.0  105070671
45.0  543162447
45.0  465567823
45.0  426770511
45.0  407371855
45.0  259260495
45.0  165347407
45.0  125009999
45.0  105070671
65.0  543162447
65.0  465567823
65.0  426770511
65.0  407371855
65.0  259260495
65.0  165347407
65.0  125009999
65.0  105070671
85.0  543162447
85.0  465567823
85.0  426770511
85.0  407371855
85.0  259260495
85.0  165347407
85.0  125009999
85.0  105070671
55.0  543162447
55.0  465567823
55.0  426770511
55.0  407371855
55.0  259260495
55.0  165347407
55.0  125009999
55.0  105070671
80.0  543162447
80.0  465567823
80.0  426770511
80.0  407371855
80.0  259260495
80.0  165347407
80.0  125009999
80.0  105070671
105.0  543162447
105.0  465567823
105.0  426770511
105.0  407371855
105.0  259260495
105.0  165347407
105.0  125009999
105.0  105070671
130.0  543162447
130.0  465567823
130.0  426770511
130.0  407371855
130.0  259260495
130.0  165347407
130.0  125009999
130.0  105070671
95.0  543162447
95.0  465567823
95.0  426770511
95.0  407371855
95.0  259260495
95.0  165347407
95.0  125009999
95.0  105070671
125.0  543162447
125.0  465567823
125.0  426770511
125.0  407371855
125.0  259260495
125.0  165347407
125.0  125009999
125.0  105070671
25.0  467664975
25.0  428867663
25.0  409469007
25.0  261357647
25.0  167444559
25.0  127107151
25.0  107167823
35.0  467664975
35.0  428867663
35.0  409469007
35.0  261357647
35.0  167444559
35.0  127107151
35.0  107167823
50.0  461373519
50.0  422576207
50.0  403177551
50.0  255066191
50.0  161153103
50.0  120815695
50.0  100876367
45.0  467664975
45.0  428867663
45.0  409469007
45.0  261357647
45.0  167444559
45.0  127107151
45.0  107167823
65.0  461373519
65.0  422576207
65.0  403177551
65.0  255066191
65.0  161153103
65.0  120815695
65.0  100876367
85.0  461373519
85.0  422576207
85.0  403177551
85.0  255066191
85.0  161153103
85.0  120815695
85.0  100876367
55.0  467664975
55.0  428867663
55.0  409469007
55.0  261357647
55.0  167444559
55.0  127107151
55.0  107167823
80.0  461373519
80.0  422576207
80.0  403177551
80.0  255066191
80.0  161153103
80.0  120815695
80.0  100876367
105.0  461373519
105.0  422576207
105.0  403177551
105.0  255066191
105.0  161153103
105.0  120815695
105.0  100876367
130.0  461373519
130.0  422576207
130.0  403177551
130.0  255066191
130.0  161153103
130.0  120815695
130.0  100876367
95.0  461373519
95.0  422576207
95.0  403177551
95.0  255066191
95.0  161153103
95.0  120815695
95.0  100876367
125.0  461373519
125.0  422576207
125.0  403177551
125.0  255066191
125.0  161153103
125.0  120815695
125.0  100876367
25.0  401080399
25.0  381681743
25.0  233570383
25.0  139657295
25.0  99319887
25.0  79380559
35.0  404750415
35.0  385351759
35.0  237240399
35.0  143327311
35.0  102989903
35.0  83050575
50.0  406847567
50.0  387448911
50.0  239337551
50.0  145424463
50.0  105087055
50.0  85147727
45.0  407896143
45.0  388497487
45.0  240386127
45.0  146473039
45.0  106135631
45.0  86196303
65.0  406847567
65.0  387448911
65.0  239337551
65.0  145424463
65.0  105087055
65.0  85147727
85.0  408420431
85.0  389021775
85.0  240910415
85.0  146997327
85.0  106659919
85.0  86720591
55.0  407896143
55.0  388497487
55.0  240386127
55.0  146473039
55.0  106135631
55.0  86196303
80.0  406847567
80.0  387448911
80.0  239337551
80.0  145424463
80.0  105087055
80.0  85147727
105.0  408420431
105.0  389021775
105.0  240910415
105.0  146997327
105.0  106659919
105.0  86720591
130.0  411041871
130.0  391643215
130.0  243531855
130.0  149618767
130.0  109281359
130.0  89342031
95.0  406847567
95.0  387448911
95.0  239337551
95.0  145424463
95.0  105087055
95.0  85147727
125.0  408420431
125.0  389021775
125.0  240910415
125.0  146997327
125.0  106659919
125.0  86720591
25.0  371982415
25.0  223871055
25.0  129957967
25.0  89620559
25.0  69681231
35.0  372244559
35.0  224133199
35.0  130220111
35.0  89882703
35.0  69943375
50.0  370147407
50.0  222036047
50.0  128122959
50.0  87785551
50.0  67846223
45.0  372506703
45.0  224395343
45.0  130482255
45.0  90144847
45.0  70205519
65.0  372506703
65.0  224395343
65.0  130482255
65.0  90144847
65.0  70205519
85.0  375128143
85.0  227016783
85.0  133103695
85.0  92766287
85.0  72826959
55.0  372244559
55.0  224133199
55.0  130220111
55.0  89882703
55.0  69943375
80.0  373293135
80.0  225181775
80.0  131268687
80.0  90931279
80.0  70991951
105.0  375128143
105.0  227016783
105.0  133103695
105.0  92766287
105.0  72826959
130.0  374079567
130.0  225968207
130.0  132055119
130.0  91717711
130.0  71778383
95.0  374079567
95.0  225968207
95.0  132055119
95.0  91717711
95.0  71778383
125.0  375128143
125.0  227016783
125.0  133103695
125.0  92766287
125.0  72826959
25.0  217317455
25.0  123404367
25.0  83066959
25.0  63127631
35.0  216793167
35.0  122880079
35.0  82542671
35.0  62603343
50.0  217186383
50.0  123273295
50.0  82935887
50.0  62996559
45.0  216793167
45.0  122880079
45.0  82542671
45.0  62603343
65.0  216793167
65.0  122880079
65.0  82542671
65.0  62603343
85.0  217579599
85.0  123666511
85.0  83329103
85.0  63389775
55.0  218234959
55.0  124321871
55.0  83984463
55.0  64045135
80.0  218234959
80.0  124321871
80.0  83984463
80.0  64045135
105.0  218497103
105.0  124584015
105.0  84246607
105.0  64307279
130.0  218628175
130.0  124715087
130.0  84377679
130.0  64438351
95.0  217448527
95.0  123535439
95.0  83198031
95.0  63258703
125.0  218234959
125.0  124321871
125.0  83984463
125.0  64045135
25.0  118685775
25.0  78348367
25.0  58409039
35.0  117964879
35.0  77627471
35.0  57688143
50.0  118358095
50.0  78020687
50.0  58081359
45.0  118751311
45.0  78413903
45.0  58474575
65.0  118554703
65.0  78217295
65.0  58277967
85.0  119668815
85.0  79331407
85.0  59392079
55.0  118751311
55.0  78413903
55.0  58474575
80.0  118882383
80.0  78544975
80.0  58605647
105.0  119734351
105.0  79396943
105.0  59457615
130.0  119341135
130.0  79003727
130.0  59064399
95.0  118816847
95.0  78479439
95.0  58540111
125.0  119668815
125.0  79331407
125.0  59392079
25.0  76251215
25.0  56311887
35.0  75726927
35.0  55787599
50.0  75759695
50.0  55820367
45.0  75726927
45.0  55787599
65.0  75792463
65.0  55853135
85.0  75923535
85.0  55984207
55.0  75759695
55.0  55820367
80.0  75890767
80.0  55951439
105.0  76251215
105.0  56311887
130.0  76218447
130.0  56279119
95.0  75989071
95.0  56049743
125.0  76611663
125.0  56672335
25.0  55132239
35.0  55001167
50.0  54640719
45.0  54673487
65.0  54673487
85.0  54542415
55.0  54870095
80.0  54526031
105.0  54820943
130.0  54558799
95.0  54542415
125.0  54640719
25.0  29427683
25.0  30996451
26.5  31006691
29.5  31011811
32.5  30473699
23.5  30127075
25.5  29979619
35.0  29362147
35.0  30930915
36.5  30941155
39.5  30946275
42.5  30408163
33.5  30061539
35.5  29914083
50.0  29149155
50.0  30717923
51.5  30728163
54.5  30733283
57.5  30195171
48.5  29848547
50.5  29701091
45.0  29140963
45.0  30709731
46.5  30719971
49.5  30725091
52.5  30186979
43.5  29840355
45.5  29692899
65.0  29042659
65.0  30611427
66.5  30621667
69.5  30626787
72.5  30088675
63.5  29742051
63.5  29594595
85.0  29124579
85.0  30693347
86.5  30703587
89.5  30708707
92.5  30170595
83.5  29823971
85.5  29676515
55.0  29149155
55.0  30717923
56.5  30728163
59.5  30733283
62.5  30195171
53.5  29848547
55.5  29701091
80.0  29059043
80.0  30627811
81.5  30638051
84.5  30643171
87.5  30105059
78.5  29758435
78.5  29610979
105.0  29140963
105.0  30709731
106.5  30719971
109.5  30725091
112.5  30186979
103.5  29840355
105.5  29692899
130.0  29042659
130.0  30611427
131.5  30621667
134.5  30626787
137.5  30088675
128.5  29742051
128.5  29594595
95.0  29067235
95.0  30636003
96.5  30646243
99.5  30651363
102.5  30113251
93.5  29766627
93.5  29619171
125.0  29157347
125.0  30726115
126.5  30736355
129.5  30741475
132.5  30203363
123.5  29856739
125.5  29709283
25.0  30160867
26.5  30171107
29.5  30176227
32.5  29638115
23.5  29291491
23.5  29144035
35.0  29894627
36.5  29904867
39.5  29909987
42.5  29371875
33.5  29025251
33.5  28877795
50.0  29812707
51.5  29822947
54.5  29828067
57.5  29289955
48.5  28943331
48.5  28795875
45.0  29906915
46.5  29917155
49.5  29922275
52.5  29384163
43.5  29037539
43.5  28890083
65.0  29702115
66.5  29712355
69.5  29717475
72.5  29179363
63.5  28832739
63.5  28685283
85.0  29702115
86.5  29712355
89.5  29717475
92.5  29179363
83.5  28832739
83.5  28685283
55.0  29779939
56.5  29790179
59.5  29795299
62.5  29257187
53.5  28910563
53.5  28763107
80.0  29751267
81.5  29761507
84.5  29766627
87.5  29228515
78.5  28881891
78.5  28734435
105.0  29677539
106.5  29687779
109.5  29692899
112.5  29154787
103.5  28808163
103.5  28660707
130.0  29685731
131.5  29695971
134.5  29701091
137.5  29162979
128.5  28816355
128.5  28668899
95.0  29714403
96.5  29724643
99.5  29729763
102.5  29191651
93.5  28845027
93.5  28697571
125.0  29636579
126.5  29646819
129.5  29651939
132.5  29113827
123.5  28767203
123.5  28619747
34.5  29822947
37.5  29828067
40.5  29289955
31.5  28943331
31.5  28795875
48.5  29589475
51.5  29594595
54.5  29056483
45.5  28709859
45.5  28562403
69.5  29376483
72.5  29381603
75.5  28843491
66.5  28496867
66.5  28349411
62.5  29380579
65.5  29385699
68.5  28847587
59.5  28500963
59.5  28353507
90.5  29245411
93.5  29250531
96.5  28712419
87.5  28365795
87.5  28218339
118.5  29216739
121.5  29221859
124.5  28683747
115.5  28337123
115.5  28189667
76.5  29329379
79.5  29334499
82.5  28796387
73.5  28449763
73.5  28302307
111.5  29198307
114.5  29203427
117.5  28665315
108.5  28318691
108.5  28171235
132.5  29171683
135.5  29176803
138.5  28638691
129.5  28292067
129.5  28144611
53.5  29572067
56.5  29033955
47.5  28687331
47.5  28539875
75.5  29247459
78.5  28709347
69.5  28362723
69.5  28215267
108.5  29114339
111.5  28576227
102.5  28229603
102.5  28082147
97.5  29182947
100.5  28644835
91.5  28298211
91.5  28150755
135.5  28110819
135.5  27963363
119.5  29149155
122.5  28611043
113.5  28264419
113.5  28116963
