543162447  817731.063958
465567823  700912.357527
426770511  642503.00431
407371855  613298.327702
259260495  390316.675222
165347407  248930.521238
125009999  188202.553494
105070671  158183.89519
543162447  995888.346574
465567823  853618.60347
426770511  782483.731918
407371855  746916.296142
259260495  475354.117583
165347407  303164.470734
125009999  229205.833166
105070671  192647.075279
543162447  1263124.2705
465567823  1082677.97239
426770511  992454.82333
407371855  947343.248802
259260495  602910.281122
165347407  384515.394978
125009999  290710.752674
105070671  244341.84541
543162447  1174045.62919
465567823  1006324.84941
426770511  922464.459526
407371855  880534.264582
259260495  560391.559942
165347407  357398.42023
125009999  270209.112838
105070671  227110.255366
543162447  1530360.19442
465567823  1311737.3413
426770511  1202425.91474
407371855  1147770.20146
259260495  730466.444662
165347407  465866.319222
125009999  352215.672183
105070671  296036.615542
543162447  1886674.75965
465567823  1617149.83319
426770511  1482387.36996
407371855  1415006.13834
259260495  900541.329383
165347407  574334.218214
125009999  434222.231527
105070671  364962.975718
543162447  1352202.91181
465567823  1159031.09536
426770511  1062445.18713
407371855  1014152.23302
259260495  645429.002302
165347407  411632.369726
125009999  311212.392511
105070671  261573.435455
543162447  1797596.11835
465567823  1540796.71022
426770511  1412397.00615
407371855  1348197.15412
259260495  858022.608203
165347407  547217.243467
125009999  413720.591691
105070671  347731.385675
543162447  2242989.32489
465567823  1922562.32508
426770511  1762348.82517
407371855  1682242.07522
259260495  1070616.2141
165347407  682802.117207
125009999  516228.790871
105070671  433889.335895
543162447  2688382.53143
465567823  2304327.93994
426770511  2112300.64419
407371855  2016286.99632
259260495  1283209.82
165347407  818386.990946
125009999  618736.990051
105070671  520047.286115
543162447  2064832.04227
465567823  1769856.07913
426770511  1622368.09757
407371855  1548624.10678
259260495  985578.771743
165347407  628568.16771
125009999  475225.511198
105070671  399426.155806
543162447  2599303.89012
465567823  2227974.81697
426770511  2042310.28039
407371855  1949478.0121
259260495  1240691.09882
165347407  791270.016199
125009999  598235.350214
105070671  502815.696071
467664975  704069.619862
428867663  645660.266646
409469007  616455.590039
261357647  393473.937558
167444559  252087.783574
127107151  191359.81583
107167823  161341.157526
467664975  857463.731662
428867663  786328.860111
409469007  750761.424334
261357647  479199.245774
167444559  307009.598927
127107151  233050.961358
107167823  196492.203471
461373519  1072924.11843
422576207  982700.969378
403177551  937589.39485
255066191  593156.427171
161153103  374761.541026
120815695  280956.898722
100876367  234587.991458
467664975  1010857.84346
428867663  926997.453575
409469007  885067.258631
261357647  564924.55399
167444559  361931.414278
127107151  274742.106886
107167823  231643.249414
461373519  1299919.88978
422576207  1190608.46322
403177551  1135952.74994
255066191  718648.993143
161153103  454048.867703
120815695  340398.220663
100876367  284219.164023
461373519  1602580.91825
422576207  1467818.45501
403177551  1400437.2234
255066191  885972.414439
161153103  559765.303271
120815695  419653.316583
100876367  350394.060774
467664975  1164251.95526
428867663  1067666.04704
409469007  1019373.09293
261357647  650649.862207
167444559  416853.22963
127107151  316433.252415
107167823  266794.295359
461373519  1526915.66113
422576207  1398515.95707
403177551  1334316.10503
255066191  844141.559115
161153103  533336.194379
120815695  399839.542603
100876367  333850.336587
461373519  1905241.94671
422576207  1745028.44681
403177551  1664921.69685
255066191  1053295.83573
161153103  665481.738839
120815695  498908.412503
100876367  416568.957527
461373519  2283568.23229
422576207  2091540.93655
403177551  1995527.28867
255066191  1262450.11235
161153103  797627.283299
120815695  597977.282403
100876367  499287.578467
461373519  1753911.43248
422576207  1606423.45091
403177551  1532679.46013
255066191  969634.125087
161153103  612623.521055
120815695  459280.864542
100876367  383481.509151
461373519  2207902.97517
422576207  2022238.4386
403177551  1929406.17031
255066191  1220619.25703
161153103  771198.174407
120815695  578163.508423
100876367  482743.854279
401080399  603826.540695
381681743  574621.864086
233570383  351640.211606
139657295  210254.057622
99319887  149526.089879
79380559  119507.431574
404750415  742109.885902
385351759  706542.450126
237240399  434980.271567
143327311  262790.624718
102989903  188831.98715
83050575  152273.229263
406847567  946124.017058
387448911  901012.44253
239337551  556579.47485
145424463  338184.588706
105087055  244379.946402
85147727  198011.039138
407896143  881667.513094
388497487  839737.318151
240386127  519594.61351
146473039  316601.473798
106135631  229412.166407
86196303  186313.308934
406847567  1146293.02002
387448911  1091637.30674
239337551  674333.549942
145424463  409733.424502
105087055  296082.777462
85147727  239903.720823
408420431  1418648.36708
389021775  1351267.13546
240910415  836802.326502
146997327  510595.215335
106659919  370483.228647
86720591  301223.972838
407896143  1015457.448
388497487  967164.493887
240386127  598441.263167
146473039  364644.630591
106135631  264224.653374
86196303  214585.696319
406847567  1346462.02299
387448911  1282262.17095
239337551  792087.625035
145424463  481282.260299
105087055  347785.608523
85147727  281796.402507
408420431  1686572.16981
389021775  1606465.41986
240910415  994839.558743
146997327  607025.461847
106659919  440452.135511
86720591  358112.680534
411041871  2034451.74051
391643215  1938438.09264
243531855  1205360.91632
149618767  740538.087267
109281359  540888.086371
89342031  442198.382434
406847567  1546631.02595
387448911  1472887.03517
239337551  909841.700126
145424463  552831.096095
105087055  399488.439582
85147727  323689.08419
408420431  1954495.97255
389021775  1861663.70426
240910415  1152876.79098
146997327  703455.708359
106659919  510421.042375
86720591  415001.388231
371982415  560019.525782
223871055  337037.873302
129957967  195651.719318
89620559  134923.751574
69681231  104905.09327
372244559  682510.398926
224133199  410948.220366
130220111  238758.573518
89882703  164799.93595
69943375  128241.178062
370147407  860777.794978
222036047  516344.827298
128122959  297949.941154
87785551  204145.29885
67846223  157776.391587
372506703  805173.238535
224395343  485030.533894
130482255  282037.394182
90144847  194848.08679
70205519  151749.229319
372506703  1049537.6357
224395343  632233.878902
130482255  367633.753462
90144847  253983.106422
70205519  197804.049783
375128143  1303007.60471
227016783  788542.795751
133103695  462335.684583
92766287  322223.697894
72826959  252964.442086
372244559  926702.82963
224133199  557979.59891
130220111  324182.966335
89882703  223762.989119
69943375  174124.032062
373293135  1235413.63028
225181775  745239.084362
131268687  434433.719627
90931279  300937.06785
70991951  234947.861835
375128143  1549091.66652
227016783  937465.805399
133103695  549651.708503
92766287  383078.382167
72826959  300738.927191
374079567  1851506.81687
225968207  1118429.64055
132055119  653606.81149
91717711  453956.810594
71778383  355267.106659
374079567  1422063.47395
225968207  859018.138911
132055119  502007.534879
91717711  348664.878367
71778383  272865.522975
375128143  1795175.72833
227016783  1086388.81505
133103695  636967.732423
92766287  443933.066439
72826959  348513.412295
217317455  327171.428502
123404367  185785.274518
83066959  125057.306774
63127631  95038.6484705
216793167  397490.271694
122880079  225300.624846
82542671  151341.987278
62603343  114783.22939
217186383  505066.933666
123273295  286672.047522
82935887  192867.405218
62996559  146498.497954
216793167  468598.43047
122880079  265605.290758
82542671  178415.983367
62603343  135317.125894
216793167  610814.748023
122880079  346214.622583
82542671  232563.975543
62603343  176384.918902
217579599  755762.737126
123666511  429555.625958
83329103  289443.63927
63389775  220184.383463
218234959  543295.93043
124321871  309499.297855
83984463  209079.320638
64045135  159440.363582
218234959  722248.596811
124321871  411443.232075
83984463  277946.580299
64045135  211957.374283
218497103  902283.786838
124584015  514469.689943
84246607  347896.363607
64307279  265556.908631
218628175  1082100.15216
124715087  617277.323106
84377679  417627.322211
64438351  318937.618275
217448527  826630.57539
123535439  469619.971358
83198031  316277.314846
63258703  240477.959454
218234959  1044363.39629
124321871  594942.313671
83984463  401907.647686
64045135  306487.993543
118685775  178681.434262
78348367  117953.466518
58409039  87934.8082145
117964879  216288.605646
77627471  142329.968078
57688143  105771.210191
118358095  275241.749922
78020687  181437.107618
58081359  135068.200354
118751311  256680.958726
78413903  169491.651334
58474575  126392.793862
118554703  334027.875702
78217295  220377.228663
58277967  164198.172023
119668815  415669.628902
79331407  275557.642214
59392079  206298.386407
118751311  295631.388735
78413903  195211.411518
58474575  145572.454462
118882383  393441.246539
78544975  259944.594762
58605647  193955.388747
119734351  494443.002455
79396943  327869.676119
59457615  245530.221142
119341135  590678.947683
79003727  391028.946787
59064399  292339.24285
118816847  451682.24387
78479439  298339.587358
58540111  222540.231966
119668815  572675.114183
79331407  379640.448199
59392079  284220.794055
76251215  114796.204183
56311887  84777.5458785
75726927  138845.320654
55787599  102286.562766
75759695  176179.170723
55820367  129810.263458
75726927  163683.75271
55787599  120584.895238
75792463  213545.264503
55853135  157366.207862
75923535  263720.398822
55984207  194461.143014
75759695  188603.760703
55820367  138964.803647
75890767  251160.493387
55951439  185171.287371
76251215  314879.392343
56311887  232539.937367
76218447  377243.203427
56279119  278553.499491
75989071  288872.453406
56049743  213073.098014
76611663  366625.113286
56672335  271205.459143
55132239  83001.5858145
55001167  100844.639694
54640719  127066.992034
54673487  118176.74215
54673487  154042.549622
54542415  189453.078502
54870095  136599.101502
54526031  180453.899594
54820943  226383.084119
54558799  270038.77565
54542415  207342.990622
54640719  261483.160775
29427683  44303.3767565
30996451  46665.1569805
31006691  47068.156938
31011811  47851.224373
30473699  47782.760032
30127075  44979.722975
29979619  46003.7253555
29362147  53835.4965245
30930915  56711.8326525
30941155  57117.37213
30946275  57900.480525
30408163  57653.877048
30061539  54742.062519
29914083  55714.9795875
29149155  67786.3599525
30717923  71434.5299365
30728163  71842.445094
30733283  72622.747729
30195171  72106.068348
29848547  69039.689211
29701091  69931.2187595
29140963  62988.1915245
30709731  66379.0835565
30719971  66785.216954
30725091  67564.475109
30186979  67135.841296
29840355  64126.922895
29692899  65042.2952595
29042659  81827.6917325
30611427  86247.6955725
30621667  86659.31761
30626787  87439.476885
30088675  86655.384
29742051  83426.453055
29594595  83012.838975
29124579  101164.225157
30693347  106613.340804
30703587  107032.704282
30708707  107818.270277
30170595  106683.22392
29823971  103220.763631
29676515  103941.993787
29149155  72566.8213725
30717923  76472.2693085
30728163  76881.863826
30733283  77663.006141
30195171  77058.076392
29848547  73934.850919
29701091  74802.1976835
29059043  96170.9028085
30627811  101362.740505
30638051  101779.605422
30643171  102562.693337
30105059  101514.258948
29758435  98113.560195
29610979  97627.397763
29140963  120337.606708
30709731  126815.834165
30719971  127242.119882
30725091  128031.454197
30186979  126543.815968
29840355  122852.741535
29692899  123477.920492
29042659  143746.64072
30611427  151511.257937
30621667  151944.711654
30626787  152735.786769
30088675  150804.4391
29742051  146836.505787
29594595  146108.515515
29067235  110499.093853
30636003  116462.765404
30646243  116884.770802
30651363  117670.582557
30113251  116357.601864
29766627  112785.749703
29619171  112227.038919
29157347  139532.484069
30726115  147039.823333
30736355  147473.03129
30741475  148266.133925
30203363  146425.903824
29856739  142506.215247
29709283  143035.343003
30160867  45407.1852685
30171107  45799.740426
30176227  46561.918261
29638115  46472.56432
29291491  43732.196063
29144035  43512.044255
29894627  54811.7986045
29904867  55204.384482
29909987  55961.585677
29371875  55689.075
29025251  52854.982071
28877795  52586.464695
29812707  69329.4501285
29822947  69726.050086
29828067  70483.722321
29289955  69944.41254
28943331  66945.924603
28795875  66604.858875
29906915  64643.7967725
29917155  65039.89497
29922275  65799.082725
29384163  65350.378512
29037539  62401.671311
28890083  62084.788367
29702115  83685.7090125
29712355  84085.96465
29717475  84843.391125
29179363  84036.56544
28832739  80875.832895
28685283  80462.218815
29702115  103170.296452
29712355  103577.26953
29717475  104338.054725
29179363  103178.227568
28832739  99790.109679
28685283  99279.764463
29779939  74137.1581405
29790179  74535.027858
29795299  75292.720573
29257187  74664.341224
28910563  71611.464551
28763107  71246.216039
29751267  98461.8181365
29761507  98867.726254
29766627  99628.900569
29228515  98558.55258
28881891  95223.594627
28734435  94737.432195
29677539  122553.397301
29687779  122966.780618
29692899  123730.310133
29154787  122216.867104
28808163  118603.207071
28660707  117996.130719
29685731  146929.525584
29695971  147351.408102
29701091  148119.340817
29162979  146164.850748
28816355  142266.344635
28668899  141538.354363
29714403  112959.303004
29724643  113369.788402
29729763  114132.560157
29191651  112796.539464
28845027  109293.807303
28697571  108735.096519
29636579  141825.848805
29646819  142245.437562
29651939  143011.301797
29113827  141143.833296
28767203  137305.859919
28619747  136602.052431
29822947  50341.134536
29828067  51095.478771
29289955  50905.94179
28943331  48132.759453
28795875  47887.540125
29589475  62167.486975
29594595  62918.10897
29056483  62500.494933
28709859  59601.667284
28562403  59295.548628
29376483  79918.7220015
29381603  80667.1910365
28843491  79910.8918155
28496867  76813.3049985
28349411  76415.8373505
29380579  73862.775606
29385699  74610.289761
28847587  73965.213068
28500963  70938.896907
28353507  70571.878923
29245411  97679.67274
29250531  98428.036815
28712419  97335.10041
28365795  94032.610425
28218339  93543.793785
29216739  121716.934674
29221859  122468.811069
28683747  120930.677352
28337123  117344.026343
28189667  116733.411047
29329379  85847.092333
29334499  86595.441048
28796387  85726.844099
28449763  82561.212226
28302307  82133.294914
29198307  115610.696567
29203427  116361.054882
28665315  114933.580493
28318691  111419.88974
28171235  110839.724108
29171683  133577.136457
29176803  134330.001012
28638691  132568.500639
28292067  128842.073118
28144611  128170.558494
29572067  60711.453551
29033955  60332.55849
28687331  57460.723993
28539875  57165.369625
29247459  77096.301924
28709347  76395.572367
28362723  73346.001678
28215267  72964.680462
29114339  102205.88706
28576227  101031.250559
28229603  97688.5411815
28082147  97178.2696935
29182947  93939.906393
28644835  92923.84474
28298211  89677.030659
28150755  89209.742595
28110819  121860.400365
27963363  121221.178605
29149155  110825.08731
28611043  109494.461561
28264419  106048.100088
28116963  105494.845176
