25.0  99006
25.0  89054
25.0  82302
25.0  62278
25.0  51418
25.0  46750
27.0  44652
35.0  92158
35.0  82206
35.0  75454
35.0  55430
35.0  44570
35.0  39902
35.0  37804
50.0  85566
50.0  75614
50.0  68862
50.0  48838
50.0  37978
50.0  33310
50.0  31212
45.0  91902
45.0  81950
45.0  75198
45.0  55174
45.0  44314
45.0  39646
45.0  37548
65.0  85566
65.0  75614
65.0  68862
65.0  48838
65.0  37978
65.0  33310
65.0  31212
85.0  83582
85.0  73630
85.0  66878
85.0  46854
85.0  35994
85.0  31326
85.0  29228
55.0  90878
55.0  80926
55.0  74174
55.0  54150
55.0  43290
55.0  38622
55.0  36524
80.0  84670
80.0  74718
80.0  67966
80.0  47942
80.0  37082
80.0  32414
80.0  30316
105.0  86462
105.0  76510
105.0  69758
105.0  49734
105.0  38874
105.0  34206
105.0  32108
130.0  84222
130.0  74270
130.0  67518
130.0  47494
130.0  36634
130.0  31966
130.0  29868
95.0  86334
95.0  76382
95.0  69630
95.0  49606
95.0  38746
95.0  34078
95.0  31980
125.0  84030
125.0  74078
125.0  67326
125.0  47302
125.0  36442
125.0  31774
125.0  29676
25.0  78110
25.0  71358
25.0  51334
25.0  40474
25.0  35806
25.0  33708
35.0  71582
35.0  64830
35.0  44806
35.0  33946
35.0  29278
35.0  27180
50.0  67646
50.0  60894
50.0  40870
50.0  30010
50.0  25342
50.0  23244
45.0  70398
45.0  63646
45.0  43622
45.0  32762
45.0  28094
45.0  25996
65.0  67646
65.0  60894
65.0  40870
65.0  30010
65.0  25342
65.0  23244
85.0  66526
85.0  59774
85.0  39750
85.0  28890
85.0  24222
85.0  22124
55.0  69726
55.0  62974
55.0  42950
55.0  32090
55.0  27422
55.0  25324
80.0  66654
80.0  59902
80.0  39878
80.0  29018
80.0  24350
80.0  22252
105.0  65534
105.0  58782
105.0  38758
105.0  27898
105.0  23230
105.0  21132
130.0  64958
130.0  58206
130.0  38182
130.0  27322
130.0  22654
130.0  20556
95.0  67134
95.0  60382
95.0  40358
95.0  29498
95.0  24830
95.0  22732
125.0  64350
125.0  57598
125.0  37574
125.0  26714
125.0  22046
125.0  19948
33.0  64974
33.0  44950
33.0  34090
33.0  29422
33.0  27324
35.0  59582
35.0  39558
35.0  28698
35.0  24030
35.0  21932
50.0  55982
50.0  35958
50.0  25098
50.0  20430
50.0  18332
45.0  58430
45.0  38406
45.0  27546
45.0  22878
45.0  20780
65.0  55646
65.0  35622
65.0  24762
65.0  20094
65.0  17996
85.0  54990
85.0  34966
85.0  24106
85.0  19438
85.0  17340
55.0  57198
55.0  37174
55.0  26314
55.0  21646
55.0  19548
80.0  54942
80.0  34918
80.0  24058
80.0  19390
80.0  17292
105.0  55694
105.0  35670
105.0  24810
105.0  20142
105.0  18044
130.0  53630
130.0  33606
130.0  22746
130.0  18078
130.0  15980
95.0  55134
95.0  35110
95.0  24250
95.0  19582
95.0  17484
125.0  53470
125.0  33446
125.0  22586
125.0  17918
125.0  15820
33.0  41278
33.0  30418
33.0  25750
33.0  23652
47.0  37126
47.0  26266
47.0  21598
47.0  19500
68.0  34270
68.0  23410
68.0  18742
68.0  16644
61.0  36014
61.0  25154
61.0  20486
61.0  18388
65.0  33270
65.0  22410
65.0  17742
65.0  15644
85.0  32478
85.0  21618
85.0  16950
85.0  14852
75.0  34326
75.0  23466
75.0  18798
75.0  16700
80.0  32566
80.0  21706
80.0  17038
80.0  14940
105.0  31838
105.0  20978
105.0  16310
105.0  14212
130.0  31046
130.0  20186
130.0  15518
130.0  13420
95.0  32286
95.0  21426
95.0  16758
95.0  14660
125.0  31398
125.0  20538
125.0  15870
125.0  13772
49.0  29598
49.0  24930
49.0  22832
71.0  25418
71.0  20750
71.0  18652
68.0  22330
68.0  17662
68.0  15564
93.0  23934
93.0  19266
93.0  17168
89.0  21322
89.0  16654
89.0  14556
117.0  20298
117.0  15630
117.0  13532
115.0  22546
115.0  17878
115.0  15780
110.0  20326
110.0  15658
110.0  13560
131.0  19958
131.0  15290
131.0  13192
104.0  16868
104.0  14770
137.0  16158
137.0  14060
115.0  16922
115.0  14824
