0 0 -1 
1 3 0 
2 6 0 
3 7 0 
4 5 0 
5 3 0 
6 5 0 
7 6 0 
8 2 0 
9 9 0 
10 1 0 
11 2 0 
12 7 0 
13 0 0 
14 9 0 
15 3 0 
16 6 0 
17 0 0 
18 6 0 
19 2 0 
20 6 0 
21 1 0 
22 8 0 
23 7 0 
24 9 0 
25 2 0 
26 0 0 
27 2 0 
28 3 0 
29 7 0 
30 5 0 
31 9 0 
32 2 0 
33 2 0 
34 8 0 
35 9 0 
36 7 0 
37 3 0 
38 6 0 
39 1 0 
40 2 0 
41 9 0 
42 3 0 
43 1 0 
44 9 0 
45 4 0 
46 7 0 
47 8 0 
48 4 0 
49 5 0 
50 0 0 
51 3 0 
52 6 0 
53 1 0 
54 0 0 
55 6 0 
56 3 0 
57 2 0 
58 0 0 
59 6 0 
60 1 0 
61 5 0 
62 5 0 
63 4 0 
64 7 0 
65 6 0 
66 5 0 
67 6 0 
68 9 0 
69 3 0 
70 7 0 
71 4 0 
72 5 0 
73 2 0 
74 5 0 
75 4 0 
76 7 0 
77 4 0 
78 4 0 
79 3 0 
80 0 0 
81 7 0 
82 8 0 
83 6 0 
84 8 0 
85 8 0 
86 4 0 
87 3 0 
88 1 0 
89 4 0 
90 9 0 
91 2 0 
92 0 0 
93 6 0 
94 8 0 
95 9 0 
96 2 0 
97 6 0 
98 6 0 
99 4 0 
100 9 0 
101 5 0 
102 0 0 
103 4 0 
104 8 0 
105 7 0 
106 1 0 
107 7 0 
108 2 0 
109 7 0 
110 2 0 
111 2 0 
112 6 0 
113 1 0 
114 0 0 
115 6 0 
116 1 0 
117 5 0 
118 9 0 
119 4 0 
120 9 0 
121 0 0 
122 9 0 
123 1 0 
124 7 0 
125 7 0 
126 1 0 
127 1 0 
128 5 0 
129 9 0 
130 167 2 
131 196 7 
132 188 20 
133 191 24 
134 222 12 
135 188 0 
136 153 15 
137 159 15 
138 173 12 
139 201 3 
140 180 8 
141 176 21 
142 218 13 
143 191 18 
144 153 11 
145 181 21 
146 128 15 
147 204 1 
148 168 0 
149 162 11 
150 244 22 
151 177 2 
152 144 2 
153 187 18 
154 133 5 
155 127 9 
156 158 15 
157 139 22 
158 178 19 
159 148 14 
160 126 1 
161 204 22 
162 189 11 
163 236 13 
164 183 7 
165 209 13 
166 237 14 
167 170 14 
168 161 13 
169 121 7 
170 193 5 
171 225 9 
172 216 10 
173 205 22 
174 247 12 
175 250 13 
176 204 8 
177 239 16 
178 96 5 
179 145 7 
180 112 16 
181 114 18 
182 140 18 
183 161 16 
184 123 3 
185 126 17 
186 136 15 
187 174 4 
188 145 9 
189 183 16 
190 198 16 
191 108 15 
192 97 19 
193 168 17 
194 18 0 
195 27 3 
196 12 1 
197 39 3 
198 49 4 
199 88 3 
200 20 5 
201 108 8 
202 18 0 
203 126 8 
204 35 0 
205 161 7 
206 6 0 
207 167 7 
208 0 0 
209 15 0 
210 24 5 
211 30 2 
212 54 6 
213 56 9 
214 110 7 
215 45 6 
216 155 7 
217 18 0 
218 173 7 
219 5 0 
220 178 7 
221 0 3 
222 178 7 
223 18 0 
224 18 5 
225 27 5 
226 24 3 
227 51 9 
228 42 14 
229 93 14 
230 10 7 
231 103 9 
232 12 0 
233 115 9 
234 35 0 
235 150 5 
236 36 3 
237 186 0 
238 2 0 
239 27 20 
240 36 20 
241 42 8 
242 78 24 
243 56 24 
244 134 24 
245 0 10 
246 134 19 
247 27 4 
248 161 19 
249 10 0 
250 171 24 
251 6 0 
252 177 24 
253 14 0 
254 9 1 
255 18 1 
256 24 13 
257 42 6 
258 56 9 
259 98 11 
260 30 11 
261 128 12 
262 15 24 
263 143 17 
264 35 5 
265 178 12 
266 30 20 
267 208 12 
268 14 1 
269 21 6 
270 30 6 
271 24 21 
272 54 6 
273 28 4 
274 82 6 
275 40 12 
276 122 6 
277 0 4 
278 122 0 
279 10 0 
280 132 1 
281 54 20 
282 186 0 
283 2 1 
284 12 10 
285 21 10 
286 18 1 
287 39 11 
288 21 14 
289 60 11 
290 45 15 
291 105 11 
292 12 4 
293 117 14 
294 10 5 
295 127 10 
296 24 3 
297 151 15 
298 2 0 
299 15 11 
300 24 11 
301 0 2 
302 24 12 
303 7 24 
304 31 17 
305 10 16 
306 41 18 
307 24 4 
308 65 19 
309 30 5 
310 95 15 
311 54 20 
312 149 15 
313 10 1 
314 54 6 
315 63 6 
316 2 19 
317 65 11 
318 14 4 
319 79 11 
320 28 6 
321 107 11 
322 0 4 
323 107 13 
324 63 0 
325 170 14 
326 3 21 
327 173 11 
328 0 0 
329 45 21 
330 54 20 
331 5 18 
332 59 15 
333 16 9 
334 75 19 
335 63 7 
336 138 18 
337 0 9 
338 138 19 
339 9 5 
340 147 15 
341 0 3 
342 147 23 
343 54 0 
344 54 5 
345 63 5 
346 4 3 
347 67 9 
348 12 14 
349 79 14 
350 14 22 
351 93 13 
352 0 4 
353 93 13 
354 63 5 
355 156 8 
356 18 3 
357 174 8 
358 6 1 
359 81 15 
360 90 15 
361 7 8 
362 97 19 
363 16 19 
364 113 18 
365 0 19 
366 113 19 
367 0 4 
368 113 19 
369 18 0 
370 131 15 
371 3 20 
372 134 15 
373 42 1 
374 27 21 
375 36 21 
376 4 13 
377 40 22 
378 16 9 
379 56 22 
380 42 11 
381 98 17 
382 0 24 
383 98 18 
384 63 5 
385 161 13 
386 15 20 
387 176 13 
388 42 1 
389 63 7 
390 72 7 
391 4 21 
392 76 12 
393 8 4 
394 84 12 
395 56 17 
396 140 13 
397 0 9 
398 140 8 
399 18 10 
400 158 13 
401 27 21 
402 185 18 
403 6 21 
404 36 11 
405 45 11 
406 3 21 
407 48 16 
408 6 14 
409 54 15 
410 63 18 
411 117 16 
412 0 9 
413 117 11 
414 18 9 
415 135 11 
416 12 23 
417 147 12 
418 6 1 
419 45 16 
420 54 16 
421 0 22 
422 54 21 
423 2 24 
424 56 21 
425 14 23 
426 70 21 
427 0 3 
428 70 2 
429 54 9 
430 124 7 
431 27 21 
432 151 22 
433 30 1 
434 0 10 
435 9 10 
436 12 1 
437 21 10 
438 14 4 
439 35 15 
440 24 5 
441 59 10 
442 6 4 
443 65 14 
444 56 0 
445 121 9 
446 7 21 
447 128 14 
448 0 0 
449 0 20 
450 9 20 
451 30 2 
452 39 22 
453 16 9 
454 55 2 
455 54 20 
456 109 2 
457 6 9 
458 115 7 
459 8 5 
460 123 7 
461 0 3 
462 123 2 
463 81 0 
464 0 5 
465 9 5 
466 24 3 
467 33 0 
468 12 14 
469 45 10 
470 12 17 
471 57 15 
472 4 4 
473 61 24 
474 56 5 
475 117 20 
476 42 4 
477 159 4 
478 9 1 
479 0 20 
480 9 24 
481 42 7 
482 51 23 
483 16 24 
484 67 23 
485 0 10 
486 67 23 
487 9 4 
488 76 24 
489 16 6 
490 92 5 
491 7 20 
492 99 10 
493 63 21 
494 0 16 
495 9 16 
496 24 1 
497 33 21 
498 16 9 
499 49 21 
500 36 16 
501 85 22 
502 5 23 
503 90 22 
504 56 6 
505 146 2 
506 35 24 
507 181 22 
508 63 21 
509 0 5 
510 9 9 
511 24 21 
512 33 4 
513 8 4 
514 41 0 
515 48 12 
516 89 1 
517 0 14 
518 89 1 
519 16 10 
520 105 1 
521 63 16 
522 168 1 
523 9 21 
524 0 10 
525 9 10 
526 18 6 
527 27 10 
528 6 14 
529 33 10 
530 54 15 
531 87 15 
532 4 23 
533 91 18 
534 16 6 
535 107 13 
536 28 2 
537 135 12 
538 9 1 
539 0 15 
540 9 15 
541 0 23 
542 9 19 
543 2 24 
544 11 14 
545 12 20 
546 23 10 
547 8 3 
548 31 8 
549 48 10 
550 79 13 
551 63 22 
552 142 18 
553 45 1 
554 12 6 
555 21 6 
556 0 19 
557 21 5 
558 14 4 
559 35 5 
560 12 5 
561 47 0 
562 42 4 
563 89 1 
564 35 5 
565 124 5 
566 9 21 
567 133 5 
568 0 0 
569 10 21 
570 19 16 
571 0 2 
572 19 16 
573 16 9 
574 35 11 
575 27 8 
576 62 12 
577 42 9 
578 104 13 
579 5 5 
580 109 14 
581 0 3 
582 109 8 
583 18 0 
584 12 1 
585 21 1 
586 0 3 
587 21 2 
588 12 14 
589 33 22 
590 6 23 
591 39 17 
592 28 4 
593 67 24 
594 35 10 
595 102 24 
596 54 3 
597 156 19 
598 2 1 
599 18 20 
600 27 20 
601 0 8 
602 27 3 
603 16 24 
604 43 3 
605 0 10 
606 43 3 
607 63 4 
608 106 3 
609 10 6 
610 116 2 
611 9 20 
612 125 22 
613 14 16 
614 6 1 
615 15 2 
616 0 13 
617 15 7 
618 16 7 
619 31 12 
620 18 13 
621 49 13 
622 35 24 
623 84 23 
624 35 6 
625 119 22 
626 45 20 
627 164 15 
628 14 16 
629 14 13 
630 23 13 
631 0 18 
632 23 18 
633 8 17 
634 31 18 
635 24 12 
636 55 13 
637 0 19 
638 55 14 
639 10 10 
640 65 14 
641 81 21 
642 146 19 
643 2 16 
644 8 11 
645 17 11 
646 0 22 
647 17 16 
648 6 13 
649 23 11 
650 27 15 
651 50 16 
652 28 24 
653 78 21 
654 10 6 
655 88 1 
656 36 8 
657 124 2 
658 2 0 
659 10 16 
660 19 16 
661 0 17 
662 19 17 
663 2 18 
664 21 17 
665 6 23 
666 27 17 
667 56 3 
668 83 23 
669 30 10 
670 113 18 
671 81 2 
672 194 22 
673 10 11 
674 12 14 
675 21 14 
676 16 6 
677 37 10 
678 63 3 
679 100 14 
680 28 11 
681 128 12 
682 18 3 
683 146 12 
684 42 5 
685 188 11 
686 1 21 
687 189 11 
688 0 0 
689 10 22 
690 19 22 
691 40 2 
692 59 2 
693 72 2 
694 131 22 
695 63 7 
696 194 2 
697 18 9 
698 212 3 
699 6 5 
700 218 8 
701 0 12 
702 218 8 
703 18 16 
704 12 9 
705 21 9 
706 32 1 
707 53 6 
708 54 19 
709 107 11 
710 14 17 
711 121 12 
712 12 3 
713 133 12 
714 42 13 
715 175 13 
716 6 17 
717 181 12 
718 2 1 
719 18 18 
720 27 18 
721 56 7 
722 83 13 
723 72 23 
724 155 13 
725 0 24 
726 155 13 
727 27 4 
728 182 14 
729 12 8 
730 194 13 
731 1 20 
732 195 18 
733 14 16 
734 6 2 
735 15 3 
736 32 21 
737 47 23 
738 72 12 
739 119 18 
740 42 16 
741 161 18 
742 15 18 
743 176 19 
744 42 8 
745 218 9 
746 5 24 
747 223 9 
748 14 21 
749 14 12 
750 23 12 
751 32 21 
752 55 17 
753 36 22 
754 91 17 
755 56 22 
756 147 17 
757 0 4 
758 147 24 
759 12 14 
760 159 14 
761 9 16 
762 168 14 
763 2 11 
764 8 12 
765 17 12 
766 24 6 
767 41 11 
768 27 8 
769 68 12 
770 63 18 
771 131 13 
772 12 4 
773 143 14 
774 12 9 
775 155 14 
776 4 18 
777 159 14 
778 2 2 
779 10 19 
780 19 19 
781 0 2 
782 19 19 
783 9 24 
784 28 18 
785 14 20 
786 42 17 
787 24 3 
788 66 2 
789 36 8 
790 102 2 
791 9 17 
792 111 2 
793 10 6 
794 54 7 
795 63 7 
796 6 1 
797 69 6 
798 7 4 
799 76 7 
800 36 5 
801 112 7 
802 24 3 
803 136 2 
804 49 5 
805 185 7 
806 8 24 
807 193 12 
808 0 0 
809 45 22 
810 54 22 
811 15 3 
812 69 23 
813 8 9 
814 77 23 
815 81 20 
816 158 23 
817 24 9 
818 182 3 
819 7 5 
820 189 8 
821 0 24 
822 189 8 
823 36 20 
824 54 6 
825 63 11 
826 12 8 
827 75 12 
828 6 14 
829 81 13 
830 18 6 
831 99 8 
832 16 4 
833 115 3 
834 49 10 
835 164 13 
836 48 24 
837 212 14 
838 4 1 
839 81 8 
840 90 8 
841 21 12 
842 111 7 
843 8 3 
844 119 8 
845 0 10 
846 119 8 
847 36 24 
848 155 3 
849 14 7 
850 169 3 
851 8 20 
852 177 3 
853 28 21 
854 27 23 
855 36 23 
856 12 13 
857 48 18 
858 8 7 
859 56 13 
860 54 16 
861 110 11 
862 20 18 
863 130 12 
864 49 6 
865 179 11 
866 40 24 
867 219 11 
868 28 11 
869 63 8 
870 72 8 
871 12 12 
872 84 13 
873 4 22 
874 88 18 
875 72 12 
876 160 13 
877 0 13 
878 160 14 
879 14 12 
880 174 13 
881 72 20 
882 246 18 
883 4 11 
884 36 8 
885 45 8 
886 9 7 
887 54 7 
888 3 13 
889 57 8 
890 81 15 
891 138 13 
892 16 19 
893 154 18 
894 14 9 
895 168 8 
896 32 24 
897 200 8 
898 4 7 
899 45 15 
900 54 15 
901 0 18 
902 54 15 
903 1 17 
904 55 16 
905 18 11 
906 73 11 
907 32 2 
908 105 12 
909 42 15 
910 147 11 
911 72 20 
912 219 15 
913 20 6 
914 30 10 
915 39 14 
916 0 15 
917 39 14 
918 21 9 
919 60 14 
920 24 5 
921 84 14 
922 6 4 
923 90 9 
924 0 5 
925 90 5 
926 6 2 
927 96 6 
928 0 0 
929 25 21 
930 34 1 
931 0 23 
932 34 22 
933 24 2 
934 58 23 
935 54 20 
936 112 22 
937 6 9 
938 118 14 
939 0 6 
940 118 11 
941 0 2 
942 118 6 
943 27 16 
944 30 5 
945 39 9 
946 0 8 
947 39 8 
948 18 2 
949 57 7 
950 12 5 
951 69 6 
952 4 4 
953 73 1 
954 0 10 
955 73 6 
956 36 23 
957 109 11 
958 3 1 
959 45 15 
960 54 19 
961 0 16 
962 54 15 
963 24 23 
964 78 19 
965 0 10 
966 78 14 
967 9 24 
968 87 19 
969 0 7 
970 87 18 
971 6 2 
972 93 18 
973 21 21 
974 15 16 
975 24 17 
976 0 13 
977 24 18 
978 24 7 
979 48 17 
980 36 10 
981 84 16 
982 5 23 
983 89 21 
984 0 8 
985 89 18 
986 30 23 
987 119 8 
988 21 2 
989 35 17 
990 44 17 
991 0 22 
992 44 17 
993 12 12 
994 56 17 
995 48 20 
996 104 22 
997 0 23 
998 104 22 
999 0 11 
1000 104 17 
1001 54 23 
1002 158 17 
1003 3 16 
1004 20 11 
1005 29 10 
1006 0 22 
1007 29 15 
1008 9 3 
1009 38 20 
1010 54 15 
1011 92 15 
1012 4 23 
1013 96 23 
1014 0 6 
1015 96 18 
1016 24 2 
1017 120 13 
1018 3 2 
1019 25 1 
1020 34 1 
1021 0 23 
1022 34 22 
1023 3 18 
1024 37 22 
1025 12 11 
1026 49 17 
1027 8 2 
1028 57 17 
1029 0 15 
1030 57 16 
1031 54 2 
1032 111 22 
1033 15 16 
1034 12 14 
1035 21 14 
1036 0 6 
1037 21 14 
1038 42 4 
1039 63 14 
1040 4 11 
1041 67 10 
1042 30 4 
1043 97 5 
1044 35 5 
1045 132 5 
1046 4 24 
1047 136 20 
1048 0 20 
1049 10 20 
1050 19 24 
1051 0 2 
1052 19 22 
1053 48 9 
1054 67 17 
1055 9 10 
1056 76 17 
1057 30 9 
1058 106 8 
1059 5 1 
1060 111 2 
1061 0 23 
1062 111 3 
1063 63 20 
1064 12 7 
1065 21 12 
1066 0 1 
1067 21 7 
1068 36 14 
1069 57 12 
1070 2 17 
1071 59 7 
1072 20 4 
1073 79 3 
1074 35 10 
1075 114 13 
1076 24 23 
1077 138 3 
1078 7 24 
1079 18 18 
1080 27 18 
1081 0 12 
1082 27 17 
1083 48 3 
1084 75 18 
1085 0 19 
1086 75 19 
1087 45 0 
1088 120 15 
1089 10 1 
1090 130 16 
1091 4 20 
1092 134 15 
1093 49 21 
1094 6 2 
1095 15 2 
1096 0 21 
1097 15 22 
1098 48 8 
1099 63 23 
1100 6 16 
1101 69 23 
1102 25 1 
1103 94 23 
1104 35 5 
1105 129 9 
1106 20 15 
1107 149 5 
1108 49 21 
1109 14 13 
1110 23 18 
1111 0 19 
1112 23 19 
1113 24 24 
1114 47 19 
1115 8 17 
1116 55 19 
1117 0 9 
1118 55 19 
1119 10 10 
1120 65 14 
1121 36 20 
1122 101 10 
1123 7 24 
1124 8 12 
1125 17 13 
1126 0 11 
1127 17 12 
1128 18 4 
1129 35 12 
1130 9 15 
1131 44 12 
1132 20 8 
1133 64 12 
1134 10 7 
1135 74 12 
1136 16 18 
1137 90 18 
1138 7 15 
1139 10 19 
1140 19 24 
1141 0 23 
1142 19 23 
1143 6 24 
1144 25 24 
1145 2 16 
1146 27 15 
1147 40 7 
1148 67 16 
1149 30 15 
1150 97 17 
1151 36 17 
1152 133 18 
1153 35 15 
