0 0 -1 
1 3 0 
2 7 0 
3 3 0 
4 6 0 
5 9 0 
6 2 0 
7 0 0 
8 3 0 
9 0 0 
10 2 0 
11 1 0 
12 7 0 
13 2 0 
14 2 0 
15 7 0 
16 9 0 
17 2 0 
18 9 0 
19 3 0 
20 1 0 
21 9 0 
22 1 0 
23 4 0 
24 8 0 
25 5 0 
26 3 0 
27 1 0 
28 6 0 
29 2 0 
30 6 0 
31 5 0 
32 4 0 
33 6 0 
34 6 0 
35 3 0 
36 4 0 
37 2 0 
38 4 0 
39 4 0 
40 3 0 
41 7 0 
42 6 0 
43 8 0 
44 3 0 
45 4 0 
46 2 0 
47 6 0 
48 9 0 
49 6 0 
50 4 0 
51 5 0 
52 4 0 
53 7 0 
54 7 0 
55 7 0 
56 2 0 
57 1 0 
58 6 0 
59 5 0 
60 4 0 
61 0 0 
62 1 0 
63 7 0 
64 1 0 
65 9 0 
66 7 0 
67 7 0 
68 6 0 
69 6 0 
70 9 0 
71 8 0 
72 2 0 
73 3 0 
74 0 0 
75 8 0 
76 0 0 
77 6 0 
78 8 0 
79 6 0 
80 1 0 
81 9 0 
82 4 0 
83 1 0 
84 3 0 
85 4 0 
86 4 0 
87 7 0 
88 3 0 
89 7 0 
90 9 0 
91 2 0 
92 7 0 
93 5 0 
94 4 0 
95 8 0 
96 9 0 
97 5 0 
98 8 0 
99 3 0 
100 8 0 
101 6 0 
102 5 0 
103 5 0 
104 2 0 
105 1 0 
106 7 0 
107 9 0 
108 6 0 
109 6 0 
110 6 0 
111 8 0 
112 9 0 
113 0 0 
114 3 0 
115 5 0 
116 2 0 
117 8 0 
118 7 0 
119 6 0 
120 2 0 
121 3 0 
122 9 0 
123 7 0 
124 4 0 
125 0 0 
126 6 0 
127 0 0 
128 3 0 
129 0 0 
130 1 0 
131 5 0 
132 7 0 
133 5 0 
134 9 0 
135 7 0 
136 5 0 
137 5 0 
138 7 0 
139 4 0 
140 0 0 
141 8 0 
142 8 0 
143 4 0 
144 1 0 
145 9 0 
146 0 0 
147 8 0 
148 2 0 
149 6 0 
150 9 0 
151 0 0 
152 8 0 
153 1 0 
154 2 0 
155 2 0 
156 6 0 
157 0 0 
158 1 0 
159 9 0 
160 9 0 
161 9 0 
162 7 0 
163 1 0 
164 5 0 
165 7 0 
166 6 0 
167 3 0 
168 5 0 
169 3 0 
170 4 0 
171 1 0 
172 9 0 
173 9 0 
174 8 0 
175 5 0 
176 9 0 
177 3 0 
178 5 0 
179 1 0 
180 5 0 
181 8 0 
182 8 0 
183 0 0 
184 0 0 
185 4 0 
186 4 0 
187 6 0 
188 1 0 
189 5 0 
190 6 0 
191 1 0 
192 8 0 
193 7 0 
194 1 0 
195 5 0 
196 7 0 
197 3 0 
198 8 0 
199 1 0 
200 9 0 
201 190 0 
202 278 1 
203 145 2 
204 132 2 
205 190 0 
206 136 1 
207 200 2 
208 169 0 
209 161 0 
210 167 1 
211 186 0 
212 355 3 
213 156 2 
214 157 0 
215 207 3 
216 209 0 
217 185 2 
218 164 0 
219 210 2 
220 246 3 
221 191 0 
222 335 1 
223 233 2 
224 179 1 
225 196 0 
226 257 1 
227 220 3 
228 227 0 
229 174 2 
230 232 3 
231 191 0 
232 319 1 
233 172 2 
234 156 3 
235 167 3 
236 218 1 
237 182 0 
238 186 0 
239 165 2 
240 186 3 
241 276 0 
242 433 3 
243 239 2 
244 205 2 
245 229 0 
246 305 0 
247 251 2 
248 252 0 
249 193 0 
250 257 0 
251 233 0 
252 378 3 
253 222 2 
254 181 3 
255 218 2 
256 240 0 
257 231 0 
258 216 0 
259 180 3 
260 226 3 
261 232 0 
262 430 1 
263 221 2 
264 155 2 
265 255 2 
266 274 0 
267 187 0 
268 203 2 
269 193 0 
270 328 0 
271 248 0 
272 319 3 
273 178 2 
274 137 2 
275 201 2 
276 217 0 
277 233 0 
278 171 1 
279 165 2 
280 236 3 
281 267 0 
282 379 0 
283 184 0 
284 141 0 
285 231 0 
286 276 0 
287 259 2 
288 247 3 
289 218 0 
290 301 3 
291 252 0 
292 477 3 
293 239 2 
294 204 3 
295 282 2 
296 302 0 
297 239 3 
298 261 0 
299 245 0 
300 334 2 
301 18 0 
302 74 0 
303 83 0 
304 113 0 
305 185 0 
306 185 0 
307 185 0 
308 188 0 
309 188 0 
310 15 1 
311 78 1 
312 105 1 
313 147 1 
314 219 1 
315 235 1 
316 235 1 
317 262 1 
318 262 1 
319 15 2 
320 15 2 
321 36 2 
322 66 2 
323 102 2 
324 104 2 
325 104 2 
326 131 2 
327 131 2 
328 6 3 
329 27 3 
330 39 3 
331 93 3 
332 102 3 
333 106 3 
334 106 3 
335 130 3 
336 130 3 
337 3 0 
338 38 0 
339 38 0 
340 80 0 
341 161 0 
342 165 0 
343 165 0 
344 180 0 
345 180 0 
346 21 1 
347 35 1 
348 53 1 
349 83 1 
350 83 1 
351 95 1 
352 95 1 
353 122 1 
354 122 1 
355 27 2 
356 83 2 
357 83 2 
358 113 2 
359 185 2 
360 185 2 
361 185 2 
362 194 2 
363 194 2 
364 18 3 
365 67 3 
366 76 3 
367 118 3 
368 136 3 
369 138 3 
370 138 3 
371 153 3 
372 153 3 
373 18 0 
374 60 0 
375 60 0 
376 84 0 
377 138 0 
378 156 0 
379 156 0 
380 159 0 
381 159 0 
382 18 1 
383 32 1 
384 35 1 
385 35 1 
386 116 1 
387 134 1 
388 134 1 
389 149 1 
390 149 1 
391 6 0 
392 62 0 
393 68 0 
394 78 0 
395 134 0 
396 134 0 
397 152 0 
398 161 0 
399 185 0 
400 5 1 
401 68 1 
402 86 1 
403 100 1 
404 156 1 
405 228 3 
406 242 3 
407 323 3 
408 347 3 
409 5 2 
410 5 2 
411 19 2 
412 29 2 
413 57 2 
414 66 2 
415 68 2 
416 149 2 
417 149 2 
418 2 3 
419 23 3 
420 31 3 
421 49 3 
422 56 3 
423 74 3 
424 84 3 
425 156 3 
426 156 3 
427 1 2 
428 36 2 
429 36 2 
430 50 2 
431 113 2 
432 131 2 
433 145 3 
434 190 3 
435 202 3 
436 7 0 
437 21 0 
438 33 0 
439 43 0 
440 43 0 
441 97 0 
442 109 0 
443 190 0 
444 202 0 
445 9 2 
446 65 2 
447 65 2 
448 75 2 
449 131 2 
450 131 2 
451 137 2 
452 164 2 
453 182 2 
454 6 3 
455 55 3 
456 61 3 
457 75 3 
458 89 3 
459 98 1 
460 108 1 
461 153 1 
462 156 1 
463 6 2 
464 48 2 
465 48 2 
466 56 2 
467 98 2 
468 179 2 
469 185 2 
470 194 2 
471 209 2 
472 6 1 
473 20 1 
474 22 1 
475 22 1 
476 85 1 
477 166 1 
478 174 1 
479 219 1 
480 237 1 
481 54 0 
482 62 0 
483 74 0 
484 114 0 
485 154 0 
486 154 0 
487 163 0 
488 169 0 
489 185 0 
490 45 1 
491 54 1 
492 90 1 
493 146 1 
494 186 1 
495 210 1 
496 217 1 
497 271 1 
498 287 1 
499 45 2 
500 45 2 
501 73 2 
502 113 2 
503 133 2 
504 136 2 
505 137 2 
506 191 2 
507 191 2 
508 18 3 
509 21 3 
510 37 3 
511 109 3 
512 114 3 
513 120 3 
514 125 3 
515 173 3 
516 173 3 
517 9 0 
518 14 0 
519 14 0 
520 70 0 
521 115 0 
522 121 0 
523 128 0 
524 158 0 
525 166 0 
526 63 1 
527 65 1 
528 89 1 
529 129 1 
530 129 1 
531 147 1 
532 153 1 
533 207 1 
534 215 1 
535 81 2 
536 89 3 
537 89 3 
538 129 3 
539 169 3 
540 169 3 
541 172 3 
542 190 3 
543 202 3 
544 54 3 
545 61 3 
546 73 3 
547 129 3 
548 139 3 
549 142 1 
550 147 1 
551 177 1 
552 179 1 
553 54 0 
554 60 2 
555 60 2 
556 92 2 
557 122 2 
558 149 2 
559 152 2 
560 158 2 
561 168 2 
562 54 1 
563 56 1 
564 60 1 
565 60 1 
566 105 1 
567 132 1 
568 136 1 
569 166 1 
570 178 1 
571 30 0 
572 62 0 
573 80 0 
574 110 0 
575 134 0 
576 134 0 
577 152 0 
578 156 0 
579 188 0 
580 25 1 
581 61 1 
582 115 1 
583 157 1 
584 181 1 
585 213 1 
586 227 1 
587 263 1 
588 295 1 
589 25 2 
590 25 2 
591 67 2 
592 97 2 
593 109 2 
594 113 2 
595 115 2 
596 151 2 
597 151 2 
598 10 3 
599 22 3 
600 46 3 
601 100 3 
602 103 3 
603 111 3 
604 121 3 
605 153 3 
606 153 3 
607 5 2 
608 25 2 
609 25 2 
610 67 2 
611 94 2 
612 102 2 
613 116 2 
614 136 2 
615 152 2 
616 35 1 
617 43 1 
618 79 1 
619 109 1 
620 109 1 
621 133 1 
622 145 1 
623 181 1 
624 197 1 
625 45 0 
626 77 0 
627 77 0 
628 107 0 
629 131 0 
630 131 0 
631 137 0 
632 149 0 
633 173 0 
634 30 3 
635 58 3 
636 76 3 
637 118 3 
638 124 3 
639 128 3 
640 138 3 
641 158 3 
642 162 3 
643 30 2 
644 54 2 
645 54 2 
646 78 2 
647 96 2 
648 132 2 
649 138 2 
650 142 2 
651 162 2 
652 30 1 
653 38 1 
654 44 1 
655 44 1 
656 71 1 
657 107 1 
658 115 1 
659 135 1 
660 159 1 
661 42 0 
662 90 0 
663 114 0 
664 129 0 
665 161 0 
666 161 0 
667 215 0 
668 224 0 
669 272 0 
670 35 1 
671 89 1 
672 161 1 
673 182 1 
674 214 1 
675 230 3 
676 272 3 
677 353 3 
678 401 3 
679 35 2 
680 35 2 
681 91 2 
682 106 2 
683 122 2 
684 124 2 
685 130 2 
686 211 2 
687 211 2 
688 14 3 
689 32 3 
690 64 3 
691 91 3 
692 95 3 
693 99 3 
694 129 3 
695 201 3 
696 201 3 
697 7 0 
698 37 0 
699 37 0 
700 58 0 
701 94 0 
702 98 0 
703 140 0 
704 185 0 
705 209 0 
706 49 0 
707 61 1 
708 109 1 
709 124 1 
710 124 1 
711 136 1 
712 172 1 
713 253 1 
714 277 1 
715 63 2 
716 111 2 
717 111 2 
718 126 2 
719 158 2 
720 158 2 
721 176 2 
722 203 2 
723 239 2 
724 42 3 
725 84 1 
726 108 1 
727 129 1 
728 137 1 
729 139 1 
730 169 1 
731 214 1 
732 220 1 
733 42 2 
734 78 3 
735 78 3 
736 90 3 
737 114 3 
738 132 2 
739 150 2 
740 159 2 
741 189 2 
742 42 0 
743 54 0 
744 62 0 
745 62 0 
746 98 0 
747 116 0 
748 140 0 
749 185 0 
750 221 0 
751 30 0 
752 62 0 
753 83 0 
754 118 0 
755 174 0 
756 174 0 
757 183 0 
758 189 0 
759 229 0 
760 25 1 
761 61 1 
762 124 1 
763 173 1 
764 229 1 
765 245 1 
766 252 1 
767 306 1 
768 346 1 
769 25 2 
770 25 2 
771 74 2 
772 109 2 
773 137 2 
774 139 2 
775 140 2 
776 194 2 
777 194 2 
778 10 3 
779 22 3 
780 50 3 
781 113 3 
782 120 3 
783 124 3 
784 129 3 
785 177 3 
786 177 3 
787 5 2 
788 25 2 
789 25 2 
790 74 2 
791 137 2 
792 141 2 
793 148 2 
794 178 2 
795 198 2 
796 35 1 
797 43 1 
798 85 1 
799 120 1 
800 120 1 
801 132 1 
802 138 1 
803 192 1 
804 212 1 
805 45 0 
806 77 0 
807 77 0 
808 112 0 
809 168 0 
810 168 0 
811 171 0 
812 189 0 
813 219 0 
814 30 3 
815 58 3 
816 79 3 
817 128 3 
818 142 3 
819 144 3 
820 149 3 
821 179 3 
822 184 3 
823 30 1 
824 54 3 
825 54 3 
826 82 3 
827 124 3 
828 142 3 
829 145 3 
830 151 3 
831 176 3 
832 30 1 
833 38 1 
834 45 1 
835 45 1 
836 108 1 
837 126 1 
838 130 1 
839 160 1 
840 190 1 
841 0 0 
842 8 0 
843 29 0 
844 34 0 
845 106 0 
846 106 0 
847 169 0 
848 175 0 
849 223 0 
850 0 1 
851 9 1 
852 72 1 
853 79 1 
854 151 1 
855 207 1 
856 256 1 
857 310 1 
858 358 1 
859 0 2 
860 0 2 
861 49 2 
862 54 2 
863 90 2 
864 97 2 
865 104 2 
866 158 2 
867 158 2 
868 0 3 
869 3 3 
870 31 3 
871 40 3 
872 49 3 
873 63 3 
874 98 3 
875 146 3 
876 146 3 
877 0 2 
878 5 2 
879 5 2 
880 12 2 
881 93 2 
882 107 2 
883 156 2 
884 186 2 
885 210 2 
886 0 0 
887 2 0 
888 44 0 
889 49 0 
890 49 0 
891 91 0 
892 133 0 
893 187 0 
894 211 0 
895 0 2 
896 8 2 
897 8 2 
898 13 2 
899 85 2 
900 85 2 
901 106 2 
902 124 2 
903 160 2 
904 0 3 
905 7 1 
906 28 1 
907 35 1 
908 53 1 
909 60 3 
910 95 3 
911 125 1 
912 131 3 
913 0 0 
914 6 0 
915 6 0 
916 10 0 
917 64 0 
918 127 0 
919 148 0 
920 154 0 
921 184 0 
922 0 1 
923 2 1 
924 9 1 
925 9 1 
926 90 1 
927 153 1 
928 181 1 
929 211 1 
930 247 1 
931 48 0 
932 64 0 
933 73 0 
934 73 0 
935 137 0 
936 137 0 
937 191 0 
938 199 0 
939 247 0 
940 40 1 
941 58 1 
942 85 1 
943 85 1 
944 149 1 
945 149 1 
946 191 1 
947 263 1 
948 311 1 
949 40 2 
950 40 2 
951 61 2 
952 61 2 
953 93 2 
954 93 2 
955 99 2 
956 171 2 
957 171 2 
958 16 3 
959 22 3 
960 34 3 
961 34 3 
962 42 3 
963 42 3 
964 72 3 
965 136 3 
966 136 3 
967 8 2 
968 18 2 
969 18 2 
970 18 2 
971 90 2 
972 90 2 
973 132 2 
974 172 2 
975 196 2 
976 56 1 
977 60 1 
978 78 1 
979 78 1 
980 78 1 
981 78 1 
982 114 1 
983 186 1 
984 210 1 
985 72 0 
986 88 0 
987 88 0 
988 88 0 
989 152 0 
990 152 0 
991 170 0 
992 194 0 
993 230 0 
994 48 3 
995 62 3 
996 71 3 
997 71 3 
998 87 3 
999 87 3 
1000 117 3 
1001 157 3 
1002 163 3 
1003 48 1 
1004 60 1 
1005 60 1 
1006 60 1 
1007 108 1 
1008 108 1 
1009 126 1 
1010 134 3 
1011 164 2 
1012 48 3 
1013 52 3 
1014 55 3 
1015 55 3 
1016 127 1 
1017 127 1 
1018 151 1 
1019 191 1 
1020 227 1 
1021 54 0 
1022 86 0 
1023 89 0 
1024 104 0 
1025 136 0 
1026 136 0 
1027 199 0 
1028 202 0 
1029 258 0 
1030 45 1 
1031 81 1 
1032 90 1 
1033 111 1 
1034 143 1 
1035 175 1 
1036 224 1 
1037 251 1 
1038 307 1 
1039 45 2 
1040 45 2 
1041 52 2 
1042 67 2 
1043 83 2 
1044 87 2 
1045 94 2 
1046 121 2 
1047 121 2 
1048 18 0 
1049 30 0 
1050 34 0 
1051 61 0 
1052 65 0 
1053 73 0 
1054 108 0 
1055 132 0 
1056 132 0 
1057 9 2 
1058 29 2 
1059 29 2 
1060 50 2 
1061 86 2 
1062 94 2 
1063 143 2 
1064 158 2 
1065 186 2 
1066 63 1 
1067 71 1 
1068 77 1 
1069 92 1 
1070 92 1 
1071 116 1 
1072 158 1 
1073 185 1 
1074 213 1 
1075 81 2 
1076 113 2 
1077 113 2 
1078 128 2 
1079 160 2 
1080 160 2 
1081 181 2 
1082 190 2 
1083 232 2 
1084 54 3 
1085 82 3 
1086 85 3 
1087 106 3 
1088 114 3 
1089 118 3 
1090 153 3 
1091 168 3 
1092 175 3 
1093 54 0 
1094 78 0 
1095 78 0 
1096 90 0 
1097 114 0 
1098 150 0 
1099 171 0 
1100 174 0 
1101 209 0 
1102 54 1 
1103 62 3 
1104 63 1 
1105 63 1 
1106 99 1 
1107 135 1 
1108 163 1 
1109 178 1 
1110 220 3 
1111 12 0 
1112 68 0 
1113 83 0 
1114 103 0 
1115 167 0 
1116 167 0 
1117 212 0 
1118 220 0 
1119 244 0 
1120 10 1 
1121 73 1 
1122 118 1 
1123 146 1 
1124 210 1 
1125 282 1 
1126 317 1 
1127 389 1 
1128 413 3 
1129 10 2 
1130 10 2 
1131 45 2 
1132 65 2 
1133 97 2 
1134 106 2 
1135 111 2 
1136 183 2 
1137 183 2 
1138 4 3 
1139 25 3 
1140 45 3 
1141 81 3 
1142 89 3 
1143 107 3 
1144 132 3 
1145 196 3 
1146 196 3 
1147 2 2 
1148 37 2 
1149 37 2 
1150 65 2 
1151 137 2 
1152 155 2 
1153 190 2 
1154 230 2 
1155 242 2 
1156 14 0 
1157 28 0 
1158 58 0 
1159 78 0 
1160 78 0 
1161 132 0 
1162 162 0 
1163 234 0 
1164 246 0 
1165 18 2 
1166 74 2 
1167 74 2 
1168 94 2 
1169 158 3 
1170 158 3 
1171 173 3 
1172 197 3 
1173 215 3 
1174 12 3 
1175 61 2 
1176 76 2 
1177 104 2 
1178 120 2 
1179 129 2 
1180 154 2 
1181 194 2 
1182 197 2 
1183 12 0 
1184 54 0 
1185 54 0 
1186 70 0 
1187 118 0 
1188 199 0 
1189 214 0 
1190 222 0 
1191 237 0 
1192 12 1 
1193 26 1 
1194 31 3 
1195 31 3 
1196 103 3 
1197 184 2 
1198 204 2 
1199 244 2 
1200 262 2 
