0 0 -1 
1 3 0 
2 6 0 
3 7 0 
4 5 0 
5 3 0 
6 5 0 
7 6 0 
8 2 0 
9 9 0 
10 1 0 
11 2 0 
12 7 0 
13 0 0 
14 9 0 
15 3 0 
16 6 0 
17 0 0 
18 6 0 
19 2 0 
20 6 0 
21 1 0 
22 8 0 
23 7 0 
24 9 0 
25 2 0 
26 0 0 
27 2 0 
28 3 0 
29 7 0 
30 5 0 
31 9 0 
32 2 0 
33 2 0 
34 8 0 
35 9 0 
36 7 0 
37 3 0 
38 6 0 
39 1 0 
40 2 0 
41 9 0 
42 3 0 
43 1 0 
44 9 0 
45 4 0 
46 7 0 
47 8 0 
48 4 0 
49 5 0 
50 0 0 
51 3 0 
52 6 0 
53 1 0 
54 0 0 
55 6 0 
56 3 0 
57 2 0 
58 0 0 
59 6 0 
60 1 0 
61 5 0 
62 5 0 
63 4 0 
64 7 0 
65 6 0 
66 5 0 
67 6 0 
68 9 0 
69 3 0 
70 7 0 
71 4 0 
72 5 0 
73 2 0 
74 5 0 
75 4 0 
76 7 0 
77 4 0 
78 4 0 
79 3 0 
80 0 0 
81 7 0 
82 8 0 
83 6 0 
84 8 0 
85 8 0 
86 4 0 
87 3 0 
88 1 0 
89 4 0 
90 9 0 
91 2 0 
92 0 0 
93 6 0 
94 8 0 
95 9 0 
96 2 0 
97 6 0 
98 6 0 
99 4 0 
100 9 0 
101 5 0 
102 0 0 
103 4 0 
104 8 0 
105 7 0 
106 1 0 
107 7 0 
108 2 0 
109 7 0 
110 2 0 
111 2 0 
112 6 0 
113 1 0 
114 0 0 
115 6 0 
116 1 0 
117 5 0 
118 9 0 
119 4 0 
120 9 0 
121 0 0 
122 9 0 
123 1 0 
124 7 0 
125 7 0 
126 1 0 
127 1 0 
128 5 0 
129 9 0 
130 7 0 
131 7 0 
132 6 0 
133 7 0 
134 3 0 
135 6 0 
136 5 0 
137 6 0 
138 3 0 
139 9 0 
140 4 0 
141 8 0 
142 1 0 
143 2 0 
144 9 0 
145 3 0 
146 9 0 
147 0 0 
148 8 0 
149 8 0 
150 5 0 
151 0 0 
152 9 0 
153 6 0 
154 3 0 
155 8 0 
156 5 0 
157 6 0 
158 1 0 
159 1 0 
160 5 0 
161 9 0 
162 8 0 
163 4 0 
164 8 0 
165 1 0 
166 0 0 
167 3 0 
168 0 0 
169 4 0 
170 4 0 
171 4 0 
172 4 0 
173 7 0 
174 6 0 
175 3 0 
176 1 0 
177 7 0 
178 5 0 
179 9 0 
180 6 0 
181 2 0 
182 1 0 
183 7 0 
184 8 0 
185 5 0 
186 7 0 
187 4 0 
188 1 0 
189 8 0 
190 5 0 
191 9 0 
192 7 0 
193 5 0 
194 3 0 
195 8 0 
196 8 0 
197 3 0 
198 1 0 
199 8 0 
200 9 0 
201 6 0 
202 4 0 
203 3 0 
204 3 0 
205 3 0 
206 8 0 
207 6 0 
208 0 0 
209 4 0 
210 8 0 
211 8 0 
212 8 0 
213 9 0 
214 7 0 
215 7 0 
216 6 0 
217 4 0 
218 3 0 
219 0 0 
220 3 0 
221 0 0 
222 9 0 
223 2 0 
224 5 0 
225 4 0 
226 0 0 
227 5 0 
228 9 0 
229 4 0 
230 6 0 
231 9 0 
232 2 0 
233 2 0 
234 4 0 
235 7 0 
236 7 0 
237 5 0 
238 4 0 
239 8 0 
240 1 0 
241 2 0 
242 8 0 
243 9 0 
244 3 0 
245 6 0 
246 8 0 
247 0 0 
248 2 0 
249 1 0 
250 0 0 
251 5 0 
252 1 0 
253 1 0 
254 0 0 
255 8 0 
256 5 0 
257 0 0 
258 6 0 
259 4 0 
260 6 0 
261 2 0 
262 5 0 
263 8 0 
264 6 0 
265 2 0 
266 8 0 
267 4 0 
268 7 0 
269 2 0 
270 4 0 
271 0 0 
272 6 0 
273 2 0 
274 9 0 
275 9 0 
276 0 0 
277 8 0 
278 1 0 
279 3 0 
280 1 0 
281 1 0 
282 0 0 
283 3 0 
284 4 0 
285 0 0 
286 3 0 
287 9 0 
288 1 0 
289 9 0 
290 6 0 
291 9 0 
292 3 0 
293 3 0 
294 8 0 
295 0 0 
296 5 0 
297 6 0 
298 6 0 
299 4 0 
300 0 0 
301 0 0 
302 4 0 
303 6 0 
304 2 0 
305 6 0 
306 7 0 
307 5 0 
308 6 0 
309 9 0 
310 8 0 
311 7 0 
312 2 0 
313 8 0 
314 2 0 
315 9 0 
316 9 0 
317 6 0 
318 0 0 
319 2 0 
320 7 0 
321 6 0 
322 1 0 
323 3 0 
324 2 0 
325 1 0 
326 5 0 
327 9 0 
328 9 0 
329 1 0 
330 4 0 
331 9 0 
332 1 0 
333 0 0 
334 7 0 
335 5 0 
336 8 0 
337 7 0 
338 0 0 
339 4 0 
340 8 0 
341 0 0 
342 4 0 
343 2 0 
344 9 0 
345 6 0 
346 1 0 
347 0 0 
348 4 0 
349 2 0 
350 2 0 
351 2 0 
352 0 0 
353 5 0 
354 5 0 
355 2 0 
356 9 0 
357 0 0 
358 2 0 
359 8 0 
360 3 0 
361 8 0 
362 0 0 
363 4 0 
364 0 0 
365 9 0 
366 1 0 
367 9 0 
368 6 0 
369 2 0 
370 5 0 
371 4 0 
372 4 0 
373 9 0 
374 9 0 
375 3 0 
376 6 0 
377 0 0 
378 5 0 
379 0 0 
380 2 0 
381 9 0 
382 4 0 
383 3 0 
384 5 0 
385 1 0 
386 7 0 
387 4 0 
388 3 0 
389 1 0 
390 4 0 
391 6 0 
392 9 0 
393 4 0 
394 2 0 
395 2 0 
396 6 0 
397 4 0 
398 1 0 
399 2 0 
400 8 0 
401 8 0 
402 9 0 
403 2 0 
404 8 0 
405 8 0 
406 8 0 
407 6 0 
408 8 0 
409 3 0 
410 8 0 
411 3 0 
412 3 0 
413 3 0 
414 8 0 
415 0 0 
416 4 0 
417 7 0 
418 6 0 
419 8 0 
420 9 0 
421 0 0 
422 6 0 
423 8 0 
424 7 0 
425 9 0 
426 0 0 
427 3 0 
428 3 0 
429 3 0 
430 7 0 
431 3 0 
432 2 0 
433 6 0 
434 5 0 
435 2 0 
436 6 0 
437 5 0 
438 8 0 
439 7 0 
440 9 0 
441 6 0 
442 0 0 
443 4 0 
444 1 0 
445 0 0 
446 4 0 
447 8 0 
448 7 0 
449 0 0 
450 8 0 
451 6 0 
452 223 7 
453 316 5 
454 346 11 
455 288 2 
456 400 6 
457 306 6 
458 213 35 
459 245 19 
460 271 17 
461 252 10 
462 392 7 
463 262 31 
464 326 9 
465 294 5 
466 302 11 
467 280 21 
468 264 6 
469 284 14 
470 308 10 
471 401 4 
472 308 28 
473 200 0 
474 225 33 
475 276 5 
476 227 6 
477 333 1 
478 299 24 
479 343 5 
480 336 21 
481 249 8 
482 249 16 
483 355 0 
484 365 1 
485 373 21 
486 472 14 
487 433 15 
488 301 8 
489 223 18 
490 344 33 
491 296 30 
492 363 18 
493 308 35 
494 372 19 
495 333 31 
496 278 7 
497 189 29 
498 243 29 
499 296 13 
500 197 17 
501 357 27 
502 257 35 
503 200 4 
504 178 28 
505 174 17 
506 197 23 
507 266 15 
508 203 31 
509 275 4 
510 214 13 
511 216 28 
512 342 21 
513 339 0 
514 338 23 
515 344 34 
516 490 10 
517 405 9 
518 324 33 
519 242 22 
520 311 10 
521 294 31 
522 362 10 
523 333 3 
524 389 7 
525 375 14 
526 336 1 
527 336 33 
528 275 1 
529 385 7 
530 277 0 
531 478 34 
532 389 11 
533 264 8 
534 283 2 
535 285 17 
536 290 3 
537 407 34 
538 333 33 
539 414 21 
540 350 28 
541 369 20 
542 351 19 
543 302 5 
544 326 3 
545 374 9 
546 530 0 
547 331 22 
548 326 14 
549 276 27 
550 326 18 
551 224 7 
552 340 14 
553 332 29 
554 441 15 
555 356 27 
556 277 29 
557 309 18 
558 340 35 
559 343 0 
560 271 26 
561 455 14 
562 277 29 
563 220 7 
564 200 5 
565 220 4 
566 153 1 
567 280 6 
568 316 25 
569 344 27 
570 260 26 
571 342 21 
572 339 19 
573 342 8 
574 371 6 
575 316 11 
576 453 33 
577 377 4 
578 274 26 
579 237 9 
580 306 17 
581 193 17 
582 380 14 
583 305 27 
584 328 29 
585 373 21 
586 366 6 
587 253 20 
588 330 33 
589 454 1 
590 338 15 
591 504 16 
592 375 23 
593 281 26 
594 282 20 
595 380 12 
596 235 34 
597 417 18 
598 266 10 
599 384 31 
600 351 31 
601 359 7 
602 322 29 
603 374 4 
604 372 20 
605 278 26 
606 442 12 
607 395 30 
608 271 22 
609 257 12 
610 318 22 
611 231 35 
612 407 32 
613 335 16 
614 379 22 
615 285 18 
616 355 12 
617 277 0 
618 314 24 
619 298 0 
620 298 34 
621 401 8 
622 291 28 
623 224 9 
624 188 13 
625 253 32 
626 249 27 
627 293 5 
628 285 33 
629 309 31 
630 330 25 
631 322 9 
632 335 16 
633 321 35 
634 391 22 
635 313 33 
636 475 23 
637 379 0 
638 303 5 
639 305 34 
640 362 20 
641 237 22 
642 455 19 
643 353 6 
644 418 16 
645 344 18 
646 375 6 
647 266 35 
648 368 11 
649 356 19 
650 347 32 
651 452 14 
652 440 17 
653 268 28 
654 226 8 
655 310 29 
656 253 3 
657 387 22 
658 337 6 
659 365 29 
660 310 13 
661 300 20 
662 269 6 
663 409 4 
664 397 34 
665 352 17 
666 482 5 
667 400 9 
668 283 20 
669 250 26 
670 310 22 
671 285 19 
672 401 32 
673 341 26 
674 377 21 
675 327 14 
676 343 25 
677 0 0 
678 6 0 
679 12 1 
680 18 0 
681 35 5 
682 53 0 
683 0 6 
684 53 0 
685 9 0 
686 62 0 
687 0 0 
688 62 6 
689 54 0 
690 116 0 
691 18 0 
692 134 6 
693 9 0 
694 143 12 
695 8 0 
696 151 6 
697 12 0 
698 163 0 
699 42 0 
700 205 30 
701 0 0 
702 205 31 
703 0 0 
704 205 1 
705 18 0 
706 15 0 
707 21 0 
708 48 2 
709 69 0 
710 0 11 
711 69 0 
712 30 7 
713 99 0 
714 27 0 
715 126 0 
716 20 6 
717 146 0 
718 36 30 
719 182 0 
720 2 0 
721 184 0 
722 0 0 
723 184 5 
724 0 0 
725 184 35 
726 0 0 
727 184 5 
728 63 0 
729 247 4 
730 0 1 
731 247 5 
732 54 5 
733 301 0 
734 15 0 
735 27 0 
736 33 0 
737 54 3 
738 87 5 
739 42 17 
740 129 5 
741 10 8 
742 139 11 
743 3 0 
744 142 5 
745 30 12 
746 172 11 
747 0 30 
748 172 11 
749 0 0 
750 172 11 
751 36 0 
752 208 11 
753 4 0 
754 212 11 
755 10 0 
756 222 11 
757 28 0 
758 250 11 
759 0 1 
760 250 11 
761 72 5 
762 322 11 
763 24 6 
764 12 0 
765 18 5 
766 18 4 
767 36 4 
768 28 23 
769 64 34 
770 45 9 
771 109 34 
772 27 0 
773 136 34 
774 10 6 
775 146 4 
776 12 30 
777 158 34 
778 14 0 
779 172 4 
780 18 0 
781 190 4 
782 0 0 
783 190 4 
784 0 0 
785 190 4 
786 14 0 
787 204 4 
788 0 1 
789 204 3 
790 63 5 
791 267 3 
792 21 7 
793 18 0 
794 24 1 
795 36 10 
796 60 7 
797 42 35 
798 102 11 
799 45 12 
800 147 11 
801 18 0 
802 165 11 
803 30 12 
804 195 11 
805 42 30 
806 237 11 
807 10 0 
808 247 11 
809 18 0 
810 265 11 
811 9 0 
812 274 11 
813 4 0 
814 278 11 
815 14 0 
816 292 11 
817 0 1 
818 292 11 
819 81 5 
820 373 11 
821 27 11 
822 27 0 
823 33 0 
824 48 16 
825 81 6 
826 14 11 
827 95 6 
828 0 13 
829 95 6 
830 27 0 
831 122 6 
832 35 6 
833 157 6 
834 36 30 
835 193 6 
836 16 0 
837 209 6 
838 18 0 
839 227 6 
840 1 0 
841 228 6 
842 18 0 
843 246 6 
844 42 0 
845 288 6 
846 0 1 
847 288 6 
848 0 5 
849 288 6 
850 18 12 
851 6 0 
852 12 5 
853 0 22 
854 12 35 
855 35 5 
856 47 5 
857 40 14 
858 87 4 
859 9 1 
860 96 3 
861 25 12 
862 121 4 
863 6 30 
864 127 34 
865 14 6 
866 141 35 
867 0 30 
868 141 34 
869 9 0 
870 150 4 
871 8 0 
872 158 5 
873 28 0 
874 186 5 
875 0 3 
876 186 4 
877 27 5 
878 213 34 
879 0 17 
880 6 0 
881 12 5 
882 12 31 
883 24 35 
884 56 35 
885 80 29 
886 5 15 
887 85 23 
888 9 2 
889 94 22 
890 30 6 
891 124 6 
892 18 30 
893 142 18 
894 0 7 
895 142 12 
896 45 30 
897 187 17 
898 6 0 
899 193 1 
900 6 0 
901 199 5 
902 7 0 
903 206 6 
904 0 4 
905 206 12 
906 27 35 
907 233 18 
908 12 8 
909 12 0 
910 18 6 
911 6 4 
912 24 11 
913 42 11 
914 66 11 
915 15 18 
916 81 17 
917 24 1 
918 105 12 
919 45 12 
920 150 13 
921 12 30 
922 162 12 
923 8 7 
924 170 13 
925 45 30 
926 215 12 
927 2 0 
928 217 12 
929 10 0 
930 227 12 
931 14 0 
932 241 12 
933 0 10 
934 241 17 
935 27 5 
936 268 17 
937 3 9 
938 21 0 
939 27 5 
940 0 10 
941 27 11 
942 14 35 
943 41 5 
944 5 19 
945 46 11 
946 0 2 
947 46 11 
948 40 6 
949 86 11 
950 6 30 
951 92 11 
952 16 6 
953 108 11 
954 18 30 
955 126 11 
956 5 0 
957 131 11 
958 2 0 
959 133 10 
960 56 0 
961 189 10 
962 0 16 
963 189 10 
964 63 35 
965 252 10 
966 0 2 
967 21 0 
968 27 0 
969 30 3 
970 57 0 
971 56 5 
972 113 0 
973 5 20 
974 118 1 
975 15 1 
976 133 7 
977 35 12 
978 168 6 
979 30 30 
980 198 7 
981 0 7 
982 198 7 
983 81 30 
984 279 7 
985 4 0 
986 283 7 
987 14 0 
988 297 7 
989 56 0 
990 353 7 
991 0 31 
992 353 7 
993 27 5 
994 380 7 
995 12 6 
996 15 6 
997 21 6 
998 6 1 
999 27 7 
1000 28 11 
1001 55 6 
1002 0 21 
1003 55 12 
1004 18 2 
1005 73 1 
1006 10 6 
1007 83 12 
1008 54 30 
1009 137 12 
1010 8 6 
1011 145 0 
1012 0 30 
1013 145 30 
1014 4 0 
1015 149 31 
1016 8 0 
1017 157 31 
1018 63 0 
1019 220 31 
1020 0 32 
1021 220 31 
1022 18 35 
1023 238 31 
1024 24 12 
1025 12 6 
1026 18 6 
1027 6 31 
1028 24 7 
1029 49 35 
1030 73 1 
1031 15 24 
1032 88 31 
1033 18 1 
1034 106 2 
1035 40 12 
1036 146 12 
1037 54 30 
1038 200 12 
1039 4 7 
1040 204 12 
1041 18 30 
1042 222 12 
1043 9 1 
1044 231 12 
1045 6 5 
1046 237 12 
1047 14 30 
1048 251 12 
1049 0 33 
1050 251 32 
1051 54 5 
1052 305 3 
1053 21 12 
1054 24 6 
1055 30 6 
1056 0 2 
1057 30 7 
1058 14 5 
1059 44 7 
1060 20 25 
1061 64 7 
1062 12 2 
1063 76 7 
1064 10 6 
1065 86 7 
1066 6 30 
1067 92 7 
1068 18 6 
1069 110 7 
1070 72 30 
1071 182 7 
1072 9 7 
1073 191 8 
1074 2 23 
1075 193 18 
1076 56 34 
1077 249 23 
1078 0 1 
1079 249 5 
1080 45 5 
1081 294 5 
1082 0 7 
1083 3 12 
1084 9 12 
1085 48 4 
1086 57 17 
1087 28 11 
1088 85 17 
1089 0 26 
1090 85 16 
1091 0 1 
1092 85 2 
1093 45 12 
1094 130 2 
1095 24 24 
1096 154 2 
1097 12 7 
1098 166 3 
1099 27 30 
1100 193 3 
1101 3 13 
1102 196 3 
1103 8 0 
1104 204 3 
1105 56 35 
1106 260 3 
1107 0 3 
1108 260 3 
1109 18 5 
1110 278 4 
1111 24 11 
1112 0 10 
1113 6 10 
1114 0 1 
1115 6 9 
1116 30 5 
1117 36 9 
1118 0 6 
1119 36 9 
1120 18 26 
1121 54 9 
1122 0 25 
1123 54 3 
1124 72 21 
1125 126 27 
1126 63 17 
1127 189 22 
1128 9 28 
1129 198 28 
1130 16 15 
1131 214 21 
1132 0 0 
1133 214 15 
1134 12 25 
1135 226 21 
1136 24 11 
1137 250 22 
1138 0 28 
1139 250 27 
1140 30 23 
1141 30 12 
1142 36 12 
1143 0 2 
1144 36 8 
1145 0 11 
1146 36 7 
1147 12 7 
1148 48 8 
1149 54 27 
1150 102 2 
1151 4 7 
1152 106 8 
1153 48 30 
1154 154 0 
1155 7 10 
1156 161 0 
1157 0 22 
1158 161 30 
1159 0 16 
1160 161 10 
1161 0 17 
1162 161 16 
1163 18 18 
1164 179 22 
1165 18 1 
1166 197 6 
1167 42 5 
1168 239 7 
1169 25 22 
1170 54 17 
1171 60 17 
1172 0 3 
1173 60 9 
1174 36 17 
1175 96 9 
1176 4 2 
1177 100 9 
1178 6 14 
1179 106 9 
1180 6 19 
1181 112 9 
1182 0 19 
1183 112 14 
1184 0 4 
1185 112 15 
1186 36 18 
1187 148 14 
1188 8 20 
1189 156 14 
1190 0 12 
1191 156 14 
1192 8 26 
1193 164 14 
1194 24 23 
1195 188 13 
1196 56 5 
1197 244 13 
1198 40 6 
1199 24 23 
1200 30 23 
1201 0 4 
1202 30 17 
1203 24 23 
1204 54 16 
1205 18 9 
1206 72 16 
1207 54 20 
1208 126 16 
1209 2 8 
1210 128 16 
1211 16 20 
1212 144 16 
1213 49 3 
1214 193 16 
1215 18 18 
1216 211 16 
1217 0 21 
1218 211 16 
1219 0 11 
1220 211 16 
1221 4 31 
1222 215 15 
1223 9 28 
1224 224 9 
1225 49 5 
1226 273 11 
1227 35 8 
1228 36 14 
1229 42 14 
1230 0 10 
1231 42 8 
1232 36 35 
1233 78 7 
1234 18 12 
1235 96 7 
1236 36 19 
1237 132 7 
1238 6 2 
1239 138 7 
1240 56 22 
1241 194 6 
1242 35 27 
1243 229 11 
1244 18 29 
1245 247 16 
1246 18 22 
1247 265 11 
1248 0 11 
1249 265 16 
1250 4 32 
1251 269 10 
1252 24 2 
1253 293 10 
1254 63 5 
1255 356 4 
1256 45 17 
1257 54 15 
1258 60 15 
1259 0 7 
1260 60 14 
1261 12 17 
1262 72 14 
1263 0 13 
1264 72 14 
1265 54 15 
1266 126 14 
1267 7 3 
1268 133 15 
1269 48 23 
1270 181 16 
1271 56 17 
1272 237 16 
1273 18 27 
1274 255 16 
1275 2 28 
1276 257 16 
1277 0 5 
1278 257 16 
1279 12 33 
1280 269 22 
1281 9 4 
1282 278 28 
1283 0 35 
1284 278 28 
1285 30 12 
1286 12 20 
1287 18 14 
1288 0 13 
1289 18 14 
1290 30 5 
1291 48 8 
1292 16 14 
1293 64 8 
1294 18 1 
1295 82 8 
1296 5 4 
1297 87 8 
1298 8 25 
1299 95 8 
1300 49 6 
1301 144 8 
1302 0 30 
1303 144 8 
1304 18 3 
1305 162 8 
1306 0 5 
1307 162 8 
1308 8 34 
1309 170 8 
1310 9 27 
1311 179 8 
1312 21 35 
1313 200 5 
1314 0 17 
1315 12 26 
1316 18 26 
1317 0 31 
1318 18 25 
1319 48 35 
1320 66 24 
1321 2 33 
1322 68 25 
1323 18 2 
1324 86 25 
1325 6 9 
1326 92 26 
1327 24 26 
1328 116 27 
1329 0 13 
1330 116 26 
1331 45 24 
1332 161 25 
1333 12 4 
1334 173 31 
1335 0 0 
1336 173 32 
1337 2 35 
1338 175 31 
1339 9 4 
1340 184 32 
1341 21 34 
1342 205 33 
1343 20 8 
1344 24 29 
1345 30 29 
1346 0 13 
1347 30 24 
1348 36 10 
1349 66 4 
1350 6 29 
1351 72 4 
1352 48 31 
1353 120 4 
1354 9 13 
1355 129 5 
1356 16 27 
1357 145 35 
1358 28 10 
1359 173 5 
1360 45 24 
1361 218 5 
1362 4 9 
1363 222 5 
1364 0 0 
1365 222 5 
1366 4 25 
1367 226 5 
1368 24 10 
1369 250 5 
1370 21 29 
1371 271 5 
1372 5 9 
1373 42 6 
1374 48 6 
1375 0 9 
1376 48 11 
1377 12 23 
1378 60 11 
1379 2 20 
1380 62 6 
1381 0 8 
1382 62 13 
1383 8 10 
1384 70 13 
1385 8 28 
1386 78 12 
1387 56 12 
1388 134 12 
1389 18 24 
1390 152 12 
1391 10 16 
1392 162 12 
1393 0 16 
1394 162 12 
1395 16 31 
1396 178 12 
1397 0 16 
1398 178 6 
1399 49 35 
1400 227 0 
1401 0 9 
1402 42 12 
1403 48 13 
1404 0 33 
1405 48 19 
1406 48 4 
1407 96 34 
1408 2 8 
1409 98 2 
1410 30 26 
1411 128 32 
1412 7 15 
1413 135 2 
1414 40 13 
1415 175 32 
1416 0 4 
1417 175 33 
1418 81 30 
1419 256 27 
1420 8 2 
1421 264 27 
1422 0 35 
1423 264 28 
1424 16 29 
1425 280 26 
1426 12 10 
1427 292 32 
1428 21 35 
1429 313 33 
1430 20 7 
1431 30 6 
1432 36 6 
1433 0 1 
1434 36 7 
1435 24 22 
1436 60 8 
1437 0 27 
1438 60 8 
1439 36 32 
1440 96 2 
1441 2 11 
1442 98 3 
1443 72 34 
1444 170 33 
1445 28 11 
1446 198 34 
1447 0 30 
1448 198 30 
1449 8 13 
1450 206 30 
1451 0 4 
1452 206 30 
1453 18 25 
1454 224 25 
1455 21 20 
1456 245 26 
1457 14 35 
1458 259 25 
1459 40 18 
1460 24 11 
1461 30 11 
1462 0 32 
1463 30 6 
1464 42 22 
1465 72 6 
1466 6 28 
1467 78 11 
1468 36 14 
1469 114 10 
1470 8 16 
1471 122 16 
1472 72 14 
1473 194 17 
1474 14 8 
1475 208 13 
1476 18 34 
1477 226 15 
1478 18 2 
1479 244 16 
1480 0 5 
1481 244 17 
1482 4 24 
1483 248 23 
1484 18 22 
1485 266 10 
1486 42 29 
1487 308 11 
1488 35 18 
1489 48 7 
1490 54 7 
1491 0 8 
1492 54 8 
1493 12 10 
1494 66 8 
1495 8 34 
1496 74 2 
1497 24 33 
1498 98 2 
1499 2 22 
1500 100 3 
1501 8 29 
1502 108 28 
1503 63 12 
1504 171 29 
1505 72 21 
1506 243 29 
1507 18 8 
1508 261 28 
1509 0 17 
1510 261 29 
1511 16 27 
1512 277 21 
1513 24 3 
1514 301 22 
1515 35 35 
1516 336 21 
1517 0 7 
1518 6 13 
1519 12 13 
1520 0 22 
1521 12 16 
1522 24 17 
1523 36 22 
1524 0 32 
1525 36 22 
1526 0 32 
1527 36 28 
1528 9 18 
1529 45 22 
1530 32 18 
1531 77 22 
1532 42 14 
1533 119 22 
1534 27 28 
1535 146 22 
1536 6 14 
1537 152 22 
1538 0 12 
1539 152 16 
1540 16 29 
1541 168 16 
1542 27 9 
1543 195 15 
1544 14 5 
1545 209 9 
1546 40 10 
1547 0 24 
1548 6 28 
1549 4 1 
1550 10 31 
1551 10 5 
1552 20 31 
1553 0 30 
1554 20 24 
1555 27 26 
1556 47 24 
1557 0 26 
1558 47 26 
1559 27 15 
1560 74 26 
1561 54 17 
1562 128 16 
1563 1 22 
1564 129 15 
1565 16 1 
1566 145 9 
1567 54 0 
1568 199 10 
1569 18 24 
1570 217 10 
1571 8 3 
1572 225 10 
1573 0 10 
1574 225 16 
1575 24 23 
1576 45 30 
1577 51 30 
1578 16 2 
1579 67 32 
1580 0 11 
1581 67 31 
1582 48 9 
1583 115 31 
1584 81 26 
1585 196 20 
1586 28 35 
1587 224 30 
1588 18 31 
1589 242 30 
1590 6 10 
1591 248 5 
1592 0 23 
1593 248 5 
1594 0 15 
1595 248 5 
1596 0 11 
1597 248 5 
1598 27 19 
1599 275 18 
1600 6 1 
1601 281 6 
1602 54 5 
1603 335 6 
1604 20 6 
1605 81 24 
1606 87 30 
1607 18 3 
1608 105 33 
1609 12 17 
1610 117 3 
1611 16 32 
1612 133 3 
1613 9 32 
1614 142 3 
1615 42 17 
1616 184 3 
1617 0 19 
1618 184 13 
1619 0 4 
1620 184 5 
1621 4 18 
1622 188 5 
1623 8 19 
1624 196 6 
1625 45 15 
1626 241 11 
1627 12 30 
1628 253 5 
1629 8 31 
1630 261 31 
1631 72 3 
1632 333 2 
1633 32 6 
1634 36 29 
1635 42 28 
1636 6 4 
1637 48 34 
1638 8 23 
1639 56 34 
1640 72 16 
1641 128 34 
1642 81 8 
1643 209 4 
1644 14 32 
1645 223 34 
1646 6 20 
1647 229 33 
1648 42 17 
1649 271 3 
1650 2 19 
1651 273 33 
1652 0 8 
1653 273 9 
1654 0 5 
1655 273 10 
1656 6 21 
1657 279 15 
1658 3 27 
1659 282 27 
1660 63 9 
1661 345 27 
1662 28 8 
1663 54 1 
1664 60 2 
1665 12 10 
1666 72 3 
1667 12 35 
1668 84 4 
1669 72 17 
1670 156 5 
1671 54 13 
1672 210 13 
1673 42 31 
1674 252 13 
1675 21 17 
1676 273 13 
1677 30 17 
1678 303 13 
1679 2 29 
1680 305 13 
1681 18 10 
1682 323 14 
1683 18 22 
1684 341 14 
1685 6 32 
1686 347 14 
1687 8 2 
1688 355 14 
1689 81 4 
1690 436 14 
1691 36 17 
1692 81 1 
1693 87 1 
1694 16 7 
1695 103 7 
1696 4 11 
1697 107 6 
1698 0 23 
1699 107 11 
1700 81 8 
1701 188 10 
1702 49 27 
1703 237 9 
1704 18 23 
1705 255 10 
1706 48 12 
1707 303 10 
1708 2 27 
1709 305 16 
1710 2 18 
1711 307 17 
1712 81 4 
1713 388 16 
1714 18 33 
1715 406 22 
1716 3 34 
1717 409 22 
1718 0 3 
1719 409 21 
1720 24 12 
1721 18 19 
1722 24 19 
1723 0 19 
1724 24 13 
1725 10 5 
1726 34 7 
1727 64 22 
1728 98 13 
1729 27 1 
1730 125 7 
1731 35 33 
1732 160 32 
1733 3 25 
1734 163 2 
1735 42 6 
1736 205 2 
1737 0 30 
1738 205 2 
1739 18 20 
1740 223 2 
1741 36 14 
1742 259 2 
1743 12 22 
1744 271 8 
1745 3 33 
1746 274 8 
1747 27 4 
1748 301 8 
1749 0 12 
1750 18 25 
1751 24 26 
1752 4 31 
1753 28 25 
1754 16 34 
1755 44 24 
1756 8 15 
1757 52 25 
1758 27 26 
1759 79 31 
1760 42 15 
1761 121 21 
1762 9 32 
1763 130 20 
1764 0 13 
1765 130 20 
1766 5 24 
1767 135 18 
1768 12 31 
1769 147 18 
1770 27 28 
1771 174 23 
1772 3 35 
1773 177 23 
1774 3 28 
1775 180 18 
1776 27 33 
1777 207 24 
1778 16 18 
1779 36 29 
1780 42 29 
1781 2 3 
1782 44 28 
1783 12 10 
1784 56 28 
1785 24 18 
1786 80 28 
1787 72 2 
1788 152 34 
1789 63 18 
1790 215 35 
1791 6 33 
1792 221 35 
1793 24 10 
1794 245 35 
1795 5 29 
1796 250 35 
1797 4 9 
1798 254 34 
1799 45 9 
1800 299 33 
1801 6 24 
1802 305 32 
1803 8 9 
1804 313 32 
1805 27 29 
1806 340 33 
1807 4 8 
1808 63 6 
1809 69 6 
1810 0 9 
1811 69 11 
1812 4 34 
1813 73 10 
1814 8 19 
1815 81 13 
1816 0 8 
1817 81 14 
1818 56 34 
1819 137 33 
1820 3 29 
1821 140 33 
1822 48 12 
1823 188 17 
1824 2 27 
1825 190 16 
1826 10 16 
1827 200 10 
1828 9 16 
1829 209 11 
1830 24 31 
1831 233 30 
1832 0 26 
1833 233 24 
1834 63 34 
1835 296 24 
1836 0 7 
1837 63 6 
1838 69 7 
1839 10 33 
1840 79 1 
1841 16 4 
1842 95 2 
1843 8 26 
1844 103 2 
1845 45 26 
1846 148 2 
1847 49 21 
1848 197 32 
1849 15 7 
1850 212 31 
1851 0 10 
1852 212 30 
1853 9 28 
1854 221 24 
1855 8 19 
1856 229 12 
1857 63 35 
1858 292 18 
1859 24 35 
1860 316 24 
1861 4 31 
1862 320 24 
1863 27 34 
1864 347 24 
1865 16 6 
1866 45 20 
1867 51 20 
1868 2 1 
1869 53 26 
1870 8 22 
1871 61 26 
1872 0 21 
1873 61 26 
1874 54 32 
1875 115 26 
1876 14 9 
1877 129 32 
1878 27 24 
1879 156 31 
1880 24 17 
1881 180 30 
1882 0 35 
1883 180 30 
1884 8 7 
1885 188 0 
1886 36 3 
1887 224 0 
1888 27 30 
1889 251 31 
1890 7 26 
1891 258 31 
1892 18 35 
1893 276 35 
1894 32 18 
1895 36 17 
1896 42 17 
1897 2 31 
1898 44 30 
1899 14 35 
1900 58 30 
1901 24 24 
1902 82 29 
1903 54 14 
1904 136 28 
1905 56 23 
1906 192 22 
1907 27 30 
1908 219 28 
1909 12 13 
1910 231 29 
1911 2 34 
1912 233 35 
1913 18 2 
1914 251 30 
1915 27 29 
1916 278 35 
1917 6 18 
1918 284 29 
1919 6 32 
1920 290 24 
1921 54 29 
1922 344 25 
1923 28 12 
1924 72 13 
1925 78 13 
1926 0 2 
1927 78 7 
1928 4 28 
1929 82 34 
1930 32 30 
1931 114 4 
1932 36 8 
1933 150 2 
1934 14 28 
1935 164 3 
1936 3 21 
1937 167 2 
1938 54 12 
1939 221 13 
1940 8 27 
1941 229 19 
1942 18 7 
1943 247 13 
1944 9 21 
1945 256 14 
1946 24 27 
1947 280 20 
1948 8 2 
1949 288 26 
1950 45 35 
1951 333 25 
1952 0 7 
1953 9 18 
1954 15 12 
1955 16 4 
1956 31 17 
1957 8 23 
1958 39 16 
1959 0 27 
1960 39 16 
1961 0 32 
1962 39 26 
1963 63 29 
1964 102 27 
1965 12 18 
1966 114 20 
1967 36 14 
1968 150 14 
1969 3 34 
1970 153 8 
1971 6 13 
1972 159 8 
1973 36 6 
1974 195 8 
1975 24 23 
1976 219 14 
1977 9 8 
1978 228 14 
1979 18 5 
1980 246 8 
1981 32 23 
1982 0 24 
1983 6 30 
1984 16 1 
1985 22 0 
1986 20 5 
1987 42 0 
1988 0 34 
1989 42 30 
1990 0 4 
1991 42 35 
1992 0 24 
1993 42 29 
1994 54 15 
1995 96 23 
1996 9 16 
1997 105 23 
1998 0 35 
1999 105 23 
2000 48 33 
2001 153 23 
2002 18 0 
2003 171 29 
2004 12 3 
2005 183 29 
2006 0 35 
2007 183 29 
2008 0 28 
2009 183 23 
2010 6 17 
2011 35 30 
2012 41 30 
2013 64 2 
2014 105 32 
2015 0 11 
2016 105 2 
2017 30 15 
2018 135 8 
2019 0 33 
2020 135 32 
2021 12 13 
2022 147 19 
2023 36 8 
2024 183 20 
2025 1 22 
2026 184 20 
2027 0 17 
2028 184 14 
2029 0 21 
2030 184 15 
2031 0 11 
2032 184 15 
2033 18 9 
2034 202 21 
2035 0 31 
2036 202 27 
2037 36 5 
2038 238 28 
2039 5 17 
2040 63 23 
2041 69 23 
2042 72 3 
2043 141 17 
2044 24 17 
2045 165 23 
2046 10 10 
2047 175 17 
2048 0 2 
2049 175 12 
2050 18 19 
2051 193 13 
2052 0 19 
2053 193 7 
2054 0 10 
2055 193 6 
2056 0 23 
2057 193 12 
2058 24 28 
2059 217 18 
2060 15 15 
2061 232 12 
2062 8 32 
2063 240 13 
2064 0 31 
2065 240 1 
2066 48 5 
2067 288 7 
2068 8 11 
2069 28 29 
2070 34 28 
2071 24 32 
2072 58 27 
2073 16 23 
2074 74 21 
2075 45 16 
2076 119 21 
2077 0 3 
2078 119 21 
2079 6 31 
2080 125 20 
2081 12 18 
2082 137 20 
2083 7 19 
2084 144 20 
2085 0 12 
2086 144 20 
2087 0 3 
2088 144 20 
2089 0 5 
2090 144 11 
2091 4 22 
2092 148 23 
2093 0 34 
2094 148 11 
2095 42 16 
2096 190 23 
2097 7 7 
2098 42 14 
2099 48 8 
2100 48 16 
2101 96 14 
2102 24 35 
2103 120 5 
2104 45 17 
2105 165 35 
2106 0 26 
2107 165 34 
2108 18 25 
2109 183 34 
2110 42 16 
2111 225 4 
2112 5 19 
2113 230 20 
2114 0 29 
2115 230 26 
2116 54 4 
2117 284 26 
2118 6 21 
2119 290 14 
2120 4 32 
2121 294 13 
2122 0 26 
2123 294 15 
2124 54 4 
2125 348 21 
2126 9 11 
2127 63 1 
2128 69 1 
2129 64 15 
2130 133 2 
2131 8 17 
2132 141 3 
2133 0 23 
2134 141 4 
2135 0 3 
2136 141 4 
2137 21 24 
2138 162 4 
2139 36 31 
2140 198 4 
2141 8 19 
2142 206 5 
2143 0 30 
2144 206 35 
2145 6 27 
2146 212 5 
2147 27 31 
2148 239 35 
2149 12 33 
2150 251 5 
2151 0 4 
2152 251 35 
2153 0 35 
2154 251 5 
2155 6 12 
2156 14 8 
2157 20 8 
2158 0 13 
2159 20 8 
2160 20 5 
2161 40 9 
2162 40 14 
2163 80 8 
2164 0 4 
2165 80 9 
2166 15 2 
2167 95 2 
2168 6 25 
2169 101 2 
2170 7 6 
2171 108 2 
2172 0 35 
2173 108 31 
2174 54 3 
2175 162 32 
2176 12 2 
2177 174 31 
2178 8 28 
2179 182 32 
2180 0 3 
2181 182 33 
2182 18 21 
2183 200 3 
2184 0 12 
2185 14 25 
2186 20 26 
2187 16 31 
2188 36 25 
2189 32 35 
2190 68 24 
2191 5 33 
2192 73 25 
2193 0 33 
2194 73 25 
2195 18 3 
2196 91 31 
2197 18 32 
2198 109 31 
2199 0 7 
2200 109 31 
2201 0 24 
2202 109 31 
2203 36 4 
2204 145 32 
2205 9 9 
2206 154 32 
2207 2 10 
2208 156 33 
2209 0 27 
2210 156 27 
2211 18 34 
2212 174 27 
2213 4 18 
2214 28 28 
2215 34 28 
2216 8 14 
2217 42 22 
2218 24 10 
2219 66 16 
2220 15 29 
2221 81 22 
2222 0 3 
2223 81 28 
2224 27 13 
2225 108 27 
2226 12 33 
2227 120 21 
2228 4 7 
2229 124 20 
2230 0 35 
2231 124 19 
2232 12 9 
2233 136 19 
2234 15 1 
2235 151 25 
2236 4 15 
2237 155 25 
2238 0 10 
2239 155 24 
2240 18 22 
2241 173 23 
2242 1 6 
2243 49 27 
2244 55 27 
2245 0 15 
2246 55 27 
2247 8 33 
2248 63 27 
2249 5 19 
2250 68 21 
2251 0 3 
2252 68 21 
2253 24 7 
2254 92 15 
2255 6 22 
2256 98 21 
2257 8 12 
2258 106 22 
2259 0 28 
2260 106 16 
2261 30 10 
2262 136 16 
2263 3 16 
2264 139 16 
2265 16 31 
2266 155 30 
2267 0 17 
2268 155 11 
2269 42 9 
2270 197 17 
2271 0 7 
2272 49 28 
2273 55 28 
2274 40 27 
2275 95 27 
2276 32 27 
2277 127 27 
2278 5 20 
2279 132 27 
2280 0 26 
2281 132 27 
2282 21 21 
2283 153 27 
2284 30 13 
2285 183 21 
2286 0 10 
2287 183 21 
2288 0 34 
2289 183 21 
2290 24 32 
2291 207 21 
2292 21 35 
2293 228 22 
2294 16 2 
2295 244 16 
2296 0 4 
2297 244 22 
2298 18 3 
2299 262 21 
2300 4 6 
2301 35 19 
2302 41 13 
2303 8 32 
2304 49 26 
2305 16 22 
2306 65 26 
2307 0 28 
2308 65 26 
2309 0 33 
2310 65 26 
2311 6 8 
2312 71 26 
2313 54 26 
2314 125 32 
2315 4 6 
2316 129 31 
2317 0 35 
2318 129 30 
2319 24 34 
2320 153 30 
2321 12 33 
2322 165 31 
2323 18 26 
2324 183 25 
2325 0 33 
2326 183 31 
2327 12 28 
2328 195 32 
2329 8 24 
2330 28 23 
2331 34 23 
2332 8 26 
2333 42 18 
2334 28 20 
2335 70 18 
2336 15 28 
2337 85 18 
2338 0 14 
2339 85 18 
2340 24 13 
2341 109 18 
2342 54 14 
2343 163 18 
2344 2 19 
2345 165 18 
2346 0 34 
2347 165 23 
2348 54 27 
2349 219 29 
2350 9 2 
2351 228 35 
2352 4 19 
2353 232 35 
2354 0 10 
2355 232 4 
2356 36 4 
2357 268 34 
2358 7 12 
2359 56 7 
2360 62 7 
2361 0 20 
2362 62 8 
2363 8 28 
2364 70 14 
2365 20 25 
2366 90 19 
2367 0 33 
2368 90 19 
2369 6 19 
2370 96 19 
2371 6 21 
2372 102 19 
2373 9 12 
2374 111 19 
2375 0 22 
2376 111 19 
2377 54 8 
2378 165 19 
2379 3 23 
2380 168 19 
2381 16 27 
2382 184 19 
2383 0 3 
2384 184 13 
2385 30 34 
2386 214 6 
2387 0 18 
2388 7 14 
2389 13 14 
2390 64 21 
2391 77 15 
2392 16 10 
2393 93 9 
2394 0 25 
2395 93 19 
2396 0 33 
2397 93 26 
2398 27 19 
2399 120 27 
2400 24 24 
2401 144 25 
2402 6 14 
2403 150 19 
2404 0 34 
2405 150 18 
2406 18 14 
2407 168 18 
2408 12 35 
2409 180 23 
2410 16 21 
2411 196 23 
2412 0 9 
2413 196 23 
2414 12 35 
2415 208 29 
2416 8 18 
2417 0 24 
2418 6 30 
2419 10 1 
2420 16 0 
2421 20 8 
2422 36 0 
2423 0 6 
2424 36 0 
2425 18 26 
2426 54 30 
2427 0 24 
2428 54 30 
2429 54 21 
2430 108 35 
2431 81 5 
2432 189 34 
2433 3 17 
2434 192 35 
2435 56 33 
2436 248 34 
2437 24 14 
2438 272 33 
2439 30 25 
2440 302 27 
2441 16 3 
2442 318 21 
2443 0 10 
2444 318 21 
2445 24 17 
2446 25 30 
2447 31 30 
2448 40 2 
2449 71 32 
2450 0 11 
2451 71 10 
2452 42 7 
2453 113 11 
2454 54 33 
2455 167 5 
2456 20 13 
2457 187 0 
2458 36 30 
2459 223 5 
2460 9 16 
2461 232 11 
2462 0 12 
2463 232 11 
2464 0 27 
2465 232 10 
2466 0 11 
2467 232 11 
2468 45 8 
2469 277 11 
2470 12 31 
2471 289 5 
2472 30 5 
2473 319 0 
2474 20 32 
2475 45 22 
2476 51 22 
2477 45 3 
2478 96 16 
2479 24 16 
2480 120 22 
2481 14 31 
2482 134 25 
2483 6 31 
2484 140 25 
2485 30 1 
2486 170 24 
2487 0 19 
2488 170 18 
2489 0 4 
2490 170 24 
2491 12 17 
2492 182 24 
2493 28 34 
2494 210 24 
2495 20 12 
2496 230 24 
2497 20 32 
2498 250 24 
2499 16 23 
2500 266 23 
2501 40 3 
2502 306 29 
2503 32 6 
2504 20 32 
2505 26 32 
2506 15 32 
2507 41 32 
2508 16 29 
2509 57 33 
2510 63 26 
2511 120 32 
2512 54 3 
2513 174 33 
2514 10 8 
2515 184 33 
2516 12 14 
2517 196 33 
2518 63 11 
2519 259 33 
2520 6 12 
2521 265 27 
2522 0 20 
2523 265 33 
2524 0 11 
2525 265 33 
2526 10 31 
2527 275 33 
2528 6 31 
2529 281 33 
2530 35 15 
2531 316 34 
2532 28 2 
2533 30 31 
2534 36 32 
2535 30 16 
2536 66 10 
2537 24 2 
2538 90 10 
2539 63 12 
2540 153 10 
2541 36 4 
2542 189 10 
2543 30 2 
2544 219 10 
2545 42 28 
2546 261 10 
2547 45 5 
2548 306 10 
2549 6 29 
2550 312 10 
2551 63 27 
2552 375 10 
2553 8 6 
2554 383 10 
2555 10 2 
2556 393 10 
2557 16 8 
2558 409 10 
2559 45 4 
2560 454 10 
2561 36 11 
2562 45 16 
2563 51 16 
2564 40 15 
2565 91 16 
2566 8 17 
2567 99 16 
2568 0 13 
2569 99 17 
2570 54 8 
2571 153 12 
2572 35 7 
2573 188 12 
2574 36 21 
2575 224 12 
2576 72 17 
2577 296 13 
2578 6 25 
2579 302 13 
2580 7 27 
2581 309 14 
2582 36 4 
2583 345 15 
2584 30 7 
2585 375 9 
2586 6 4 
2587 381 3 
2588 0 15 
2589 381 9 
2590 24 32 
2591 10 25 
2592 16 26 
2593 0 7 
2594 16 25 
2595 20 3 
2596 36 31 
2597 56 8 
2598 92 31 
2599 18 1 
2600 110 31 
2601 25 12 
2602 135 31 
2603 6 25 
2604 141 31 
2605 63 6 
2606 204 31 
2607 0 24 
2608 204 31 
2609 63 26 
2610 267 31 
2611 16 14 
2612 283 31 
2613 20 12 
2614 303 31 
2615 6 3 
2616 309 31 
2617 15 22 
2618 324 32 
2619 0 11 
2620 10 26 
2621 16 26 
2622 10 2 
2623 26 32 
2624 32 27 
2625 58 32 
2626 7 3 
2627 65 32 
2628 18 32 
2629 83 31 
2630 30 8 
2631 113 31 
2632 18 27 
2633 131 25 
2634 0 7 
2635 131 25 
2636 15 25 
2637 146 31 
2638 42 27 
2639 188 25 
2640 12 6 
2641 200 24 
2642 5 10 
2643 205 18 
2644 6 4 
2645 211 23 
2646 15 34 
2647 226 23 
2648 16 24 
2649 20 28 
2650 26 28 
2651 5 19 
2652 31 22 
2653 24 9 
2654 55 16 
2655 21 18 
2656 76 17 
2657 48 31 
2658 124 23 
2659 45 7 
2660 169 17 
2661 12 34 
2662 181 11 
2663 36 7 
2664 217 7 
2665 15 29 
2666 232 13 
2667 14 21 
2668 246 19 
2669 20 15 
2670 266 20 
2671 10 19 
2672 276 21 
2673 16 9 
2674 292 15 
2675 15 5 
2676 307 16 
2677 4 2 
2678 35 27 
2679 41 27 
2680 0 9 
2681 41 27 
2682 8 33 
2683 49 27 
2684 7 21 
2685 56 27 
2686 0 3 
2687 56 27 
2688 40 7 
2689 96 1 
2690 6 29 
2691 102 1 
2692 72 17 
2693 174 1 
2694 6 28 
2695 180 31 
2696 35 27 
2697 215 25 
2698 4 4 
2699 219 26 
2700 40 6 
2701 259 32 
2702 0 32 
2703 259 26 
2704 35 9 
2705 294 32 
2706 0 2 
2707 35 18 
2708 41 12 
2709 25 33 
2710 66 32 
2711 32 21 
2712 98 20 
2713 7 27 
2714 105 14 
2715 30 1 
2716 135 8 
2717 35 20 
2718 170 7 
2719 30 13 
2720 200 12 
2721 0 4 
2722 200 6 
2723 27 24 
2724 227 18 
2725 28 26 
2726 255 18 
2727 28 5 
2728 283 12 
2729 40 13 
2730 323 17 
2731 8 10 
2732 331 17 
2733 15 35 
2734 346 11 
2735 16 11 
2736 25 32 
2737 31 32 
2738 5 26 
2739 36 32 
2740 16 15 
2741 52 26 
2742 0 29 
2743 52 26 
2744 36 2 
2745 88 26 
2746 10 8 
2747 98 26 
2748 54 34 
2749 152 26 
2750 36 11 
2751 188 5 
2752 0 30 
2753 188 4 
2754 28 34 
2755 216 3 
2756 16 15 
2757 232 3 
2758 45 34 
2759 277 4 
2760 14 2 
2761 291 2 
2762 10 28 
2763 301 3 
2764 32 24 
2765 20 17 
2766 26 17 
2767 5 26 
2768 31 25 
2769 28 14 
2770 59 26 
2771 21 24 
2772 80 27 
2773 36 8 
2774 116 33 
2775 40 7 
2776 156 32 
2777 54 15 
2778 210 33 
2779 18 13 
2780 228 3 
2781 6 30 
2782 234 4 
2783 63 27 
2784 297 3 
2785 12 5 
2786 309 2 
2787 10 18 
2788 319 8 
2789 12 22 
2790 331 8 
2791 30 10 
2792 361 8 
2793 28 24 
2794 40 25 
2795 46 26 
2796 0 14 
2797 46 20 
2798 8 28 
2799 54 20 
2800 28 30 
2801 82 19 
2802 24 2 
2803 106 25 
2804 10 7 
2805 116 19 
2806 6 15 
2807 122 19 
2808 81 13 
2809 203 19 
2810 24 18 
2811 227 19 
2812 63 26 
2813 290 19 
2814 4 23 
2815 294 19 
2816 40 33 
2817 334 19 
2818 16 3 
2819 350 13 
2820 25 4 
2821 375 14 
2822 0 24 
2823 5 18 
2824 11 18 
2825 40 21 
2826 51 18 
2827 16 23 
2828 67 18 
2829 0 33 
2830 67 24 
2831 0 3 
2832 67 30 
2833 45 27 
2834 112 31 
2835 24 29 
2836 136 24 
2837 54 14 
2838 190 25 
2839 9 23 
2840 199 25 
2841 21 21 
2842 220 25 
2843 16 12 
2844 236 25 
2845 40 17 
2846 276 25 
2847 18 9 
2848 294 31 
2849 10 29 
2850 304 31 
2851 32 11 
2852 0 24 
2853 6 30 
2854 8 1 
2855 14 0 
2856 20 5 
2857 34 0 
2858 0 34 
2859 34 30 
2860 0 11 
2861 34 30 
2862 0 26 
2863 34 31 
2864 72 10 
2865 106 1 
2866 54 23 
2867 160 17 
2868 8 21 
2869 168 16 
2870 64 1 
2871 232 14 
2872 24 0 
2873 256 1 
2874 18 24 
2875 274 31 
2876 8 3 
2877 282 2 
2878 0 16 
2879 282 3 
2880 54 30 
2881 35 30 
2882 41 30 
2883 32 2 
2884 73 31 
2885 0 11 
2886 73 30 
2887 18 15 
2888 91 21 
2889 0 27 
2890 91 27 
2891 28 6 
2892 119 6 
2893 48 32 
2894 167 7 
2895 6 28 
2896 173 2 
2897 0 16 
2898 173 9 
2899 0 35 
2900 173 10 
2901 0 11 
2902 173 16 
2903 27 19 
2904 200 22 
2905 6 1 
2906 206 23 
2907 24 5 
2908 230 7 
2909 45 30 
2910 63 30 
2911 69 30 
2912 36 3 
2913 105 2 
2914 24 22 
2915 129 3 
2916 6 32 
2917 135 3 
2918 0 31 
2919 135 3 
2920 42 12 
2921 177 6 
2922 0 21 
2923 177 7 
2924 0 21 
2925 177 7 
2926 32 18 
2927 209 7 
2928 32 1 
2929 241 7 
2930 20 15 
2931 261 7 
2932 12 30 
2933 273 7 
2934 8 1 
2935 281 7 
2936 32 5 
2937 313 7 
2938 72 30 
2939 28 23 
2940 34 23 
2941 12 34 
2942 46 22 
2943 16 27 
2944 62 21 
2945 27 16 
2946 89 22 
2947 0 9 
2948 89 16 
2949 14 6 
2950 103 16 
2951 16 20 
2952 119 22 
2953 42 13 
2954 161 23 
2955 16 20 
2956 177 22 
2957 0 3 
2958 177 28 
2959 0 10 
2960 177 22 
2961 6 20 
2962 183 22 
2963 3 1 
2964 186 23 
2965 28 5 
2966 214 5 
2967 63 30 
2968 42 31 
2969 48 32 
2970 24 1 
2971 72 2 
2972 24 35 
2973 96 2 
2974 27 17 
2975 123 3 
2976 0 5 
2977 123 3 
2978 42 25 
2979 165 3 
2980 56 16 
2981 221 3 
2982 30 19 
2983 251 33 
2984 16 20 
2985 267 33 
2986 72 22 
2987 339 33 
2988 8 27 
2989 347 33 
2990 6 0 
2991 353 34 
2992 8 1 
2993 361 34 
2994 36 4 
2995 397 34 
2996 81 30 
2997 63 29 
2998 69 28 
2999 32 7 
3000 101 27 
3001 8 29 
3002 109 21 
3003 0 23 
3004 109 28 
3005 0 9 
3006 109 10 
3007 49 6 
3008 158 16 
3009 48 23 
3010 206 22 
3011 48 18 
3012 254 23 
3013 16 26 
3014 270 18 
3015 8 28 
3016 278 18 
3017 36 10 
3018 314 12 
3019 18 7 
3020 332 12 
3021 3 1 
3022 335 12 
3023 0 35 
3024 335 17 
3025 54 30 
3026 14 19 
3027 20 13 
3028 0 13 
3029 20 13 
3030 20 4 
3031 40 12 
3032 24 22 
3033 64 18 
3034 0 4 
3035 64 10 
3036 35 4 
3037 99 9 
3038 8 4 
3039 107 10 
3040 42 24 
3041 149 29 
3042 0 21 
3043 149 29 
3044 72 7 
3045 221 24 
3046 16 8 
3047 237 6 
3048 12 6 
3049 249 7 
3050 3 1 
3051 252 8 
3052 12 3 
3053 264 7 
3054 0 12 
3055 14 24 
3056 20 30 
3057 8 31 
3058 28 30 
3059 32 34 
3060 60 35 
3061 3 34 
3062 63 29 
3063 0 32 
3064 63 35 
3065 42 15 
3066 105 29 
3067 24 33 
3068 129 29 
3069 0 35 
3070 129 24 
3071 40 19 
3072 169 18 
3073 48 34 
3074 217 24 
3075 12 1 
3076 229 30 
3077 3 0 
3078 232 0 
3079 3 4 
3080 235 4 
3081 12 33 
3082 247 3 
3083 36 24 
3084 28 29 
3085 34 28 
3086 4 13 
3087 38 29 
3088 24 10 
3089 62 23 
3090 9 29 
3091 71 17 
3092 0 9 
3093 71 16 
3094 63 12 
3095 134 17 
3096 16 34 
3097 150 17 
3098 24 22 
3099 174 17 
3100 40 23 
3101 214 17 
3102 16 9 
3103 230 17 
3104 20 14 
3105 250 17 
3106 6 20 
3107 256 17 
3108 8 15 
3109 264 17 
3110 12 5 
3111 276 17 
3112 9 8 
3113 49 12 
3114 55 12 
3115 0 15 
3116 55 17 
3117 8 34 
3118 63 23 
3119 3 21 
3120 66 18 
3121 0 9 
3122 66 23 
3123 56 11 
3124 122 12 
3125 8 34 
3126 130 5 
3127 48 29 
3128 178 5 
3129 16 27 
3130 194 5 
3131 40 4 
3132 234 5 
3133 4 16 
3134 238 5 
3135 24 16 
3136 262 11 
3137 0 15 
3138 262 10 
3139 28 9 
3140 290 9 
3141 0 7 
3142 49 29 
3143 55 35 
3144 20 3 
3145 75 34 
3146 32 4 
3147 107 4 
3148 3 26 
3149 110 34 
3150 0 3 
3151 110 4 
3152 49 21 
3153 159 34 
3154 40 29 
3155 199 28 
3156 0 34 
3157 199 29 
3158 72 34 
3159 271 28 
3160 32 32 
3161 303 34 
3162 28 5 
3163 331 34 
3164 24 13 
3165 355 28 
3166 4 10 
3167 359 29 
3168 12 3 
3169 371 34 
3170 36 17 
3171 35 19 
3172 41 19 
3173 4 32 
3174 45 25 
3175 16 21 
3176 61 19 
3177 0 28 
3178 61 22 
3179 0 32 
3180 61 28 
3181 14 15 
3182 75 22 
3183 72 34 
3184 147 28 
3185 24 25 
3186 171 27 
3187 0 26 
3188 171 27 
3189 32 7 
3190 203 33 
3191 16 3 
3192 219 33 
3193 27 20 
3194 246 33 
3195 7 20 
3196 253 33 
3197 8 35 
3198 261 33 
3199 72 29 
3200 28 23 
3201 34 23 
3202 4 31 
3203 38 29 
3204 28 20 
3205 66 23 
3206 9 22 
3207 75 29 
3208 0 14 
3209 75 13 
3210 56 23 
3211 131 19 
3212 72 16 
3213 203 19 
3214 12 9 
3215 215 20 
3216 16 21 
3217 231 15 
3218 72 26 
3219 303 21 
3220 12 10 
3221 315 15 
3222 6 20 
3223 321 15 
3224 6 15 
3225 327 16 
3226 24 3 
3227 351 15 
3228 63 28 
3229 56 25 
3230 62 26 
3231 0 32 
3232 62 26 
3233 8 28 
3234 70 27 
3235 12 30 
3236 82 28 
3237 0 33 
3238 82 34 
3239 14 20 
3240 96 34 
3241 8 23 
3242 104 34 
3243 54 20 
3244 158 28 
3245 64 19 
3246 222 28 
3247 72 8 
3248 294 27 
3249 4 21 
3250 298 28 
3251 24 33 
3252 322 27 
3253 8 33 
3254 330 28 
3255 20 4 
3256 350 27 
3257 0 29 
3258 7 18 
3259 13 12 
3260 32 4 
3261 45 12 
3262 16 28 
3263 61 18 
3264 0 33 
3265 61 34 
3266 0 4 
3267 61 5 
3268 63 21 
3269 124 5 
3270 32 29 
3271 156 5 
3272 36 15 
3273 192 5 
3274 24 15 
3275 216 5 
3276 24 2 
3277 240 5 
3278 16 13 
3279 256 5 
3280 24 20 
3281 280 26 
3282 9 9 
3283 289 20 
3284 8 8 
3285 297 26 
3286 72 29 
3287 0 24 
3288 6 30 
3289 0 1 
3290 6 0 
3291 30 5 
3292 36 0 
3293 0 6 
3294 36 0 
3295 27 5 
3296 63 0 
3297 0 29 
3298 63 30 
3299 54 10 
3300 117 35 
3301 54 16 
3302 171 29 
3303 4 35 
3304 175 24 
3305 72 33 
3306 247 25 
3307 30 7 
3308 277 25 
3309 0 25 
3310 277 26 
3311 32 2 
3312 309 26 
3313 0 23 
3314 309 25 
3315 42 11 
3316 10 30 
3317 16 30 
3318 0 8 
3319 16 2 
3320 0 11 
3321 16 0 
3322 48 7 
3323 64 6 
3324 81 25 
3325 145 0 
3326 8 14 
3327 153 1 
3328 36 33 
3329 189 1 
3330 6 10 
3331 195 1 
3332 0 16 
3333 195 0 
3334 0 17 
3335 195 5 
3336 0 23 
3337 195 5 
3338 0 19 
3339 195 11 
3340 24 31 
3341 219 11 
3342 48 5 
3343 267 35 
3344 35 6 
3345 18 11 
3346 24 11 
3347 0 9 
3348 24 10 
3349 36 16 
3350 60 10 
3351 16 8 
3352 76 9 
3353 9 2 
3354 85 9 
3355 12 23 
3356 97 9 
3357 0 22 
3358 97 9 
3359 0 16 
3360 97 9 
3361 16 1 
3362 113 9 
3363 36 34 
3364 149 9 
3365 25 13 
3366 174 9 
3367 0 32 
3368 174 9 
3369 32 1 
3370 206 9 
3371 64 5 
3372 270 9 
3373 56 30 
3374 8 29 
3375 14 29 
3376 0 3 
3377 14 28 
3378 24 29 
3379 38 27 
3380 72 9 
3381 110 21 
3382 81 20 
3383 191 15 
3384 4 32 
3385 195 14 
3386 12 4 
3387 207 15 
3388 42 16 
3389 249 15 
3390 8 19 
3391 257 15 
3392 0 3 
3393 257 15 
3394 0 12 
3395 257 15 
3396 0 31 
3397 257 9 
3398 12 13 
3399 269 9 
3400 56 13 
3401 325 9 
3402 49 31 
3403 12 1 
3404 18 1 
3405 0 16 
3406 18 0 
3407 36 8 
3408 54 1 
3409 72 12 
3410 126 0 
3411 54 13 
3412 180 0 
3413 12 32 
3414 192 30 
3415 42 22 
3416 234 30 
3417 30 19 
3418 264 31 
3419 8 14 
3420 272 31 
3421 81 21 
3422 353 31 
3423 10 21 
3424 363 31 
3425 0 2 
3426 363 32 
3427 32 32 
3428 395 2 
3429 72 11 
3430 467 1 
3431 63 23 
3432 18 0 
3433 24 0 
3434 0 15 
3435 24 6 
3436 12 17 
3437 36 6 
3438 0 13 
3439 36 1 
3440 81 33 
3441 117 32 
3442 14 21 
3443 131 33 
3444 36 32 
3445 167 34 
3446 48 12 
3447 215 35 
3448 8 31 
3449 223 35 
3450 9 27 
3451 232 34 
3452 45 5 
3453 277 34 
3454 0 33 
3455 277 35 
3456 12 27 
3457 289 34 
3458 0 21 
3459 289 28 
3460 42 12 
3461 4 16 
3462 10 16 
3463 0 8 
3464 10 10 
3465 30 4 
3466 40 11 
3467 64 14 
3468 104 15 
3469 27 1 
3470 131 14 
3471 10 33 
3472 141 20 
3473 6 34 
3474 147 21 
3475 42 6 
3476 189 15 
3477 0 2 
3478 189 2 
3479 81 26 
3480 270 2 
3481 20 15 
3482 290 2 
3483 0 6 
3484 290 2 
3485 12 33 
3486 302 2 
3487 24 18 
3488 326 8 
3489 0 23 
3490 4 21 
3491 10 21 
3492 0 2 
3493 10 8 
3494 48 34 
3495 58 2 
3496 8 6 
3497 66 7 
3498 27 32 
3499 93 7 
3500 12 33 
3501 105 32 
3502 18 27 
3503 123 32 
3504 0 13 
3505 123 32 
3506 20 13 
3507 143 2 
3508 54 34 
3509 197 2 
3510 15 28 
3511 212 32 
3512 0 9 
3513 212 32 
3514 12 21 
3515 224 26 
3516 24 33 
3517 248 27 
3518 28 18 
3519 8 35 
3520 14 35 
3521 0 14 
3522 14 34 
3523 36 10 
3524 50 35 
3525 24 18 
3526 74 35 
3527 72 31 
3528 146 0 
3529 18 35 
3530 164 6 
3531 12 34 
3532 176 35 
3533 24 16 
3534 200 22 
3535 20 29 
3536 220 23 
3537 18 9 
3538 238 17 
3539 25 21 
3540 263 17 
3541 0 20 
3542 263 23 
3543 32 14 
3544 295 22 
3545 24 18 
3546 319 23 
3547 7 6 
3548 14 21 
3549 20 21 
3550 0 9 
3551 20 15 
3552 12 17 
3553 32 16 
3554 8 19 
3555 40 13 
3556 0 8 
3557 40 14 
3558 16 34 
3559 56 4 
3560 6 28 
3561 62 4 
3562 48 16 
3563 110 10 
3564 8 28 
3565 118 16 
3566 45 17 
3567 163 17 
3568 5 22 
3569 168 22 
3570 0 13 
3571 168 23 
3572 0 16 
3573 168 17 
3574 56 15 
3575 224 11 
3576 0 7 
3577 14 21 
3578 20 21 
3579 0 9 
3580 20 15 
3581 48 21 
3582 68 15 
3583 8 27 
3584 76 21 
3585 45 1 
3586 121 15 
3587 14 14 
3588 135 15 
3589 30 28 
3590 165 15 
3591 0 7 
3592 165 15 
3593 36 33 
3594 201 15 
3595 36 26 
3596 237 15 
3597 35 8 
3598 272 9 
3599 0 3 
3600 272 9 
3601 16 26 
3602 288 8 
3603 24 9 
3604 312 8 
3605 28 17 
3606 10 21 
3607 16 21 
3608 0 1 
3609 16 31 
3610 24 15 
3611 40 9 
3612 0 20 
3613 40 8 
3614 54 33 
3615 94 8 
3616 4 10 
3617 98 8 
3618 54 34 
3619 152 2 
3620 24 17 
3621 176 8 
3622 0 32 
3623 176 32 
3624 36 28 
3625 212 26 
3626 20 4 
3627 232 26 
3628 0 34 
3629 232 33 
3630 28 33 
3631 260 34 
3632 16 22 
3633 276 28 
3634 56 24 
3635 8 17 
3636 14 11 
3637 0 27 
3638 14 10 
3639 42 14 
3640 56 10 
3641 24 24 
3642 80 11 
3643 54 14 
3644 134 10 
3645 16 16 
3646 150 22 
3647 54 16 
3648 204 16 
3649 12 8 
3650 216 10 
3651 8 9 
3652 224 16 
3653 81 27 
3654 305 15 
3655 15 10 
3656 320 15 
3657 0 26 
3658 320 15 
3659 24 22 
3660 344 15 
3661 48 16 
3662 392 15 
3663 49 18 
3664 16 31 
3665 22 1 
3666 0 8 
3667 22 2 
3668 12 28 
3669 34 2 
3670 32 25 
3671 66 2 
3672 36 33 
3673 102 2 
3674 4 26 
3675 106 2 
3676 6 27 
3677 112 2 
3678 54 26 
3679 166 2 
3680 32 22 
3681 198 3 
3682 81 8 
3683 279 3 
3684 5 21 
3685 284 3 
3686 0 27 
3687 284 27 
3688 32 15 
3689 316 27 
3690 40 12 
3691 356 28 
3692 0 26 
3693 2 22 
3694 8 21 
3695 0 21 
3696 8 21 
3697 24 28 
3698 32 27 
3699 0 12 
3700 32 13 
3701 0 4 
3702 32 5 
3703 18 29 
3704 50 0 
3705 24 29 
3706 74 0 
3707 36 16 
3708 110 5 
3709 12 15 
3710 122 5 
3711 27 21 
3712 149 35 
3713 20 18 
3714 169 29 
3715 0 14 
3716 169 29 
3717 36 20 
3718 205 28 
3719 16 17 
3720 221 28 
3721 56 23 
3722 0 24 
3723 6 29 
3724 14 1 
3725 20 24 
3726 10 5 
3727 30 29 
3728 0 6 
3729 30 29 
3730 6 25 
3731 36 29 
3732 0 29 
3733 36 28 
3734 54 27 
3735 90 29 
3736 9 16 
3737 99 29 
3738 0 30 
3739 99 29 
3740 48 1 
3741 147 24 
3742 6 0 
3743 153 30 
3744 30 25 
3745 183 24 
3746 72 3 
3747 255 25 
3748 0 24 
3749 255 24 
3750 54 35 
3751 5 30 
3752 11 30 
3753 56 2 
3754 67 30 
3755 0 11 
3756 67 35 
3757 42 30 
3758 109 29 
3759 18 27 
3760 127 28 
3761 8 14 
3762 135 27 
3763 36 32 
3764 171 27 
3765 1 23 
3766 172 28 
3767 0 22 
3768 172 29 
3769 0 35 
3770 172 28 
3771 0 11 
3772 172 29 
3773 45 6 
3774 217 35 
3775 54 27 
3776 271 29 
3777 24 31 
3778 295 29 
3779 45 1 
3780 9 5 
3781 15 5 
3782 63 9 
3783 78 11 
3784 12 25 
3785 90 5 
3786 14 7 
3787 104 0 
3788 2 2 
3789 106 30 
3790 12 17 
3791 118 0 
3792 0 28 
3793 118 30 
3794 0 21 
3795 118 30 
3796 0 31 
3797 118 24 
3798 24 19 
3799 142 25 
3800 5 18 
3801 147 26 
3802 20 32 
3803 167 26 
3804 72 11 
3805 239 27 
3806 32 18 
3807 271 26 
3808 72 30 
3809 4 29 
3810 10 29 
3811 21 3 
3812 31 35 
3813 8 24 
3814 39 29 
3815 63 23 
3816 102 35 
3817 18 20 
3818 120 30 
3819 4 11 
3820 124 0 
3821 12 27 
3822 136 5 
3823 7 18 
3824 143 5 
3825 0 18 
3826 143 5 
3827 0 20 
3828 143 21 
3829 0 10 
3830 143 22 
3831 10 31 
3832 153 28 
3833 27 27 
3834 180 26 
3835 28 25 
3836 208 20 
3837 63 14 
3838 6 4 
3839 12 4 
3840 42 1 
3841 54 3 
3842 12 35 
3843 66 4 
3844 63 18 
3845 129 34 
3846 12 5 
3847 141 5 
3848 12 17 
3849 153 11 
3850 42 28 
3851 195 17 
3852 5 27 
3853 200 16 
3854 0 29 
3855 200 22 
3856 54 27 
3857 254 21 
3858 2 11 
3859 256 21 
3860 10 2 
3861 266 20 
3862 72 8 
3863 338 14 
3864 36 4 
3865 374 8 
3866 81 19 
3867 9 16 
3868 15 16 
3869 56 15 
3870 71 16 
3871 4 11 
3872 75 17 
3873 0 29 
3874 75 17 
3875 18 15 
3876 93 17 
3877 14 27 
3878 107 23 
3879 36 2 
3880 143 8 
3881 8 18 
3882 151 8 
3883 0 27 
3884 151 9 
3885 6 12 
3886 157 15 
3887 9 11 
3888 166 21 
3889 30 33 
3890 196 27 
3891 27 4 
3892 223 34 
3893 0 14 
3894 223 28 
3895 54 19 
3896 2 19 
3897 8 19 
3898 0 19 
3899 8 20 
3900 10 5 
3901 18 14 
3902 56 21 
3903 74 19 
3904 6 31 
3905 80 7 
3906 10 34 
3907 90 8 
3908 6 28 
3909 96 8 
3910 7 18 
3911 103 12 
3912 0 21 
3913 103 17 
3914 54 7 
3915 157 11 
3916 4 32 
3917 161 1 
3918 20 12 
3919 181 7 
3920 27 33 
3921 208 7 
3922 12 19 
3923 220 8 
3924 0 19 
3925 2 15 
3926 8 21 
3927 14 2 
3928 22 27 
3929 16 35 
3930 38 27 
3931 7 34 
3932 45 27 
3933 6 5 
3934 51 28 
3935 12 33 
3936 63 34 
3937 18 27 
3938 81 28 
3939 0 12 
3940 81 29 
3941 0 24 
3942 81 23 
3943 36 31 
3944 117 29 
3945 3 9 
3946 120 35 
3947 5 8 
3948 125 5 
3949 27 34 
3950 152 5 
3951 12 32 
3952 164 5 
3953 36 24 
3954 4 35 
3955 10 35 
3956 7 4 
3957 17 34 
3958 12 31 
3959 29 33 
3960 21 18 
3961 50 23 
3962 16 31 
3963 66 23 
3964 18 35 
3965 84 22 
3966 12 27 
3967 96 22 
3968 4 21 
3969 100 28 
3970 0 35 
3971 100 28 
3972 12 5 
3973 112 34 
3974 5 10 
3975 117 10 
3976 10 24 
3977 127 4 
3978 72 9 
3979 199 5 
3980 12 29 
3981 211 4 
3982 9 14 
3983 7 30 
3984 13 4 
3985 0 10 
3986 13 10 
3987 4 29 
3988 17 4 
3989 7 19 
3990 24 18 
3991 0 9 
3992 24 12 
3993 16 34 
3994 40 23 
3995 6 28 
3996 46 24 
3997 8 22 
3998 54 24 
3999 0 28 
4000 54 24 
4001 30 35 
4002 84 30 
4003 1 4 
4004 85 0 
4005 40 7 
4006 125 0 
4007 0 26 
4008 125 1 
4009 28 20 
4010 153 7 
4011 0 14 
4012 7 18 
4013 13 12 
4014 35 9 
4015 48 7 
4016 16 26 
4017 64 13 
4018 7 8 
4019 71 14 
4020 10 25 
4021 81 13 
4022 14 20 
4023 95 14 
4024 30 28 
4025 125 20 
4026 0 23 
4027 125 20 
4028 0 33 
4029 125 20 
4030 24 2 
4031 149 20 
4032 7 12 
4033 156 20 
4034 40 3 
4035 196 14 
4036 36 10 
4037 232 8 
4038 12 23 
4039 244 7 
4040 36 19 
4041 5 30 
4042 11 35 
4043 7 25 
4044 18 24 
4045 8 20 
4046 26 24 
4047 0 28 
4048 26 24 
4049 12 32 
4050 38 24 
4051 4 11 
4052 42 24 
4053 54 27 
4054 96 24 
4055 4 23 
4056 100 24 
4057 0 32 
4058 100 24 
4059 24 7 
4060 124 18 
4061 4 33 
4062 128 32 
4063 45 26 
4064 173 31 
4065 63 27 
4066 236 32 
4067 8 21 
4068 244 26 
4069 72 29 
4070 4 17 
4071 10 17 
4072 7 3 
4073 17 16 
4074 14 20 
4075 31 16 
4076 21 24 
4077 52 22 
4078 12 14 
4079 64 22 
4080 16 16 
4081 80 22 
4082 54 28 
4083 134 22 
4084 2 20 
4085 136 22 
4086 0 30 
4087 136 28 
4088 54 26 
4089 190 28 
4090 3 10 
4091 193 28 
4092 10 6 
4093 203 22 
4094 54 26 
4095 257 27 
4096 24 10 
4097 281 28 
4098 63 28 
4099 8 5 
4100 14 5 
4101 0 19 
4102 14 25 
4103 4 14 
4104 18 20 
4105 28 30 
4106 46 26 
4107 8 4 
4108 54 27 
4109 4 26 
4110 58 21 
4111 6 27 
4112 64 27 
4113 9 20 
4114 73 27 
4115 0 19 
4116 73 21 
4117 54 13 
4118 127 20 
4119 1 18 
4120 128 20 
4121 40 34 
4122 168 21 
4123 72 33 
4124 240 33 
4125 20 13 
4126 260 27 
4127 0 19 
4128 1 22 
4129 7 22 
4130 56 22 
4131 63 22 
4132 8 23 
4133 71 22 
4134 0 12 
4135 71 22 
4136 0 32 
4137 71 21 
4138 18 18 
4139 89 22 
4140 24 28 
4141 113 21 
4142 6 23 
4143 119 22 
4144 0 23 
4145 119 21 
4146 18 2 
4147 137 20 
4148 4 6 
4149 141 14 
4150 40 29 
4151 181 15 
4152 81 26 
4153 262 15 
4154 8 8 
4155 270 21 
4156 72 19 
4157 0 0 
4158 6 0 
4159 18 24 
4160 24 30 
4161 5 5 
4162 29 30 
4163 0 34 
4164 29 30 
4165 21 4 
4166 50 30 
4167 0 24 
4168 50 30 
4169 9 14 
4170 59 8 
4171 45 23 
4172 104 18 
4173 9 31 
4174 113 19 
4175 56 1 
4176 169 19 
4177 42 0 
4178 211 19 
4179 36 24 
4180 247 19 
4181 56 32 
4182 303 19 
4183 0 28 
4184 303 19 
4185 36 17 
4186 0 24 
4187 6 30 
4188 72 7 
4189 78 30 
4190 0 11 
4191 78 35 
4192 42 15 
4193 120 16 
4194 63 33 
4195 183 16 
4196 4 13 
4197 187 14 
4198 6 25 
4199 193 13 
4200 5 10 
4201 198 7 
4202 0 13 
4203 198 7 
4204 0 33 
4205 198 8 
4206 0 11 
4207 198 7 
4208 54 6 
4209 252 13 
4210 42 31 
4211 294 7 
4212 18 31 
4213 312 7 
4214 30 6 
4215 0 23 
4216 6 23 
4217 81 13 
4218 87 18 
4219 6 19 
4220 93 19 
4221 14 16 
4222 107 13 
4223 7 2 
4224 114 13 
4225 6 22 
4226 120 12 
4227 0 19 
4228 120 13 
4229 0 16 
4230 120 12 
4231 36 1 
4232 156 13 
4233 28 1 
4234 184 13 
4235 35 15 
4236 219 13 
4237 24 30 
4238 243 12 
4239 56 7 
4240 299 6 
4241 24 19 
4242 323 6 
4243 48 6 
4244 0 29 
4245 6 29 
4246 27 32 
4247 33 24 
4248 4 29 
4249 37 18 
4250 63 26 
4251 100 18 
4252 63 8 
4253 163 12 
4254 2 31 
4255 165 13 
4256 2 14 
4257 167 13 
4258 35 11 
4259 202 12 
4260 18 12 
4261 220 17 
4262 0 3 
4263 220 17 
4264 0 10 
4265 220 17 
4266 12 28 
4267 232 17 
4268 21 7 
4269 253 17 
4270 21 25 
4271 274 17 
4272 42 1 
4273 0 31 
4274 6 1 
4275 54 16 
4276 60 7 
4277 6 35 
4278 66 7 
4279 63 20 
4280 129 7 
4281 42 3 
4282 171 7 
4283 6 2 
4284 177 7 
4285 7 28 
4286 184 27 
4287 25 19 
4288 209 27 
4289 18 20 
4290 227 27 
4291 63 4 
4292 290 34 
4293 14 5 
4294 304 34 
4295 12 28 
4296 316 32 
4297 56 8 
4298 372 2 
4299 27 11 
4300 399 3 
4301 54 23 
4302 0 7 
4303 6 7 
4304 72 15 
4305 78 8 
4306 2 17 
4307 80 16 
4308 0 14 
4309 80 16 
4310 63 16 
4311 143 10 
4312 7 3 
4313 150 4 
4314 6 20 
4315 156 3 
4316 40 17 
4317 196 3 
4318 18 25 
4319 214 3 
4320 7 9 
4321 221 3 
4322 63 4 
4323 284 3 
4324 36 33 
4325 320 3 
4326 21 31 
4327 341 3 
4328 0 13 
4329 341 3 
4330 36 12 
4331 0 25 
4332 6 25 
4333 0 18 
4334 6 24 
4335 5 4 
4336 11 24 
4337 56 14 
4338 67 25 
4339 21 1 
4340 88 24 
4341 5 4 
4342 93 0 
4343 1 25 
4344 94 0 
4345 35 6 
4346 129 6 
4347 0 2 
4348 129 8 
4349 63 3 
4350 192 8 
4351 28 2 
4352 220 14 
4353 24 34 
4354 244 20 
4355 21 33 
4356 265 26 
4357 9 23 
4358 274 26 
4359 0 12 
4360 0 26 
4361 6 26 
4362 18 31 
4363 24 25 
4364 8 34 
4365 32 24 
4366 7 27 
4367 39 25 
4368 21 2 
4369 60 25 
4370 6 8 
4371 66 19 
4372 3 26 
4373 69 19 
4374 0 7 
4375 69 19 
4376 45 7 
4377 114 19 
4378 42 34 
4379 156 25 
4380 21 9 
4381 177 8 
4382 6 35 
4383 183 9 
4384 21 27 
4385 204 9 
4386 9 32 
4387 213 3 
4388 24 18 
4389 0 25 
4390 6 26 
4391 9 14 
4392 15 20 
4393 6 9 
4394 21 21 
4395 21 29 
4396 42 21 
4397 56 1 
4398 98 20 
4399 9 7 
4400 107 14 
4401 2 25 
4402 109 19 
4403 20 3 
4404 129 13 
4405 45 1 
4406 174 1 
4407 14 9 
4408 188 2 
4409 35 14 
4410 223 1 
4411 12 12 
4412 235 0 
4413 56 9 
4414 291 6 
4415 9 22 
4416 300 12 
4417 6 19 
4418 0 27 
4419 6 27 
4420 0 31 
4421 6 27 
4422 2 23 
4423 8 21 
4424 7 21 
4425 15 22 
4426 0 8 
4427 15 22 
4428 8 6 
4429 23 23 
4430 1 16 
4431 24 23 
4432 40 28 
4433 64 23 
4434 18 33 
4435 82 23 
4436 35 16 
4437 117 23 
4438 7 28 
4439 124 23 
4440 48 13 
4441 172 23 
4442 0 14 
4443 172 17 
4444 21 28 
4445 193 17 
4446 0 1 
4447 0 22 
4448 6 22 
4449 45 33 
4450 51 28 
4451 8 27 
4452 59 28 
4453 7 20 
4454 66 22 
4455 35 9 
4456 101 21 
4457 7 15 
4458 108 21 
4459 5 13 
4460 113 15 
4461 0 23 
4462 113 21 
4463 81 32 
4464 194 21 
4465 28 8 
4466 222 21 
4467 49 8 
4468 271 20 
4469 48 13 
4470 319 20 
4471 28 10 
4472 347 14 
4473 9 15 
4474 356 14 
4475 24 11 
4476 0 19 
4477 6 19 
4478 9 26 
4479 15 20 
4480 4 15 
4481 19 14 
4482 0 28 
4483 19 15 
4484 42 33 
4485 61 15 
4486 2 18 
4487 63 16 
4488 9 25 
4489 72 17 
4490 20 29 
4491 92 17 
4492 0 26 
4493 92 23 
4494 28 34 
4495 120 28 
4496 28 3 
4497 148 28 
4498 54 26 
4499 202 22 
4500 49 32 
4501 251 28 
4502 6 28 
4503 257 27 
4504 48 17 
4505 0 19 
4506 6 19 
4507 9 25 
4508 15 25 
4509 7 20 
4510 22 25 
4511 21 24 
4512 43 25 
4513 42 15 
4514 85 21 
4515 8 12 
4516 93 22 
4517 9 14 
4518 102 22 
4519 10 9 
4520 112 22 
4521 18 2 
4522 130 28 
4523 63 17 
4524 193 28 
4525 21 21 
4526 214 28 
4527 12 13 
4528 226 29 
4529 42 26 
4530 268 29 
4531 18 24 
4532 286 29 
4533 42 18 
4534 0 25 
4535 6 26 
4536 0 20 
4537 6 20 
4538 2 28 
4539 8 20 
4540 28 25 
4541 36 20 
4542 28 34 
4543 64 21 
4544 2 28 
4545 66 21 
4546 1 13 
4547 67 15 
4548 45 26 
4549 112 15 
4550 72 19 
4551 184 15 
4552 63 8 
4553 247 15 
4554 7 20 
4555 254 15 
4556 48 28 
4557 302 15 
4558 56 14 
4559 358 15 
4560 15 12 
4561 373 15 
4562 0 24 
4563 0 18 
4564 6 18 
4565 72 21 
4566 78 18 
4567 4 10 
4568 82 12 
4569 0 25 
4570 82 12 
4571 0 3 
4572 82 4 
4573 9 19 
4574 91 22 
4575 4 22 
4576 95 34 
4577 30 21 
4578 125 4 
4579 27 17 
4580 152 4 
4581 21 32 
4582 173 4 
4583 28 32 
4584 201 4 
4585 48 20 
4586 249 4 
4587 63 8 
4588 312 2 
4589 6 18 
4590 318 8 
4591 48 11 
4592 0 0 
4593 6 1 
4594 12 1 
4595 18 2 
4596 15 5 
4597 33 2 
4598 0 6 
4599 33 2 
4600 12 5 
4601 45 2 
4602 0 27 
4603 45 2 
4604 9 14 
4605 54 8 
4606 18 23 
4607 72 7 
4608 9 35 
4609 81 7 
4610 24 1 
4611 105 13 
4612 54 0 
4613 159 13 
4614 0 24 
4615 159 19 
4616 64 2 
4617 223 20 
4618 0 24 
4619 223 20 
4620 30 30 
4621 25 11 
4622 31 11 
4623 48 2 
4624 79 10 
4625 0 13 
4626 79 11 
4627 54 30 
4628 133 35 
4629 36 33 
4630 169 35 
4631 32 14 
4632 201 15 
4633 6 2 
4634 207 9 
4635 2 17 
4636 209 15 
4637 0 10 
4638 209 9 
4639 0 27 
4640 209 15 
4641 0 5 
4642 209 9 
4643 0 6 
4644 209 10 
4645 48 25 
4646 257 4 
4647 48 31 
4648 305 3 
4649 25 30 
4650 45 23 
4651 51 23 
4652 54 3 
4653 105 9 
4654 18 22 
4655 123 9 
4656 18 32 
4657 141 9 
4658 4 14 
4659 145 9 
4660 48 23 
4661 193 10 
4662 0 30 
4663 193 10 
4664 0 10 
4665 193 10 
4666 36 18 
4667 229 10 
4668 12 25 
4669 241 16 
4670 45 7 
4671 286 10 
4672 0 30 
4673 286 5 
4674 64 7 
4675 350 6 
4676 64 25 
4677 414 1 
4678 40 25 
4679 20 29 
4680 26 29 
4681 18 28 
4682 44 28 
4683 12 23 
4684 56 22 
4685 81 26 
4686 137 22 
4687 36 20 
4688 173 22 
4689 16 32 
4690 189 28 
4691 2 13 
4692 191 27 
4693 14 11 
4694 205 5 
4695 18 14 
4696 223 4 
4697 0 33 
4698 223 10 
4699 0 16 
4700 223 9 
4701 0 32 
4702 223 9 
4703 24 13 
4704 247 9 
4705 56 25 
4706 303 9 
4707 35 20 
4708 30 10 
4709 36 10 
4710 36 16 
4711 72 10 
4712 18 2 
4713 90 9 
4714 81 12 
4715 171 8 
4716 24 13 
4717 195 7 
4718 48 33 
4719 243 32 
4720 7 15 
4721 250 32 
4722 10 11 
4723 260 6 
4724 18 29 
4725 278 12 
4726 27 27 
4727 305 17 
4728 18 6 
4729 323 16 
4730 0 2 
4731 323 16 
4732 64 2 
4733 387 16 
4734 72 11 
4735 459 16 
4736 45 23 
4737 45 16 
4738 51 16 
4739 48 7 
4740 99 8 
4741 6 18 
4742 105 7 
4743 0 29 
4744 105 35 
4745 36 8 
4746 141 30 
4747 56 4 
4748 197 30 
4749 6 32 
4750 203 2 
4751 16 12 
4752 219 2 
4753 18 28 
4754 237 2 
4755 3 9 
4756 240 2 
4757 81 10 
4758 321 2 
4759 0 31 
4760 321 2 
4761 24 23 
4762 345 17 
4763 0 11 
4764 345 23 
4765 30 19 
4766 10 16 
4767 16 10 
4768 0 8 
4769 16 9 
4770 15 3 
4771 31 9 
4772 72 9 
4773 103 9 
4774 12 31 
4775 115 8 
4776 40 4 
4777 155 8 
4778 1 25 
4779 156 31 
4780 14 6 
4781 170 31 
4782 0 24 
4783 170 31 
4784 27 7 
4785 197 31 
4786 36 2 
4787 233 31 
4788 0 5 
4789 233 31 
4790 24 31 
4791 257 31 
4792 24 22 
4793 281 25 
4794 0 16 
4795 10 16 
4796 16 16 
4797 12 1 
4798 28 17 
4799 24 34 
4800 52 16 
4801 9 27 
4802 61 16 
4803 12 32 
4804 73 10 
4805 48 9 
4806 121 10 
4807 3 26 
4808 124 4 
4809 0 13 
4810 124 14 
4811 45 30 
4812 169 14 
4813 18 31 
4814 187 14 
4815 27 1 
4816 214 20 
4817 0 8 
4818 214 14 
4819 24 33 
4820 238 20 
4821 24 31 
4822 262 14 
4823 20 24 
4824 20 23 
4825 26 22 
4826 6 20 
4827 32 21 
4828 18 8 
4829 50 20 
4830 27 18 
4831 77 19 
4832 32 9 
4833 109 13 
4834 72 9 
4835 181 13 
4836 2 25 
4837 183 13 
4838 8 7 
4839 191 13 
4840 45 28 
4841 236 19 
4842 6 3 
4843 242 13 
4844 45 10 
4845 287 12 
4846 0 17 
4847 287 12 
4848 64 9 
4849 351 6 
4850 24 18 
4851 375 6 
4852 5 15 
4853 35 35 
4854 41 35 
4855 0 29 
4856 41 35 
4857 6 35 
4858 47 35 
4859 9 19 
4860 56 29 
4861 0 2 
4862 56 35 
4863 64 34 
4864 120 4 
4865 1 15 
4866 121 3 
4867 16 12 
4868 137 2 
4869 18 28 
4870 155 32 
4871 15 34 
4872 170 31 
4873 9 16 
4874 179 30 
4875 0 22 
4876 179 28 
4877 0 12 
4878 179 28 
4879 56 28 
4880 235 35 
4881 0 21 
4882 35 22 
4883 41 21 
4884 30 31 
4885 71 25 
4886 24 27 
4887 95 25 
4888 9 8 
4889 104 26 
4890 20 1 
4891 124 26 
4892 56 20 
4893 180 26 
4894 5 1 
4895 185 26 
4896 0 7 
4897 185 25 
4898 81 28 
4899 266 24 
4900 12 19 
4901 278 24 
4902 63 6 
4903 341 18 
4904 0 29 
4905 341 24 
4906 32 10 
4907 373 18 
4908 24 24 
4909 397 18 
4910 20 13 
4911 25 18 
4912 31 18 
4913 6 26 
4914 37 24 
4915 12 27 
4916 49 24 
4917 0 28 
4918 49 24 
4919 24 25 
4920 73 24 
4921 16 10 
4922 89 16 
4923 9 15 
4924 98 21 
4925 8 6 
4926 106 11 
4927 0 15 
4928 106 11 
4929 12 13 
4930 118 11 
4931 36 13 
4932 154 11 
4933 0 31 
4934 154 11 
4935 56 20 
4936 210 10 
4937 16 22 
4938 226 11 
4939 40 28 
4940 20 23 
4941 26 23 
4942 6 19 
4943 32 18 
4944 21 14 
4945 53 18 
4946 27 24 
4947 80 18 
4948 24 20 
4949 104 18 
4950 64 16 
4951 168 18 
4952 9 13 
4953 177 18 
4954 4 13 
4955 181 18 
4956 18 9 
4957 199 12 
4958 27 26 
4959 226 24 
4960 27 2 
4961 253 30 
4962 0 7 
4963 253 31 
4964 48 22 
4965 301 32 
4966 48 24 
4967 349 31 
4968 35 28 
4969 40 4 
4970 46 4 
4971 0 8 
4972 46 10 
4973 6 14 
4974 52 9 
4975 36 25 
4976 88 8 
4977 16 4 
4978 104 8 
4979 16 22 
4980 120 8 
4981 1 13 
4982 121 8 
4983 18 17 
4984 139 8 
4985 72 28 
4986 211 2 
4987 27 27 
4988 238 33 
4989 9 5 
4990 247 33 
4991 0 30 
4992 247 34 
4993 64 3 
4994 311 33 
4995 40 25 
4996 351 32 
4997 0 25 
4998 5 12 
4999 11 12 
5000 48 21 
5001 59 18 
5002 12 15 
5003 71 12 
5004 0 33 
5005 71 34 
5006 0 3 
5007 71 33 
5008 72 28 
5009 143 33 
5010 4 15 
5011 147 33 
5012 12 10 
5013 159 33 
5014 27 28 
5015 186 22 
5016 9 1 
5017 195 18 
5018 36 13 
5019 231 8 
5020 0 23 
5021 231 6 
5022 72 8 
5023 303 7 
5024 16 11 
5025 319 12 
5026 40 13 
5027 0 24 
5028 6 12 
5029 18 24 
5030 24 18 
5031 30 32 
5032 54 24 
5033 0 6 
5034 54 24 
5035 24 11 
5036 78 18 
5037 0 24 
5038 78 12 
5039 54 14 
5040 132 13 
5041 9 11 
5042 141 12 
5043 1 34 
5044 142 4 
5045 40 0 
5046 182 34 
5047 54 0 
5048 236 34 
5049 48 25 
5050 284 28 
5051 32 11 
5052 316 28 
5053 0 24 
5054 316 28 
5055 6 11 
5056 0 30 
5057 6 30 
5058 72 13 
5059 78 24 
5060 0 25 
5061 78 18 
5062 18 30 
5063 96 24 
5064 72 5 
5065 168 24 
5066 20 35 
5067 188 24 
5068 36 25 
5069 224 24 
5070 1 10 
5071 225 4 
5072 0 16 
5073 225 4 
5074 0 11 
5075 225 4 
5076 0 17 
5077 225 4 
5078 72 6 
5079 297 4 
5080 24 6 
5081 321 4 
5082 48 31 
5083 369 4 
5084 5 6 
5085 0 24 
5086 6 29 
5087 81 15 
5088 87 23 
5089 36 26 
5090 123 18 
5091 6 7 
5092 129 19 
5093 8 31 
5094 137 25 
5095 30 21 
5096 167 25 
5097 0 20 
5098 167 25 
5099 0 21 
5100 167 25 
5101 4 23 
5102 171 25 
5103 20 19 
5104 191 25 
5105 45 24 
5106 236 25 
5107 32 30 
5108 268 25 
5109 32 7 
5110 300 25 
5111 64 25 
5112 364 19 
5113 8 26 
5114 0 26 
5115 6 26 
5116 27 4 
5117 33 32 
5118 24 21 
5119 57 26 
5120 27 26 
5121 84 32 
5122 72 10 
5123 156 33 
5124 10 31 
5125 166 32 
5126 12 19 
5127 178 32 
5128 7 7 
5129 185 32 
5130 2 26 
5131 187 32 
5132 0 34 
5133 187 32 
5134 0 16 
5135 187 2 
5136 16 5 
5137 203 2 
5138 12 32 
5139 215 2 
5140 56 29 
5141 271 32 
5142 7 20 
5143 0 1 
5144 6 2 
5145 54 10 
5146 60 2 
5147 36 32 
5148 96 2 
5149 27 12 
5150 123 2 
5151 48 4 
5152 171 3 
5153 30 25 
5154 201 33 
5155 42 24 
5156 243 32 
5157 5 17 
5158 248 26 
5159 2 21 
5160 250 28 
5161 45 4 
5162 295 10 
5163 18 22 
5164 313 16 
5165 16 0 
5166 329 17 
5167 32 8 
5168 361 11 
5169 72 11 
5170 433 6 
5171 9 17 
5172 0 33 
5173 6 33 
5174 72 16 
5175 78 3 
5176 12 17 
5177 90 9 
5178 0 29 
5179 90 35 
5180 72 9 
5181 162 35 
5182 35 32 
5183 197 35 
5184 36 30 
5185 233 34 
5186 8 12 
5187 241 35 
5188 2 26 
5189 243 34 
5190 5 12 
5191 248 4 
5192 81 31 
5193 329 34 
5194 48 1 
5195 377 31 
5196 12 1 
5197 389 1 
5198 0 3 
5199 389 0 
5200 6 19 
5201 0 25 
5202 6 27 
5203 0 16 
5204 6 21 
5205 30 32 
5206 36 20 
5207 24 14 
5208 60 20 
5209 24 16 
5210 84 20 
5211 25 10 
5212 109 14 
5213 6 31 
5214 115 13 
5215 7 6 
5216 122 12 
5217 0 34 
5218 122 6 
5219 45 3 
5220 167 6 
5221 36 32 
5222 203 6 
5223 32 12 
5224 235 6 
5225 12 33 
5226 247 7 
5227 24 22 
5228 271 23 
5229 0 20 
5230 0 26 
5231 6 26 
5232 18 7 
5233 24 25 
5234 48 27 
5235 72 25 
5236 3 13 
5237 75 25 
5238 24 32 
5239 99 25 
5240 30 26 
5241 129 25 
5242 18 20 
5243 147 25 
5244 0 20 
5245 147 25 
5246 5 25 
5247 152 24 
5248 30 4 
5249 182 24 
5250 27 7 
5251 209 18 
5252 8 10 
5253 217 18 
5254 12 16 
5255 229 18 
5256 24 31 
5257 253 18 
5258 4 18 
5259 0 25 
5260 6 7 
5261 9 4 
5262 15 2 
5263 36 9 
5264 51 3 
5265 9 18 
5266 60 9 
5267 64 2 
5268 124 9 
5269 45 19 
5270 169 15 
5271 12 25 
5272 181 21 
5273 4 15 
5274 185 14 
5275 5 34 
5276 190 15 
5277 10 3 
5278 200 14 
5279 45 14 
5280 245 20 
5281 16 19 
5282 261 20 
5283 32 10 
5284 293 22 
5285 24 18 
5286 317 28 
5287 1 20 
5288 0 27 
5289 6 27 
5290 0 10 
5291 6 33 
5292 12 22 
5293 18 33 
5294 3 19 
5295 21 33 
5296 0 8 
5297 21 33 
5298 40 10 
5299 61 33 
5300 6 16 
5301 67 34 
5302 8 22 
5303 75 34 
5304 2 34 
5305 77 34 
5306 25 11 
5307 102 34 
5308 9 4 
5309 111 28 
5310 64 11 
5311 175 34 
5312 0 12 
5313 175 35 
5314 56 28 
5315 231 35 
5316 0 21 
5317 0 27 
5318 6 27 
5319 45 33 
5320 51 27 
5321 48 21 
5322 99 27 
5323 3 20 
5324 102 27 
5325 40 25 
5326 142 27 
5327 35 20 
5328 177 27 
5329 30 13 
5330 207 21 
5331 0 23 
5332 207 21 
5333 9 34 
5334 216 27 
5335 20 8 
5336 236 33 
5337 63 35 
5338 299 3 
5339 64 13 
5340 363 9 
5341 16 16 
5342 379 3 
5343 24 34 
5344 403 33 
5345 4 20 
5346 0 33 
5347 6 34 
5348 9 32 
5349 15 33 
5350 24 20 
5351 39 33 
5352 0 27 
5353 39 33 
5354 48 33 
5355 87 3 
5356 10 24 
5357 97 4 
5358 54 20 
5359 151 26 
5360 4 6 
5361 155 20 
5362 0 26 
5363 155 14 
5364 20 28 
5365 175 20 
5366 36 33 
5367 211 21 
5368 72 3 
5369 283 15 
5370 28 2 
5371 311 15 
5372 16 29 
5373 327 16 
5374 8 24 
5375 0 23 
5376 6 17 
5377 9 23 
5378 15 23 
5379 42 22 
5380 57 23 
5381 9 24 
5382 66 18 
5383 48 14 
5384 114 18 
5385 40 25 
5386 154 18 
5387 54 23 
5388 208 18 
5389 2 20 
5390 210 19 
5391 2 34 
5392 212 28 
5393 45 34 
5394 257 22 
5395 27 29 
5396 284 28 
5397 16 34 
5398 300 22 
5399 24 17 
5400 324 22 
5401 48 29 
5402 372 22 
5403 7 27 
5404 0 19 
5405 6 19 
5406 0 34 
5407 6 35 
5408 12 22 
5409 18 34 
5410 12 25 
5411 30 35 
5412 32 15 
5413 62 5 
5414 10 26 
5415 72 27 
5416 6 21 
5417 78 15 
5418 9 20 
5419 87 16 
5420 8 28 
5421 95 22 
5422 45 12 
5423 140 23 
5424 9 26 
5425 149 29 
5426 64 27 
5427 213 28 
5428 32 16 
5429 245 22 
5430 40 18 
5431 285 23 
5432 0 29 
5433 0 23 
5434 6 17 
5435 72 16 
5436 78 17 
5437 24 16 
5438 102 17 
5439 0 31 
5440 102 1 
5441 0 26 
5442 102 1 
5443 45 29 
5444 147 1 
5445 24 18 
5446 171 1 
5447 6 14 
5448 177 1 
5449 3 34 
5450 180 1 
5451 15 8 
5452 195 1 
5453 36 2 
5454 231 1 
5455 64 23 
5456 295 0 
5457 36 26 
5458 331 0 
5459 16 18 
5460 347 24 
5461 8 13 
5462 0 24 
5463 6 29 
5464 6 1 
5465 12 35 
5466 0 5 
5467 12 29 
5468 0 6 
5469 12 23 
5470 12 5 
5471 24 29 
5472 0 29 
5473 24 23 
5474 36 21 
5475 60 22 
5476 63 1 
5477 123 0 
5478 6 34 
5479 129 0 
5480 24 0 
5481 153 30 
5482 6 7 
5483 159 30 
5484 42 1 
5485 201 31 
5486 40 2 
5487 241 1 
5488 0 29 
5489 241 1 
5490 36 11 
5491 0 30 
5492 6 0 
5493 24 2 
5494 30 0 
5495 0 19 
5496 30 30 
5497 24 30 
5498 54 30 
5499 36 33 
5500 90 30 
5501 16 35 
5502 106 30 
5503 24 25 
5504 130 25 
5505 7 31 
5506 137 25 
5507 0 22 
5508 137 19 
5509 0 17 
5510 137 19 
5511 0 11 
5512 137 19 
5513 63 8 
5514 200 19 
5515 30 1 
5516 230 19 
5517 54 5 
5518 284 25 
5519 30 17 
5520 0 18 
5521 6 18 
5522 27 3 
5523 33 9 
5524 0 26 
5525 33 27 
5526 8 6 
5527 41 12 
5528 4 2 
5529 45 14 
5530 24 29 
5531 69 13 
5532 0 30 
5533 69 18 
5534 0 11 
5535 69 29 
5536 24 3 
5537 93 11 
5538 12 29 
5539 105 17 
5540 5 12 
5541 110 24 
5542 28 32 
5543 138 30 
5544 40 25 
5545 178 32 
5546 72 30 
5547 250 34 
5548 48 6 
5549 0 28 
5550 6 28 
5551 9 4 
5552 15 34 
5553 0 24 
5554 15 34 
5555 36 18 
5556 51 35 
5557 36 10 
5558 87 34 
5559 8 31 
5560 95 34 
5561 8 19 
5562 103 35 
5563 49 7 
5564 152 5 
5565 12 7 
5566 164 11 
5567 0 34 
5568 164 10 
5569 0 10 
5570 164 10 
5571 14 22 
5572 178 4 
5573 15 7 
5574 193 4 
5575 63 29 
5576 256 34 
5577 42 7 
5578 0 31 
5579 6 1 
5580 18 9 
5581 24 7 
5582 0 35 
5583 24 6 
5584 36 12 
5585 60 6 
5586 24 4 
5587 84 6 
5588 24 32 
5589 108 0 
5590 28 24 
5591 136 0 
5592 35 31 
5593 171 0 
5594 12 21 
5595 183 15 
5596 27 22 
5597 210 17 
5598 2 6 
5599 212 11 
5600 14 2 
5601 226 10 
5602 40 8 
5603 266 8 
5604 81 5 
5605 347 8 
5606 54 18 
5607 0 28 
5608 6 34 
5609 24 15 
5610 30 34 
5611 0 18 
5612 30 35 
5613 0 29 
5614 30 34 
5615 36 27 
5616 66 34 
5617 28 3 
5618 94 34 
5619 24 31 
5620 118 35 
5621 56 13 
5622 174 5 
5623 12 27 
5624 186 5 
5625 3 27 
5626 189 35 
5627 9 4 
5628 198 4 
5629 42 33 
5630 240 34 
5631 15 18 
5632 255 35 
5633 0 35 
5634 255 34 
5635 36 12 
5636 0 25 
5637 6 27 
5638 0 8 
5639 6 21 
5640 0 4 
5641 6 15 
5642 32 30 
5643 38 24 
5644 12 1 
5645 50 24 
5646 20 2 
5647 70 32 
5648 4 26 
5649 74 2 
5650 49 6 
5651 123 2 
5652 0 34 
5653 123 32 
5654 27 25 
5655 150 2 
5656 4 5 
5657 154 3 
5658 28 23 
5659 182 4 
5660 15 7 
5661 197 3 
5662 27 35 
5663 224 3 
5664 0 23 
5665 0 32 
5666 6 32 
5667 6 31 
5668 12 32 
5669 0 34 
5670 12 33 
5671 4 12 
5672 16 3 
5673 12 5 
5674 28 2 
5675 24 8 
5676 52 2 
5677 12 32 
5678 64 2 
5679 0 13 
5680 64 13 
5681 30 7 
5682 94 13 
5683 18 33 
5684 112 14 
5685 3 9 
5686 115 13 
5687 7 8 
5688 122 12 
5689 15 24 
5690 137 13 
5691 27 35 
5692 164 12 
5693 24 8 
5694 0 28 
5695 6 28 
5696 3 14 
5697 9 27 
5698 0 9 
5699 9 21 
5700 12 18 
5701 21 21 
5702 32 1 
5703 53 31 
5704 36 9 
5705 89 32 
5706 8 33 
5707 97 26 
5708 28 13 
5709 125 25 
5710 30 34 
5711 155 31 
5712 6 3 
5713 161 32 
5714 5 15 
5715 166 26 
5716 14 17 
5717 180 25 
5718 40 32 
5719 220 26 
5720 27 29 
5721 247 25 
5722 6 2 
5723 0 27 
5724 6 27 
5725 0 9 
5726 6 21 
5727 0 23 
5728 6 22 
5729 4 25 
5730 10 21 
5731 0 2 
5732 10 15 
5733 32 33 
5734 42 21 
5735 4 29 
5736 46 21 
5737 56 6 
5738 102 20 
5739 12 34 
5740 114 27 
5741 15 4 
5742 129 28 
5743 1 16 
5744 130 22 
5745 56 13 
5746 186 22 
5747 0 25 
5748 186 28 
5749 63 35 
5750 249 27 
5751 0 14 
5752 0 18 
5753 6 23 
5754 15 33 
5755 21 23 
5756 0 4 
5757 21 23 
5758 4 19 
5759 25 23 
5760 20 10 
5761 45 23 
5762 28 17 
5763 73 23 
5764 20 29 
5765 93 23 
5766 0 32 
5767 93 18 
5768 54 4 
5769 147 23 
5770 12 26 
5771 159 18 
5772 7 9 
5773 166 12 
5774 56 29 
5775 222 17 
5776 20 31 
5777 242 11 
5778 27 35 
5779 269 11 
5780 24 13 
5781 0 19 
5782 6 19 
5783 3 14 
5784 9 20 
5785 0 5 
5786 9 21 
5787 0 29 
5788 9 24 
5789 24 34 
5790 33 25 
5791 8 11 
5792 41 31 
5793 36 20 
5794 77 18 
5795 28 11 
5796 105 12 
5797 0 20 
5798 105 19 
5799 12 19 
5800 117 13 
5801 4 3 
5802 121 3 
5803 63 32 
5804 184 3 
5805 35 32 
5806 219 3 
5807 18 35 
5808 237 3 
5809 48 22 
5810 0 18 
5811 6 23 
5812 3 2 
5813 9 3 
5814 0 34 
5815 9 2 
5816 12 24 
5817 21 30 
5818 24 14 
5819 45 25 
5820 32 13 
5821 77 26 
5822 36 21 
5823 113 25 
5824 14 20 
5825 127 26 
5826 12 21 
5827 139 21 
5828 27 16 
5829 166 27 
5830 3 9 
5831 169 27 
5832 14 29 
5833 183 26 
5834 30 31 
5835 213 32 
5836 54 5 
5837 267 31 
5838 42 12 
5839 0 35 
5840 6 35 
5841 0 14 
5842 6 15 
5843 0 5 
5844 6 5 
5845 16 25 
5846 22 0 
5847 16 4 
5848 38 30 
5849 8 26 
5850 46 30 
5851 4 27 
5852 50 33 
5853 63 32 
5854 113 3 
5855 48 19 
5856 161 33 
5857 27 17 
5858 188 33 
5859 1 14 
5860 189 33 
5861 56 28 
5862 245 33 
5863 40 2 
5864 285 32 
5865 45 5 
5866 330 31 
5867 0 12 
5868 0 18 
5869 6 23 
5870 24 21 
5871 30 22 
5872 0 35 
5873 30 22 
5874 0 24 
5875 30 23 
5876 0 14 
5877 30 22 
5878 36 35 
5879 66 23 
5880 16 21 
5881 82 22 
5882 42 7 
5883 124 16 
5884 18 16 
5885 142 22 
5886 9 9 
5887 151 21 
5888 4 9 
5889 155 9 
5890 56 14 
5891 211 15 
5892 45 8 
5893 256 9 
5894 18 5 
5895 274 10 
5896 48 6 
5897 0 24 
5898 6 29 
5899 2 1 
5900 8 35 
5901 35 18 
5902 43 29 
5903 0 6 
5904 43 29 
5905 15 5 
5906 58 29 
5907 0 26 
5908 58 29 
5909 36 8 
5910 94 24 
5911 9 3 
5912 103 29 
5913 8 31 
5914 111 35 
5915 40 1 
5916 151 6 
5917 54 7 
5918 205 12 
5919 42 9 
5920 247 17 
5921 40 11 
5922 287 23 
5923 0 16 
5924 287 16 
5925 48 30 
5926 10 30 
5927 16 35 
5928 8 2 
5929 24 34 
5930 0 19 
5931 24 35 
5932 48 30 
5933 72 35 
5934 45 35 
5935 117 28 
5936 28 17 
5937 145 22 
5938 24 33 
5939 169 22 
5940 1 9 
5941 170 21 
5942 0 12 
5943 170 20 
5944 0 0 
5945 170 1 
5946 0 17 
5947 170 0 
5948 63 6 
5949 233 30 
5950 30 6 
5951 263 35 
5952 18 5 
5953 281 34 
5954 40 1 
5955 18 30 
5956 24 30 
5957 9 3 
5958 33 2 
5959 42 25 
5960 75 32 
5961 16 7 
5962 91 2 
5963 5 15 
5964 96 3 
5965 42 29 
5966 138 4 
5967 0 20 
5968 138 10 
5969 0 3 
5970 138 4 
5971 32 1 
5972 170 3 
5973 20 15 
5974 190 9 
5975 45 24 
5976 235 15 
5977 28 2 
5978 263 9 
5979 40 11 
5980 303 15 
5981 24 9 
5982 327 21 
5983 64 30 
5984 8 32 
5985 14 33 
5986 3 10 
5987 17 34 
5988 28 23 
5989 45 34 
5990 72 18 
5991 117 28 
5992 45 3 
5993 162 34 
5994 14 8 
5995 176 33 
5996 8 20 
5997 184 33 
5998 7 7 
5999 191 3 
6000 16 14 
6001 207 3 
6002 0 6 
6003 207 2 
6004 0 35 
6005 207 32 
6006 14 16 
6007 221 33 
6008 15 34 
6009 236 33 
6010 21 9 
6011 257 33 
6012 56 1 
6013 12 31 
6014 18 32 
6015 6 1 
6016 24 31 
6017 42 35 
6018 66 30 
6019 72 12 
6020 138 30 
6021 30 4 
6022 168 35 
6023 42 25 
6024 210 35 
6025 28 22 
6026 238 35 
6027 5 15 
6028 243 29 
6029 16 29 
6030 259 24 
6031 45 22 
6032 304 18 
6033 18 18 
6034 322 23 
6035 14 8 
6036 336 17 
6037 40 26 
6038 376 16 
6039 27 9 
6040 403 22 
6041 72 35 
6042 18 7 
6043 24 7 
6044 8 15 
6045 32 7 
6046 14 18 
6047 46 13 
6048 0 13 
6049 46 13 
6050 45 28 
6051 91 19 
6052 49 2 
6053 140 19 
6054 24 31 
6055 164 32 
6056 8 15 
6057 172 32 
6058 16 25 
6059 188 26 
6060 5 12 
6061 193 25 
6062 81 5 
6063 274 24 
6064 42 8 
6065 316 30 
6066 15 4 
6067 331 30 
6068 0 21 
6069 331 30 
6070 48 35 
6071 4 20 
6072 10 14 
6073 0 8 
6074 10 8 
6075 35 24 
6076 45 18 
6077 64 22 
6078 109 18 
6079 15 10 
6080 124 18 
6081 35 10 
6082 159 11 
6083 4 25 
6084 163 6 
6085 7 15 
6086 170 6 
6087 0 2 
6088 170 6 
6089 45 13 
6090 215 6 
6091 36 5 
6092 251 0 
6093 28 12 
6094 279 0 
6095 15 3 
6096 294 5 
6097 9 23 
6098 303 5 
6099 0 19 
6100 4 17 
6101 10 17 
6102 2 31 
6103 12 12 
6104 56 27 
6105 68 17 
6106 8 32 
6107 76 16 
6108 15 35 
6109 91 22 
6110 42 15 
6111 133 10 
6112 12 32 
6113 145 2 
6114 0 8 
6115 145 32 
6116 40 13 
6117 185 8 
6118 30 31 
6119 215 8 
6120 27 28 
6121 242 9 
6122 7 11 
6123 249 3 
6124 15 10 
6125 264 3 
6126 9 34 
6127 273 33 
6128 32 24 
6129 8 23 
6130 14 22 
6131 1 21 
6132 15 22 
6133 42 17 
6134 57 22 
6135 24 19 
6136 81 21 
6137 40 15 
6138 121 21 
6139 63 18 
6140 184 20 
6141 8 24 
6142 192 20 
6143 4 3 
6144 196 14 
6145 40 13 
6146 236 19 
6147 10 10 
6148 246 13 
6149 45 21 
6150 291 20 
6151 14 12 
6152 305 20 
6153 40 9 
6154 345 20 
6155 9 22 
6156 354 20 
6157 8 13 
6158 14 35 
6159 20 34 
6160 0 31 
6161 20 35 
6162 14 24 
6163 34 35 
6164 8 25 
6165 42 30 
6166 0 27 
6167 42 24 
6168 56 11 
6169 98 29 
6170 4 9 
6171 102 23 
6172 8 15 
6173 110 22 
6174 16 18 
6175 126 22 
6176 25 11 
6177 151 23 
6178 9 28 
6179 160 23 
6180 56 11 
6181 216 17 
6182 0 17 
6183 216 17 
6184 21 28 
6185 237 23 
6186 0 14 
6187 14 35 
6188 20 35 
6189 5 33 
6190 25 34 
6191 56 26 
6192 81 33 
6193 8 26 
6194 89 26 
6195 25 27 
6196 114 26 
6197 49 20 
6198 163 26 
6199 20 7 
6200 183 20 
6201 0 33 
6202 183 21 
6203 72 1 
6204 255 31 
6205 20 2 
6206 275 32 
6207 63 35 
6208 338 31 
6209 56 2 
6210 394 25 
6211 20 23 
6212 414 19 
6213 9 24 
6214 423 25 
6215 32 13 
6216 10 32 
6217 16 32 
6218 1 33 
6219 17 33 
6220 28 20 
6221 45 27 
6222 0 33 
6223 45 27 
6224 30 28 
6225 75 27 
6226 14 11 
6227 89 10 
6228 36 30 
6229 125 10 
6230 4 15 
6231 129 21 
6232 0 15 
6233 129 21 
6234 20 13 
6235 149 15 
6236 36 1 
6237 185 15 
6238 63 10 
6239 248 9 
6240 35 33 
6241 283 15 
6242 6 15 
6243 289 9 
6244 64 18 
6245 8 17 
6246 14 17 
6247 1 33 
6248 15 11 
6249 49 13 
6250 64 6 
6251 24 24 
6252 88 0 
6253 30 15 
6254 118 6 
6255 56 17 
6256 174 23 
6257 36 23 
6258 210 22 
6259 2 9 
6260 212 15 
6261 16 2 
6262 228 9 
6263 45 16 
6264 273 9 
6265 27 28 
6266 300 10 
6267 14 6 
6268 314 10 
6269 30 17 
6270 344 16 
6271 18 10 
6272 362 17 
6273 56 14 
6274 16 31 
6275 22 32 
6276 0 33 
6277 22 32 
6278 14 28 
6279 36 26 
6280 32 24 
6281 68 26 
6282 20 28 
6283 88 26 
6284 14 19 
6285 102 26 
6286 4 19 
6287 106 26 
6288 9 15 
6289 115 26 
6290 64 12 
6291 179 25 
6292 45 8 
6293 224 31 
6294 9 20 
6295 233 32 
6296 56 10 
6297 289 33 
6298 40 15 
6299 329 3 
6300 15 18 
6301 344 12 
6302 0 19 
6303 2 20 
6304 8 14 
6305 8 16 
6306 16 14 
6307 28 18 
6308 44 14 
6309 0 31 
6310 44 8 
6311 0 26 
6312 44 8 
6313 63 17 
6314 107 7 
6315 16 18 
6316 123 6 
6317 6 8 
6318 129 6 
6319 24 17 
6320 153 6 
6321 15 17 
6322 168 6 
6323 36 18 
6324 204 6 
6325 56 17 
6326 260 6 
6327 45 9 
6328 305 6 
6329 6 9 
6330 311 6 
6331 64 23 
6332 0 24 
6333 6 29 
6334 6 1 
6335 12 35 
6336 5 18 
6337 17 29 
6338 0 6 
6339 17 23 
6340 27 5 
6341 44 23 
6342 0 16 
6343 44 22 
6344 36 27 
6345 80 22 
6346 27 11 
6347 107 22 
6348 3 17 
6349 110 22 
6350 24 1 
6351 134 16 
6352 48 0 
6353 182 17 
6354 36 0 
6355 218 30 
6356 0 11 
6357 218 24 
6358 0 29 
6359 218 30 
6360 48 17 
6361 40 30 
6362 46 30 
6363 24 2 
6364 70 30 
6365 0 11 
6366 70 35 
6367 48 30 
6368 118 35 
6369 81 21 
6370 199 34 
6371 24 6 
6372 223 35 
6373 24 30 
6374 247 34 
6375 3 18 
6376 250 28 
6377 0 23 
6378 250 22 
6379 0 15 
6380 250 22 
6381 0 17 
6382 250 22 
6383 54 6 
6384 304 16 
6385 0 6 
6386 304 17 
6387 24 5 
6388 328 11 
6389 40 1 
6390 72 18 
6391 78 18 
6392 27 9 
6393 105 12 
6394 6 17 
6395 111 18 
6396 16 7 
6397 127 12 
6398 9 15 
6399 136 14 
6400 36 13 
6401 172 14 
6402 0 19 
6403 172 14 
6404 0 24 
6405 172 13 
6406 12 18 
6407 184 18 
6408 12 20 
6409 196 20 
6410 40 12 
6411 236 20 
6412 24 26 
6413 260 20 
6414 0 7 
6415 260 20 
6416 32 25 
6417 292 19 
6418 64 32 
6419 32 32 
6420 38 2 
6421 9 4 
6422 47 3 
6423 4 23 
6424 51 29 
6425 72 18 
6426 123 23 
6427 81 3 
6428 204 33 
6429 12 7 
6430 216 33 
6431 8 26 
6432 224 33 
6433 21 7 
6434 245 33 
6435 6 8 
6436 251 33 
6437 0 15 
6438 251 33 
6439 0 10 
6440 251 33 
6441 12 22 
6442 263 33 
6443 0 6 
6444 263 32 
6445 28 16 
6446 291 26 
6447 56 2 
6448 48 23 
6449 54 22 
6450 18 3 
6451 72 16 
6452 6 3 
6453 78 16 
6454 72 12 
6455 150 16 
6456 54 4 
6457 204 10 
6458 36 16 
6459 240 10 
6460 28 24 
6461 268 4 
6462 15 19 
6463 283 3 
6464 6 24 
6465 289 4 
6466 27 14 
6467 316 20 
6468 16 18 
6469 332 14 
6470 12 8 
6471 344 20 
6472 0 16 
6473 344 14 
6474 36 15 
6475 380 20 
6476 72 2 
6477 72 7 
6478 78 8 
6479 24 15 
6480 102 8 
6481 2 19 
6482 104 14 
6483 0 13 
6484 104 13 
6485 81 9 
6486 185 14 
6487 42 6 
6488 227 13 
6489 24 31 
6490 251 7 
6491 24 12 
6492 275 13 
6493 6 28 
6494 281 12 
6495 3 28 
6496 284 12 
6497 72 1 
6498 356 6 
6499 36 33 
6500 392 11 
6501 0 22 
6502 392 17 
6503 0 27 
6504 392 17 
6505 48 12 
6506 16 20 
6507 22 14 
6508 0 13 
6509 22 13 
6510 5 5 
6511 27 7 
6512 64 23 
6513 91 13 
6514 27 10 
6515 118 12 
6516 30 3 
6517 148 13 
6518 4 25 
6519 152 12 
6520 21 6 
6521 173 17 
6522 0 35 
6523 173 17 
6524 27 14 
6525 200 16 
6526 32 15 
6527 232 16 
6528 24 34 
6529 256 22 
6530 0 16 
6531 256 22 
6532 12 35 
6533 268 28 
6534 0 20 
6535 16 29 
6536 22 29 
6537 6 31 
6538 28 24 
6539 8 5 
6540 36 24 
6541 8 17 
6542 44 24 
6543 27 11 
6544 71 18 
6545 36 15 
6546 107 12 
6547 12 26 
6548 119 13 
6549 0 8 
6550 119 13 
6551 15 30 
6552 134 19 
6553 18 5 
6554 152 13 
6555 24 15 
6556 176 14 
6557 6 7 
6558 182 13 
6559 0 10 
6560 182 7 
6561 12 29 
6562 194 1 
6563 32 8 
6564 32 29 
6565 38 29 
6566 3 3 
6567 41 4 
6568 6 9 
6569 47 4 
6570 24 19 
6571 71 5 
6572 72 5 
6573 143 35 
6574 54 7 
6575 197 1 
6576 8 33 
6577 205 2 
6578 12 19 
6579 217 32 
6580 15 34 
6581 232 2 
6582 6 20 
6583 238 32 
6584 40 14 
6585 278 2 
6586 12 24 
6587 290 30 
6588 0 11 
6589 290 35 
6590 12 29 
6591 302 28 
6592 8 13 
6593 56 35 
6594 62 35 
6595 0 25 
6596 62 24 
6597 2 24 
6598 64 25 
6599 8 25 
6600 72 24 
6601 0 27 
6602 72 24 
6603 48 10 
6604 120 4 
6605 4 27 
6606 124 4 
6607 24 17 
6608 148 4 
6609 6 34 
6610 154 4 
6611 15 3 
6612 169 4 
6613 8 15 
6614 177 4 
6615 48 31 
6616 225 4 
6617 0 15 
6618 225 4 
6619 28 20 
6620 253 3 
6621 0 14 
6622 56 29 
6623 62 28 
6624 15 33 
6625 77 34 
6626 8 4 
6627 85 4 
6628 8 26 
6629 93 34 
6630 45 3 
6631 138 4 
6632 42 14 
6633 180 3 
6634 20 13 
6635 200 3 
6636 0 18 
6637 200 12 
6638 27 30 
6639 227 18 
6640 12 14 
6641 239 12 
6642 56 15 
6643 295 18 
6644 48 2 
6645 343 24 
6646 0 10 
6647 343 16 
6648 12 27 
6649 355 21 
6650 32 17 
6651 40 20 
6652 46 20 
6653 3 14 
6654 49 14 
6655 4 20 
6656 53 14 
6657 0 35 
6658 53 29 
6659 54 34 
6660 107 35 
6661 12 14 
6662 119 8 
6663 36 26 
6664 155 8 
6665 12 25 
6666 167 8 
6667 0 35 
6668 167 0 
6669 12 14 
6670 179 0 
6671 32 13 
6672 211 0 
6673 54 4 
6674 265 0 
6675 0 16 
6676 265 0 
6677 8 21 
6678 273 5 
6679 64 12 
6680 32 23 
6681 38 22 
6682 3 25 
6683 41 23 
6684 7 8 
6685 48 18 
6686 24 8 
6687 72 14 
6688 54 8 
6689 126 13 
6690 48 16 
6691 174 12 
6692 36 21 
6693 210 12 
6694 6 20 
6695 216 18 
6696 6 23 
6697 222 23 
6698 27 3 
6699 249 29 
6700 24 5 
6701 273 29 
6702 12 30 
6703 285 29 
6704 0 23 
6705 285 29 
6706 24 29 
6707 309 29 
6708 56 13 
6709 64 13 
6710 70 13 
6711 0 25 
6712 70 19 
6713 2 10 
6714 72 13 
6715 32 34 
6716 104 28 
6717 36 22 
6718 140 29 
6719 12 16 
6720 152 28 
6721 4 27 
6722 156 29 
6723 27 26 
6724 183 30 
6725 24 25 
6726 207 35 
6727 27 14 
6728 234 20 
6729 8 15 
6730 242 14 
6731 48 11 
6732 290 14 
6733 0 14 
6734 290 13 
6735 20 9 
6736 310 14 
6737 0 1 
6738 8 20 
6739 14 20 
6740 24 1 
6741 38 26 
6742 4 24 
6743 42 26 
6744 0 31 
6745 42 26 
6746 0 4 
6747 42 27 
6748 54 16 
6749 96 27 
6750 16 22 
6751 112 21 
6752 18 23 
6753 130 21 
6754 9 15 
6755 139 21 
6756 9 14 
6757 148 21 
6758 32 14 
6759 180 20 
6760 48 32 
6761 228 20 
6762 0 16 
6763 228 20 
6764 8 29 
6765 236 21 
6766 64 20 
6767 0 0 
6768 6 6 
6769 16 35 
6770 22 11 
6771 45 32 
6772 67 6 
6773 0 6 
6774 67 6 
6775 21 11 
6776 88 17 
6777 0 16 
6778 88 17 
6779 36 8 
6780 124 11 
6781 27 11 
6782 151 11 
6783 0 31 
6784 151 5 
6785 24 1 
6786 175 0 
6787 0 14 
6788 175 6 
6789 54 3 
6790 229 11 
6791 16 11 
6792 245 17 
6793 0 24 
6794 245 12 
6795 24 17 
6796 40 9 
6797 46 9 
6798 64 32 
6799 110 8 
6800 0 11 
6801 110 9 
6802 42 30 
6803 152 10 
6804 63 5 
6805 215 10 
6806 24 17 
6807 239 10 
6808 24 2 
6809 263 10 
6810 3 17 
6811 266 10 
6812 0 16 
6813 266 10 
6814 0 23 
6815 266 10 
6816 0 23 
6817 266 10 
6818 81 6 
6819 347 4 
6820 12 6 
6821 359 4 
6822 30 23 
6823 389 4 
6824 20 30 
6825 72 22 
6826 78 22 
6827 72 10 
6828 150 16 
6829 54 21 
6830 204 15 
6831 14 6 
6832 218 9 
6833 7 9 
6834 225 8 
6835 36 12 
6836 261 8 
6837 0 20 
6838 261 8 
6839 0 16 
6840 261 9 
6841 0 4 
6842 261 3 
6843 12 29 
6844 273 3 
6845 0 15 
6846 273 3 
6847 36 30 
6848 309 33 
6849 16 7 
6850 325 3 
6851 40 25 
6852 365 33 
6853 32 30 
6854 32 11 
6855 38 11 
6856 24 10 
6857 62 11 
6858 36 29 
6859 98 17 
6860 63 18 
6861 161 12 
6862 63 10 
6863 224 17 
6864 12 14 
6865 236 16 
6866 8 1 
6867 244 15 
6868 21 7 
6869 265 9 
6870 0 2 
6871 265 9 
6872 0 0 
6873 265 3 
6874 0 35 
6875 265 3 
6876 18 5 
6877 283 9 
6878 6 6 
6879 289 10 
6880 35 29 
6881 324 11 
6882 28 35 
6883 48 4 
6884 54 3 
6885 48 11 
6886 102 9 
6887 54 35 
6888 156 9 
6889 63 12 
6890 219 15 
6891 42 4 
6892 261 9 
6893 36 8 
6894 297 15 
6895 28 15 
6896 325 9 
6897 15 16 
6898 340 15 
6899 0 8 
6900 340 9 
6901 27 15 
6902 367 15 
6903 0 33 
6904 367 9 
6905 18 2 
6906 385 8 
6907 16 10 
6908 401 10 
6909 45 3 
6910 446 4 
6911 36 17 
6912 72 15 
6913 78 21 
6914 64 17 
6915 142 21 
6916 18 11 
6917 160 15 
6918 0 7 
6919 160 15 
6920 63 9 
6921 223 15 
6922 42 15 
6923 265 15 
6924 24 32 
6925 289 15 
6926 24 13 
6927 313 9 
6928 0 27 
6929 313 9 
6930 3 22 
6931 316 15 
6932 0 34 
6933 316 9 
6934 54 7 
6935 370 9 
6936 6 4 
6937 376 9 
6938 0 35 
6939 376 3 
6940 24 12 
6941 16 19 
6942 22 19 
6943 0 19 
6944 22 19 
6945 45 2 
6946 67 20 
6947 56 30 
6948 123 19 
6949 21 11 
6950 144 19 
6951 30 21 
6952 174 19 
6953 4 25 
6954 178 19 
6955 21 6 
6956 199 19 
6957 0 3 
6958 199 13 
6959 27 3 
6960 226 13 
6961 0 26 
6962 226 13 
6963 36 34 
6964 262 24 
6965 6 7 
6966 268 30 
6967 15 19 
6968 283 13 
6969 0 12 
6970 16 21 
6971 22 21 
6972 16 31 
6973 38 27 
6974 72 4 
6975 110 27 
6976 7 12 
6977 117 28 
6978 21 5 
6979 138 34 
6980 36 26 
6981 174 27 
6982 12 2 
6983 186 32 
6984 0 8 
6985 186 32 
6986 0 18 
6987 186 26 
6988 18 4 
6989 204 27 
6990 0 34 
6991 204 26 
6992 9 8 
6993 213 32 
6994 6 28 
6995 219 26 
6996 15 29 
6997 234 27 
6998 16 24 
6999 32 25 
7000 38 26 
7001 8 32 
7002 46 25 
7003 54 11 
7004 100 24 
7005 21 18 
7006 121 24 
7007 56 3 
7008 177 30 
7009 54 13 
7010 231 0 
7011 8 25 
7012 239 30 
7013 12 16 
7014 251 24 
7015 0 17 
7016 251 24 
7017 6 10 
7018 257 29 
7019 0 27 
7020 257 27 
7021 18 14 
7022 275 21 
7023 16 11 
7024 291 21 
7025 15 23 
7026 306 21 
7027 4 20 
7028 56 31 
7029 62 32 
7030 0 25 
7031 62 26 
7032 18 33 
7033 80 27 
7034 7 13 
7035 87 26 
7036 0 8 
7037 87 26 
7038 48 2 
7039 135 25 
7040 4 9 
7041 139 31 
7042 24 12 
7043 163 31 
7044 0 33 
7045 163 31 
7046 15 17 
7047 178 30 
7048 0 16 
7049 178 24 
7050 72 13 
7051 250 25 
7052 0 16 
7053 250 19 
7054 35 20 
7055 285 19 
7056 0 31 
7057 56 12 
7058 62 12 
7059 40 32 
7060 102 13 
7061 72 3 
7062 174 1 
7063 7 7 
7064 181 0 
7065 35 10 
7066 216 0 
7067 42 20 
7068 258 30 
7069 20 1 
7070 278 0 
7071 0 19 
7072 278 0 
7073 0 32 
7074 278 30 
7075 12 33 
7076 290 30 
7077 0 34 
7078 290 31 
7079 72 35 
7080 362 32 
7081 8 10 
7082 370 32 
7083 15 24 
7084 385 32 
7085 16 19 
7086 40 20 
7087 46 20 
7088 8 32 
7089 54 20 
7090 36 9 
7091 90 20 
7092 0 23 
7093 90 20 
7094 42 32 
7095 132 20 
7096 12 9 
7097 144 21 
7098 36 32 
7099 180 20 
7100 12 16 
7101 192 14 
7102 0 9 
7103 192 15 
7104 12 5 
7105 204 15 
7106 0 3 
7107 204 15 
7108 81 10 
7109 285 15 
7110 14 34 
7111 299 21 
7112 10 21 
7113 309 20 
7114 32 35 
7115 32 18 
7116 38 18 
7117 8 23 
7118 46 23 
7119 63 31 
7120 109 23 
7121 21 24 
7122 130 23 
7123 42 14 
7124 172 18 
7125 48 23 
7126 220 24 
7127 36 14 
7128 256 18 
7129 6 20 
7130 262 19 
7131 0 10 
7132 262 20 
7133 27 3 
7134 289 20 
7135 0 29 
7136 289 21 
7137 18 17 
7138 307 22 
7139 12 27 
7140 319 21 
7141 30 33 
7142 349 21 
7143 28 18 
7144 64 4 
7145 70 4 
7146 0 34 
7147 70 4 
7148 18 20 
7149 88 14 
7150 28 34 
7151 116 33 
7152 28 33 
7153 144 2 
7154 12 22 
7155 156 8 
7156 4 19 
7157 160 13 
7158 27 26 
7159 187 13 
7160 0 22 
7161 187 14 
7162 27 12 
7163 214 14 
7164 0 20 
7165 214 14 
7166 72 33 
7167 286 14 
7168 16 3 
7169 302 14 
7170 25 25 
7171 327 14 
7172 0 31 
7173 8 24 
7174 14 29 
7175 64 22 
7176 78 28 
7177 36 14 
7178 114 28 
7179 0 13 
7180 114 29 
7181 0 26 
7182 114 25 
7183 54 28 
7184 168 24 
7185 16 14 
7186 184 18 
7187 18 14 
7188 202 19 
7189 0 11 
7190 202 18 
7191 9 2 
7192 211 19 
7193 0 33 
7194 211 19 
7195 72 32 
7196 283 25 
7197 18 26 
7198 301 24 
7199 10 35 
7200 311 24 
7201 32 24 
