0 0 -1 
1 1 0 
2 83 0 
3 86 0 
4 77 0 
5 15 0 
6 93 0 
7 35 0 
8 86 0 
9 92 0 
10 49 0 
11 21 0 
12 62 0 
13 27 0 
14 90 0 
15 59 0 
16 63 0 
17 26 0 
18 40 0 
19 26 0 
20 72 0 
21 36 0 
22 11 0 
23 68 0 
24 67 0 
25 29 0 
26 82 0 
27 30 0 
28 62 0 
29 23 0 
30 67 0 
31 35 0 
32 29 0 
33 2 0 
34 22 0 
35 58 0 
36 69 0 
37 67 0 
38 93 0 
39 56 0 
40 11 0 
41 42 0 
42 83 0 
43 86 0 
44 77 0 
45 15 0 
46 93 0 
47 35 0 
48 86 0 
49 92 0 
50 185 0 
51 279 1 
52 527 0 
53 246 8 
54 430 12 
55 216 13 
56 86 8 
57 92 7 
58 4 9 
59 10 5 
60 5 3 
61 1 18 
62 0 0 
63 0 15 
64 0 6 
65 0 10 
66 6 13 
67 71 16 
68 36 14 
69 5077 17 
70 -10 18 
71 51 20 
72 100 19 
73 2701 24 
74 -3 1 
75 -6 21 
76 9 2 
77 45 22 
78 1 13 
79 1 14 
80 1 11 
81 1 14 
82 0 13 
83 0 18 
84 0 17 
85 0 13 
86 0 14 
87 1 19 
88 0 23 
89 0 18 
90 0 11 
91 1 12 
92 1 23 
93 0 12 
94 1 1 
95 1 9 
96 83 4 
97 83 14 
98 86 5 
99 86 14 
100 1 2 
101 0 23 
102 83 9 
103 0 12 
104 86 6 
105 0 13 
106 1 3 
107 0 8 
108 83 11 
109 0 17 
110 86 7 
111 0 9 
112 1 8 
113 0 13 
114 83 12 
115 0 7 
116 86 10 
117 0 10 
118 -6 4 
119 -71 3 
120 36 9 
121 5077 8 
122 0 5 
123 0 8 
124 0 10 
125 0 13 
126 -16 11 
127 -20 23 
128 256 12 
129 656 23 
130 -9 6 
131 -77 22 
132 81 7 
133 6010 2 
134 0 13 
135 0 18 
136 1 17 
137 0 18 
138 1 8 
139 1 23 
140 1 7 
141 1 3 
142 1 3 
143 0 23 
144 1 3 
145 0 23 
146 0 3 
147 0 12 
148 0 3 
149 0 2 
150 2 14 
151 1 19 
152 160 19 
153 83 19 
154 101 4 
155 86 4 
156 1 22 
157 1 22 
158 77 11 
159 77 17 
160 15 23 
161 15 8 
162 1 13 
163 0 18 
164 77 18 
165 0 23 
166 15 5 
167 0 5 
168 1 12 
169 0 11 
170 77 12 
171 0 11 
172 15 10 
173 0 15 
174 10 0 
175 -51 15 
176 100 6 
177 2701 16 
178 16 14 
179 20 16 
180 256 10 
181 656 15 
182 0 19 
183 0 18 
184 0 24 
185 0 18 
186 7 9 
187 -57 20 
188 49 14 
189 3298 15 
190 0 15 
191 0 20 
192 1 16 
193 0 15 
194 1 11 
195 0 19 
196 1 14 
197 0 14 
198 1 12 
199 1 24 
200 1 10 
201 1 15 
202 0 6 
203 0 9 
204 0 15 
205 0 5 
206 2 18 
207 1 19 
208 176 24 
209 83 20 
210 121 4 
211 86 4 
212 2 3 
213 1 4 
214 170 22 
215 77 2 
216 50 7 
217 15 8 
218 1 13 
219 1 23 
220 93 24 
221 93 24 
222 35 5 
223 35 5 
224 1 21 
225 0 21 
226 93 12 
227 0 11 
228 35 10 
229 0 10 
230 3 4 
231 6 23 
232 9 3 
233 45 23 
234 9 5 
235 77 17 
236 81 10 
237 6010 16 
238 -7 11 
239 57 22 
240 49 11 
241 3298 21 
242 0 6 
243 0 21 
244 0 6 
245 0 16 
246 1 23 
247 1 2 
248 0 16 
249 0 22 
250 0 22 
251 0 10 
252 0 15 
253 0 15 
254 0 16 
255 1 20 
256 0 6 
257 0 21 
258 1 12 
259 1 21 
260 1 5 
261 1 6 
262 2 15 
263 1 16 
264 169 0 
265 83 1 
266 178 24 
267 86 23 
268 2 3 
269 1 8 
270 163 7 
271 77 8 
272 107 9 
273 15 9 
274 2 13 
275 1 13 
276 179 20 
277 93 24 
278 127 5 
279 35 5 
280 1 21 
281 1 21 
282 86 12 
283 86 11 
284 92 15 
285 92 10 
286 -34 0 
287 -65 20 
288 1156 20 
289 5381 24 
290 -28 5 
291 6 16 
292 784 10 
293 820 15 
294 -44 1 
295 -14 22 
296 1936 1 
297 2132 2 
298 -37 2 
299 -71 21 
300 1369 22 
301 6410 21 
302 0 22 
303 0 16 
304 1 17 
305 0 17 
306 1 22 
307 1 16 
308 1 22 
309 1 21 
310 1 17 
311 0 17 
312 1 22 
313 0 22 
314 0 22 
315 0 17 
316 0 17 
317 0 17 
318 2 17 
319 1 12 
320 132 2 
321 83 22 
322 107 24 
323 86 19 
324 2 9 
325 2 9 
326 126 9 
327 126 8 
328 36 14 
329 36 14 
330 2 10 
331 1 5 
332 142 20 
333 93 24 
334 56 5 
335 35 5 
336 2 20 
337 1 21 
338 135 10 
339 86 15 
340 113 11 
341 92 12 
342 -21 4 
343 -59 15 
344 441 24 
345 3922 19 
346 -15 14 
347 12 16 
348 225 9 
349 369 11 
350 -31 0 
351 -8 23 
352 961 20 
353 1025 24 
354 -24 9 
355 -65 21 
356 576 9 
357 4801 1 
358 0 12 
359 0 19 
360 1 17 
361 0 17 
362 1 14 
363 1 7 
364 1 12 
365 1 13 
366 1 19 
367 0 14 
368 1 21 
369 0 19 
370 0 22 
371 0 7 
372 0 1 
373 0 2 
374 2 11 
375 1 16 
376 145 1 
377 83 21 
378 113 5 
379 86 0 
380 3 9 
381 3 14 
382 188 8 
383 188 8 
384 63 14 
385 63 19 
386 2 5 
387 1 0 
388 155 2 
389 93 22 
390 62 6 
391 35 1 
392 2 16 
393 1 11 
394 148 16 
395 86 15 
396 119 13 
397 92 7 
398 7 4 
399 -27 20 
400 49 4 
401 778 24 
402 13 5 
403 44 7 
404 169 5 
405 2105 7 
406 -3 6 
407 24 13 
408 9 11 
409 585 13 
410 4 2 
411 -33 12 
412 16 22 
413 1105 12 
414 1 13 
415 0 13 
416 1 8 
417 0 8 
418 0 12 
419 0 12 
420 0 6 
421 0 12 
422 1 18 
423 1 13 
424 1 18 
425 1 18 
426 0 9 
427 1 7 
428 0 8 
429 0 9 
430 2 17 
431 1 18 
432 173 6 
433 83 1 
434 145 4 
435 86 3 
436 4 9 
437 3 8 
438 278 8 
439 188 7 
440 122 24 
441 63 24 
442 2 5 
443 2 5 
444 183 22 
445 183 23 
446 94 0 
447 94 1 
448 2 10 
449 1 14 
450 176 15 
451 86 19 
452 151 6 
453 92 6 
454 -20 0 
455 -60 10 
456 400 0 
457 4000 5 
458 -14 14 
459 11 17 
460 196 13 
461 317 18 
462 -30 11 
463 -9 14 
464 900 6 
465 981 9 
466 -23 1 
467 -66 16 
468 529 1 
469 4885 16 
470 0 12 
471 0 4 
472 1 6 
473 0 7 
474 1 13 
475 1 9 
476 1 18 
477 1 8 
478 1 3 
479 0 9 
480 1 6 
481 0 8 
482 0 5 
483 0 17 
484 0 5 
485 0 6 
486 2 23 
487 1 3 
488 146 0 
489 83 1 
490 112 22 
491 86 17 
492 4 7 
493 4 12 
494 251 12 
495 251 13 
496 89 20 
497 89 24 
498 3 5 
499 2 0 
500 246 2 
501 183 7 
502 120 0 
503 94 1 
504 2 10 
505 1 14 
506 149 9 
507 86 8 
508 118 6 
509 92 11 
510 -43 0 
511 -60 15 
512 1849 0 
513 5449 15 
514 -37 18 
515 11 16 
516 1369 17 
517 1490 16 
518 -53 19 
519 -9 23 
520 2809 18 
521 2890 23 
522 -46 13 
523 -66 22 
524 2116 12 
525 6472 22 
526 0 16 
527 0 12 
528 1 16 
529 0 17 
530 1 17 
531 1 22 
532 1 21 
533 1 21 
534 1 13 
535 0 17 
536 1 23 
537 0 18 
538 0 3 
539 0 11 
540 0 3 
541 0 2 
542 2 4 
543 1 3 
544 123 21 
545 83 16 
546 112 18 
547 86 23 
548 5 11 
549 5 11 
550 291 12 
551 291 17 
552 115 20 
553 115 15 
554 3 5 
555 2 5 
556 223 2 
557 183 3 
558 120 0 
559 94 4 
560 2 19 
561 1 18 
562 126 7 
563 86 8 
564 118 10 
565 92 15 
566 -11 4 
567 -50 23 
568 121 3 
569 2621 23 
570 -5 5 
571 21 21 
572 25 6 
573 466 1 
574 -21 1 
575 1 20 
576 441 1 
577 442 0 
578 -14 9 
579 -56 20 
580 196 9 
581 3332 20 
582 0 2 
583 0 4 
584 1 10 
585 0 20 
586 1 3 
587 0 0 
588 1 16 
589 0 20 
590 1 0 
591 1 0 
592 1 3 
593 1 4 
594 0 11 
595 0 2 
596 0 20 
597 0 1 
598 2 13 
599 1 14 
600 155 15 
601 83 20 
602 122 24 
603 86 4 
604 6 6 
605 5 1 
606 363 22 
607 291 17 
608 151 15 
609 115 20 
610 3 5 
611 3 9 
612 255 4 
613 255 23 
614 130 4 
615 130 24 
616 2 19 
617 1 18 
618 158 7 
619 86 2 
620 128 21 
621 92 21 
622 -72 0 
623 -18 3 
624 5184 1 
625 5508 3 
626 -66 8 
627 53 8 
628 4356 13 
629 7165 8 
630 -82 7 
631 33 3 
632 6724 12 
633 7813 8 
634 -75 2 
635 -24 8 
636 5625 2 
637 6201 7 
638 1 2 
639 1 5 
640 1 6 
641 1 6 
642 0 7 
643 1 13 
644 0 7 
645 0 8 
646 0 12 
647 0 2 
648 0 13 
649 0 7 
650 0 3 
651 1 8 
652 1 8 
653 0 8 
654 2 9 
655 2 14 
656 94 16 
657 94 21 
658 154 4 
659 154 24 
660 6 0 
661 5 20 
662 302 18 
663 291 13 
664 183 15 
665 115 15 
666 4 9 
667 3 4 
668 266 3 
669 255 23 
670 198 4 
671 130 24 
672 2 13 
673 1 13 
674 97 1 
675 86 2 
676 160 21 
677 92 21 
678 -16 4 
679 -57 12 
680 256 24 
681 3505 12 
682 -10 5 
683 14 7 
684 100 10 
685 296 12 
686 -26 6 
687 -6 17 
688 676 7 
689 712 12 
690 -19 3 
691 -63 12 
692 361 2 
693 4330 7 
694 0 17 
695 0 11 
696 1 11 
697 0 11 
698 1 21 
699 1 2 
700 1 2 
701 1 1 
702 1 17 
703 0 22 
704 1 7 
705 0 17 
706 0 21 
707 0 6 
708 0 7 
709 0 6 
710 3 9 
711 2 14 
712 161 22 
713 94 17 
714 183 20 
715 154 21 
716 6 0 
717 6 20 
718 358 12 
719 358 13 
720 144 24 
721 144 23 
722 4 9 
723 3 9 
724 322 24 
725 255 23 
726 159 4 
727 130 3 
728 2 13 
729 1 18 
730 153 2 
731 86 2 
732 121 22 
733 92 22 
734 -1 0 
735 -56 10 
736 1 4 
737 3137 14 
738 5 5 
739 15 15 
740 25 5 
741 250 10 
742 -11 14 
743 -5 14 
744 121 19 
745 146 19 
746 -4 9 
747 -62 11 
748 16 9 
749 3860 6 
750 0 5 
751 0 10 
752 1 5 
753 0 10 
754 1 10 
755 0 14 
756 1 11 
757 0 10 
758 1 4 
759 1 13 
760 1 12 
761 1 12 
762 0 16 
763 0 16 
764 0 11 
765 0 16 
766 3 9 
767 2 14 
768 176 16 
769 94 11 
770 184 20 
771 154 21 
772 7 0 
773 6 0 
774 440 12 
775 358 13 
776 174 24 
777 144 24 
778 4 4 
779 4 3 
780 337 3 
781 337 23 
782 160 4 
783 160 3 
784 2 17 
785 1 12 
786 168 3 
787 86 2 
788 122 22 
789 92 2 
790 -21 4 
791 -63 20 
792 441 4 
793 4410 24 
794 -15 3 
795 8 21 
796 225 3 
797 289 1 
798 -31 11 
799 -12 19 
800 961 11 
801 1105 19 
802 -24 2 
803 -69 24 
804 576 7 
805 5337 3 
806 0 4 
807 0 23 
808 1 7 
809 0 2 
810 1 23 
811 1 2 
812 1 7 
813 1 3 
814 1 19 
815 0 18 
816 1 18 
817 0 23 
818 0 3 
819 0 7 
820 0 7 
821 0 7 
822 3 10 
823 2 5 
824 156 6 
825 94 7 
826 177 22 
827 154 17 
828 7 0 
829 7 0 
830 420 13 
831 420 13 
832 167 23 
833 167 24 
834 5 4 
835 4 4 
836 399 24 
837 337 4 
838 183 3 
839 160 3 
840 2 17 
841 1 12 
842 148 3 
843 86 2 
844 115 22 
845 92 17 
846 -16 1 
847 -51 10 
848 256 21 
849 2857 10 
850 -10 0 
851 20 15 
852 100 5 
853 500 10 
854 -26 1 
855 0 14 
856 676 21 
857 676 19 
858 -19 6 
859 -57 11 
860 361 6 
861 3610 11 
862 0 5 
863 0 19 
864 1 6 
865 0 11 
866 1 14 
867 1 11 
868 1 10 
869 1 10 
870 1 18 
871 0 10 
872 1 17 
873 0 15 
874 0 1 
875 0 10 
876 0 16 
877 0 15 
878 3 9 
879 2 14 
880 161 8 
881 94 13 
882 189 12 
883 154 16 
884 8 1 
885 8 6 
886 487 13 
887 487 14 
888 202 19 
889 202 15 
890 5 10 
891 4 11 
892 404 6 
893 337 1 
894 195 3 
895 160 12 
896 2 17 
897 1 17 
898 153 2 
899 86 2 
900 127 18 
901 92 19 
902 -54 0 
903 -84 20 
904 2916 0 
905 9972 20 
906 -48 5 
907 -13 21 
908 2304 5 
909 2473 1 
910 -64 10 
911 -33 19 
912 4096 15 
913 5185 19 
914 -57 2 
915 -90 16 
916 3249 22 
917 11349 17 
918 0 21 
919 0 15 
920 1 19 
921 0 20 
922 1 0 
923 1 5 
924 1 23 
925 1 0 
926 1 18 
927 0 1 
928 1 18 
929 0 23 
930 0 18 
931 0 19 
932 0 13 
933 0 18 
934 3 9 
935 2 14 
936 123 10 
937 94 11 
938 156 21 
939 154 16 
940 9 5 
941 9 6 
942 516 19 
943 516 15 
944 204 20 
945 204 0 
946 5 10 
947 4 11 
948 366 6 
949 337 1 
950 162 11 
951 160 12 
952 2 17 
953 1 17 
954 115 2 
955 86 2 
956 94 18 
957 92 23 
958 -61 4 
959 -28 10 
960 3721 4 
961 4505 9 
962 -55 6 
963 43 15 
964 3025 11 
965 4874 16 
966 -71 1 
967 23 14 
968 5041 2 
969 5570 9 
970 -64 9 
971 -34 15 
972 4096 14 
973 5252 15 
974 1 9 
975 1 3 
976 1 13 
977 1 8 
978 0 8 
979 1 14 
980 1 10 
981 0 14 
982 0 23 
983 0 14 
984 0 15 
985 0 15 
986 0 9 
987 0 14 
988 1 19 
989 0 14 
990 3 12 
991 3 7 
992 116 7 
993 116 8 
994 212 16 
995 212 21 
996 10 6 
997 9 5 
998 538 19 
999 516 15 
1000 262 1 
1001 204 0 
1002 5 10 
1003 4 11 
1004 359 6 
1005 337 1 
1006 218 23 
1007 160 12 
1008 2 17 
1009 1 18 
1010 108 2 
1011 86 3 
1012 150 18 
1013 92 19 
1014 -14 0 
1015 -19 20 
1016 196 1 
1017 557 21 
1018 -8 20 
1019 52 24 
1020 64 15 
1021 2768 20 
1022 -24 1 
1023 32 20 
1024 576 2 
1025 1600 22 
1026 -17 6 
1027 -25 24 
1028 289 11 
1029 914 15 
1030 1 20 
1031 1 23 
1032 1 0 
1033 1 24 
1034 0 20 
1035 0 21 
1036 0 4 
1037 0 0 
1038 0 18 
1039 1 23 
1040 0 14 
1041 0 18 
1042 0 10 
1043 1 9 
1044 1 15 
1045 0 15 
1046 4 12 
1047 4 13 
1048 185 13 
1049 185 14 
1050 279 16 
1051 279 15 
1052 10 6 
1053 9 5 
1054 585 19 
1055 516 15 
1056 271 1 
1057 204 21 
1058 5 10 
1059 4 14 
1060 406 6 
1061 337 11 
1062 227 11 
1063 160 13 
1064 2 17 
1065 1 16 
1066 155 3 
1067 86 23 
1068 159 24 
1069 92 20 
1070 10 0 
1071 -30 20 
1072 100 4 
1073 1000 20 
1074 16 8 
1075 41 21 
1076 256 8 
1077 1937 22 
1078 0 18 
1079 21 24 
1080 0 19 
1081 441 24 
1082 7 4 
1083 -36 16 
1084 49 4 
1085 1345 21 
1086 1 0 
1087 0 24 
1088 1 20 
1089 0 20 
1090 0 0 
1091 0 0 
1092 0 21 
1093 0 20 
1094 1 0 
1095 1 1 
1096 1 24 
1097 1 4 
1098 0 1 
1099 1 21 
1100 0 2 
1101 0 21 
1102 5 9 
1103 4 5 
1104 278 19 
1105 185 24 
1106 335 17 
1107 279 2 
1108 10 9 
1109 9 5 
1110 609 20 
1111 516 0 
1112 260 22 
1113 204 23 
1114 5 9 
1115 5 2 
1116 430 1 
1117 430 6 
1118 216 2 
1119 216 3 
1120 2 17 
1121 1 12 
1122 179 3 
1123 86 2 
1124 148 21 
1125 92 22 
1126 -72 1 
1127 -44 15 
1128 5184 1 
1129 7120 16 
1130 -66 5 
1131 27 24 
1132 4356 5 
1133 5085 4 
1134 -82 9 
1135 7 9 
1136 6724 9 
1137 6773 8 
1138 -75 2 
1139 -50 13 
1140 5625 2 
1141 8125 13 
1142 0 7 
1143 0 6 
1144 1 18 
1145 0 7 
1146 1 8 
1147 1 8 
1148 1 19 
1149 1 3 
1150 1 21 
1151 0 0 
1152 1 8 
1153 0 20 
1154 0 11 
1155 0 13 
1156 0 7 
1157 0 12 
1158 5 10 
1159 196 4 
1160 321 16 
1161 10 9 
1162 527 4 
1163 246 3 
1164 6 24 
1165 441 11 
1166 258 8 
1167 2 17 
1168 97 3 
1169 134 2 
