0 0 -1 
1 3 0 
2 6 0 
3 7 0 
4 5 0 
5 3 0 
6 5 0 
7 6 0 
8 2 0 
9 9 0 
10 1 0 
11 2 0 
12 7 0 
13 0 0 
14 9 0 
15 3 0 
16 6 0 
17 0 0 
18 6 0 
19 2 0 
20 6 0 
21 1 0 
22 8 0 
23 7 0 
24 9 0 
25 2 0 
26 0 0 
27 2 0 
28 3 0 
29 7 0 
30 5 0 
31 9 0 
32 2 0 
33 2 0 
34 57 29 
35 93 0 
36 109 7 
37 105 2 
38 33 16 
39 70 32 
40 73 20 
41 87 34 
42 56 12 
43 99 11 
44 94 14 
45 85 18 
46 59 21 
47 104 4 
48 125 28 
49 104 25 
50 0 0 
51 2 5 
52 6 1 
53 8 30 
54 14 5 
55 22 35 
56 35 6 
57 18 30 
58 20 6 
59 48 2 
60 68 0 
61 0 11 
62 68 1 
63 25 7 
64 6 31 
65 8 32 
66 42 3 
67 50 31 
68 14 17 
69 64 1 
70 45 8 
71 18 32 
72 20 26 
73 54 4 
74 74 2 
75 21 23 
76 95 3 
77 10 9 
78 0 6 
79 2 7 
80 5 22 
81 7 21 
82 12 35 
83 19 15 
84 14 12 
85 18 34 
86 20 28 
87 40 28 
88 60 27 
89 0 0 
90 60 26 
91 10 13 
92 6 7 
93 8 8 
94 35 16 
95 43 15 
96 12 12 
97 55 16 
98 18 14 
99 18 33 
100 20 33 
101 45 10 
102 65 3 
103 18 29 
104 83 33 
105 4 15 
106 0 14 
107 2 20 
108 1 2 
109 3 14 
110 4 5 
111 7 8 
112 49 18 
113 54 30 
114 56 11 
115 8 8 
116 64 9 
117 0 11 
118 64 6 
119 35 19 
120 18 13 
121 20 12 
122 7 3 
123 27 9 
124 4 18 
125 31 13 
126 63 20 
127 54 24 
128 56 17 
129 9 4 
130 65 4 
131 6 19 
132 71 17 
133 14 21 
134 0 15 
135 2 21 
136 9 1 
137 11 27 
138 6 29 
139 17 19 
140 42 24 
141 0 35 
142 2 34 
143 72 9 
144 74 10 
145 0 17 
146 74 5 
147 30 25 
148 0 25 
149 2 13 
150 63 22 
151 65 19 
152 6 16 
153 71 22 
154 54 26 
155 0 31 
156 2 18 
157 81 10 
158 83 23 
159 9 23 
160 92 24 
161 12 27 
