0 0 -1 
1 3 0 
2 6 0 
3 7 0 
4 5 0 
5 3 0 
6 5 0 
7 6 0 
8 2 0 
9 9 0 
10 1 0 
11 2 0 
12 7 0 
13 0 0 
14 9 0 
15 3 0 
16 6 0 
17 0 0 
18 6 0 
19 2 0 
20 6 0 
21 1 0 
22 8 0 
23 7 0 
24 9 0 
25 2 0 
26 0 0 
27 2 0 
28 3 0 
29 7 0 
30 5 0 
31 9 0 
32 2 0 
33 2 0 
34 8 0 
35 9 0 
36 7 0 
37 3 0 
38 6 0 
39 1 0 
40 2 0 
41 9 0 
42 3 0 
43 1 0 
44 9 0 
45 4 0 
46 7 0 
47 8 0 
48 4 0 
49 5 0 
50 0 0 
51 3 0 
52 6 0 
53 1 0 
54 0 0 
55 6 0 
56 3 0 
57 2 0 
58 0 0 
59 6 0 
60 1 0 
61 5 0 
62 5 0 
63 4 0 
64 7 0 
65 6 0 
66 5 0 
67 6 0 
68 9 0 
69 3 0 
70 7 0 
71 4 0 
72 5 0 
73 2 0 
74 5 0 
75 4 0 
76 7 0 
77 4 0 
78 4 0 
79 3 0 
80 0 0 
81 7 0 
82 8 0 
83 6 0 
84 8 0 
85 8 0 
86 4 0 
87 3 0 
88 1 0 
89 4 0 
90 9 0 
91 2 0 
92 0 0 
93 6 0 
94 8 0 
95 9 0 
96 2 0 
97 6 0 
98 6 0 
99 4 0 
100 9 0 
101 5 0 
102 0 0 
103 4 0 
104 8 0 
105 7 0 
106 1 0 
107 7 0 
108 2 0 
109 7 0 
110 2 0 
111 2 0 
112 6 0 
113 1 0 
114 0 0 
115 6 0 
116 1 0 
117 5 0 
118 9 0 
119 4 0 
120 9 0 
121 0 0 
122 9 0 
123 1 0 
124 7 0 
125 7 0 
126 1 0 
127 1 0 
128 5 0 
129 9 0 
130 7 0 
131 7 0 
132 6 0 
133 7 0 
134 3 0 
135 6 0 
136 5 0 
137 6 0 
138 3 0 
139 9 0 
140 4 0 
141 8 0 
142 1 0 
143 2 0 
144 9 0 
145 3 0 
146 9 0 
147 0 0 
148 8 0 
149 8 0 
150 5 0 
151 0 0 
152 9 0 
153 6 0 
154 3 0 
155 8 0 
156 5 0 
157 6 0 
158 1 0 
159 1 0 
160 5 0 
161 9 0 
162 8 0 
163 4 0 
164 8 0 
165 1 0 
166 0 0 
167 3 0 
168 0 0 
169 4 0 
170 4 0 
171 4 0 
172 4 0 
173 7 0 
174 6 0 
175 3 0 
176 1 0 
177 7 0 
178 5 0 
179 9 0 
180 6 0 
181 2 0 
182 1 0 
183 7 0 
184 8 0 
185 5 0 
186 7 0 
187 4 0 
188 1 0 
189 8 0 
190 5 0 
191 9 0 
192 7 0 
193 5 0 
194 3 0 
195 8 0 
196 8 0 
197 3 0 
198 1 0 
199 8 0 
200 9 0 
201 6 0 
202 181 2 
203 255 2 
204 208 3 
205 271 0 
206 256 3 
207 172 3 
208 195 0 
209 165 6 
210 310 3 
211 265 6 
212 199 3 
213 227 3 
214 212 0 
215 164 2 
216 249 2 
217 185 1 
218 213 3 
219 168 1 
220 277 1 
221 254 0 
222 195 1 
223 243 2 
224 195 3 
225 213 3 
226 256 3 
227 177 6 
228 184 3 
229 185 2 
230 336 2 
231 281 3 
232 254 2 
233 219 6 
234 233 2 
235 292 4 
236 268 7 
237 204 6 
238 232 8 
239 188 2 
240 336 8 
241 239 6 
242 250 0 
243 239 2 
244 254 8 
245 297 3 
246 261 8 
247 174 2 
248 253 8 
249 147 7 
250 318 7 
251 230 8 
252 120 4 
253 113 1 
254 110 8 
255 167 6 
256 152 7 
257 135 1 
258 109 8 
259 129 7 
260 175 4 
261 165 3 
262 297 4 
263 301 2 
264 269 8 
265 311 6 
266 303 8 
267 220 1 
268 256 8 
269 210 8 
270 398 3 
271 328 7 
272 161 2 
273 202 3 
274 179 8 
275 204 6 
276 207 3 
277 138 3 
278 185 3 
279 146 7 
280 232 7 
281 203 8 
282 297 6 
283 295 6 
284 236 7 
285 301 8 
286 347 3 
287 260 8 
288 232 6 
289 232 8 
290 406 8 
291 345 6 
292 311 1 
293 274 6 
294 245 7 
295 318 7 
296 269 8 
297 251 2 
298 189 3 
299 181 6 
300 402 8 
301 300 8 
302 15 0 
303 21 2 
304 12 1 
305 33 2 
306 0 2 
307 33 2 
308 35 3 
309 68 5 
310 24 6 
311 92 8 
312 0 0 
313 92 2 
314 54 0 
315 146 2 
316 8 0 
317 154 2 
318 18 0 
319 172 2 
320 9 0 
321 0 0 
322 6 2 
323 36 4 
324 42 1 
325 63 5 
326 105 2 
327 30 3 
328 135 0 
329 3 7 
330 138 1 
331 45 0 
332 183 1 
333 48 0 
334 231 1 
335 8 0 
336 239 1 
337 9 0 
338 248 1 
339 7 0 
340 12 0 
341 18 2 
342 6 1 
343 24 2 
344 7 8 
345 31 2 
346 35 3 
347 66 5 
348 6 6 
349 72 3 
350 30 0 
351 102 3 
352 24 0 
353 126 3 
354 14 0 
355 140 3 
356 63 0 
357 203 3 
358 5 0 
359 24 0 
360 30 2 
361 0 4 
362 30 1 
363 49 2 
364 79 1 
365 15 3 
366 94 0 
367 27 7 
368 121 6 
369 15 0 
370 136 6 
371 48 0 
372 184 6 
373 12 0 
374 196 6 
375 72 0 
376 268 0 
377 3 0 
378 21 0 
379 27 2 
380 36 1 
381 63 2 
382 49 5 
383 112 2 
384 30 3 
385 142 5 
386 9 6 
387 151 3 
388 40 0 
389 191 3 
390 6 0 
391 197 3 
392 6 0 
393 203 3 
394 45 0 
395 248 3 
396 8 0 
397 3 0 
398 9 2 
399 6 4 
400 15 1 
401 7 8 
402 22 7 
403 25 3 
404 47 4 
405 27 7 
406 74 4 
407 25 0 
408 99 3 
409 0 0 
410 99 3 
411 2 0 
412 101 3 
413 63 0 
414 164 3 
415 8 0 
416 21 0 
417 27 2 
418 30 1 
419 57 2 
420 7 2 
421 64 2 
422 30 3 
423 94 5 
424 0 6 
425 94 8 
426 30 0 
427 124 6 
428 18 0 
429 142 0 
430 14 0 
431 156 0 
432 36 0 
433 192 0 
434 3 0 
435 6 0 
436 12 2 
437 54 1 
438 66 2 
439 35 5 
440 101 2 
441 15 3 
442 116 5 
443 24 6 
444 140 8 
445 5 0 
446 145 6 
447 0 0 
448 145 6 
449 10 0 
450 155 6 
451 9 6 
452 164 6 
453 1 0 
454 21 0 
455 27 2 
456 24 1 
457 51 2 
458 63 8 
459 114 2 
460 45 3 
461 159 5 
462 24 6 
463 183 3 
464 5 1 
465 188 4 
466 24 0 
467 212 3 
468 18 2 
469 230 5 
470 72 6 
471 302 3 
472 8 0 
473 6 0 
474 12 2 
475 54 4 
476 66 1 
477 49 2 
478 115 1 
479 20 3 
480 135 0 
481 15 7 
482 150 1 
483 25 1 
484 175 1 
485 24 0 
486 199 1 
487 12 2 
488 211 1 
489 45 6 
490 256 7 
491 9 0 
492 10 3 
493 16 3 
494 14 1 
495 30 0 
496 0 5 
497 30 3 
498 63 3 
499 93 3 
500 24 6 
501 117 3 
502 0 1 
503 117 4 
504 0 0 
505 117 3 
506 24 2 
507 141 5 
508 4 6 
509 145 3 
510 54 0 
511 0 5 
512 6 5 
513 42 4 
514 48 5 
515 0 5 
516 48 5 
517 54 3 
518 102 5 
519 3 7 
520 105 4 
521 54 1 
522 159 4 
523 0 0 
524 159 3 
525 24 2 
526 183 5 
527 2 6 
528 185 3 
529 42 0 
530 8 8 
531 14 8 
532 7 1 
533 21 7 
534 0 8 
535 21 7 
536 63 3 
537 84 6 
538 6 6 
539 90 6 
540 36 1 
541 126 7 
542 0 0 
543 126 6 
544 42 2 
545 168 0 
546 14 6 
547 182 0 
548 30 0 
549 16 3 
550 22 3 
551 0 4 
552 22 3 
553 0 2 
554 22 5 
555 27 3 
556 49 5 
557 27 7 
558 76 8 
559 18 1 
560 94 2 
561 0 0 
562 94 2 
563 36 5 
564 130 2 
565 16 8 
566 146 2 
567 18 0 
568 14 0 
569 20 2 
570 42 1 
571 62 2 
572 0 4 
573 62 5 
574 54 3 
575 116 5 
576 9 6 
577 125 3 
578 48 1 
579 173 4 
580 0 0 
581 173 3 
582 18 2 
583 191 5 
584 10 5 
585 201 5 
586 48 0 
587 2 3 
588 8 3 
589 7 5 
590 15 3 
591 0 7 
592 15 6 
593 45 3 
594 60 6 
595 27 8 
596 87 6 
597 30 1 
598 117 7 
599 0 0 
600 117 1 
601 6 2 
602 123 1 
603 14 6 
604 137 7 
605 48 0 
606 14 3 
607 20 3 
608 35 1 
609 55 0 
610 0 2 
611 55 0 
612 54 3 
613 109 0 
614 0 6 
615 109 6 
616 36 4 
617 145 3 
618 0 0 
619 145 3 
620 42 5 
621 187 3 
622 8 6 
623 195 3 
624 18 0 
625 4 3 
626 10 3 
627 63 4 
628 73 3 
629 0 5 
630 73 3 
631 27 3 
632 100 3 
633 24 8 
634 124 6 
635 6 1 
636 130 7 
637 0 0 
638 130 1 
639 30 2 
640 160 1 
641 2 6 
642 162 7 
643 6 0 
644 14 3 
645 20 3 
646 28 4 
647 48 3 
648 0 8 
649 48 6 
650 81 3 
651 129 6 
652 24 7 
653 153 6 
654 6 1 
655 159 7 
656 0 0 
657 159 1 
658 54 2 
659 213 1 
660 16 6 
661 229 7 
662 48 0 
663 4 3 
664 10 3 
665 63 4 
666 73 3 
667 0 8 
668 73 6 
669 36 3 
670 109 6 
671 15 7 
672 124 6 
673 30 1 
674 154 7 
675 0 0 
676 154 6 
677 36 2 
678 190 0 
679 10 6 
680 200 0 
681 54 0 
682 5 5 
683 11 8 
684 16 1 
685 27 7 
686 0 2 
687 27 1 
688 63 3 
689 90 4 
690 16 6 
691 106 3 
692 0 1 
693 106 4 
694 18 0 
695 124 3 
696 12 2 
697 136 5 
698 14 6 
699 150 8 
700 45 0 
701 0 2 
702 6 2 
703 48 4 
704 54 5 
705 63 5 
706 117 5 
707 54 4 
708 171 5 
709 2 7 
710 173 8 
711 0 7 
712 173 8 
713 16 0 
714 189 2 
715 12 5 
716 201 2 
717 7 6 
718 208 8 
719 35 0 
720 4 8 
721 10 7 
722 8 1 
723 18 7 
724 7 8 
725 25 7 
726 63 3 
727 88 6 
728 4 6 
729 92 6 
730 0 1 
731 92 0 
732 8 0 
733 100 3 
734 21 5 
735 121 3 
736 49 6 
737 170 3 
738 25 0 
739 8 2 
740 14 8 
741 0 7 
742 14 8 
743 49 2 
744 63 8 
745 27 3 
746 90 6 
747 18 7 
748 108 6 
749 0 4 
750 108 7 
751 16 0 
752 124 6 
753 18 5 
754 142 3 
755 56 7 
756 198 4 
757 15 0 
758 7 8 
759 13 8 
760 48 1 
761 61 7 
762 49 5 
763 110 8 
764 54 4 
765 164 7 
766 6 6 
767 170 7 
768 0 7 
769 170 7 
770 2 0 
771 172 1 
772 9 5 
773 181 4 
774 35 4 
775 216 4 
776 40 0 
777 1 2 
778 7 8 
779 8 5 
780 15 8 
781 7 8 
782 22 8 
783 45 3 
784 67 6 
785 18 8 
786 85 6 
787 0 4 
788 85 7 
789 0 0 
790 85 6 
791 3 8 
792 88 6 
793 49 6 
794 137 6 
795 40 0 
796 7 5 
797 13 5 
798 40 1 
799 53 4 
800 7 2 
801 60 1 
802 54 4 
803 114 1 
804 0 6 
805 114 7 
806 0 4 
807 114 7 
808 6 0 
809 120 6 
810 21 5 
811 141 3 
812 28 6 
813 169 3 
814 15 0 
815 2 3 
816 8 3 
817 72 1 
818 80 4 
819 35 5 
820 115 4 
821 27 4 
822 142 4 
823 16 8 
824 158 5 
825 0 4 
826 158 5 
827 0 0 
828 158 3 
829 15 2 
830 173 5 
831 7 7 
832 180 8 
833 5 0 
834 7 3 
835 13 3 
836 32 4 
837 45 3 
838 63 8 
839 108 6 
840 81 4 
841 189 7 
842 16 6 
843 205 7 
844 0 7 
845 205 7 
846 8 0 
847 213 6 
848 27 2 
849 240 8 
850 56 7 
851 296 8 
852 40 0 
853 2 2 
854 8 8 
855 72 1 
856 80 7 
857 49 2 
858 129 1 
859 36 3 
860 165 4 
861 10 8 
862 175 5 
863 0 4 
864 175 4 
865 8 0 
866 183 3 
867 18 8 
868 201 5 
869 35 6 
870 236 3 
871 45 0 
872 45 3 
873 51 3 
874 4 1 
875 55 0 
876 0 2 
877 55 0 
878 56 3 
879 111 0 
880 72 6 
881 183 0 
882 0 1 
883 183 0 
884 27 0 
885 210 0 
886 24 2 
887 234 2 
888 2 6 
889 236 8 
890 18 0 
891 0 5 
892 6 5 
893 12 4 
894 18 5 
895 18 5 
896 36 5 
897 48 4 
898 84 5 
899 9 7 
900 93 8 
901 63 7 
902 156 8 
903 24 0 
904 180 2 
905 24 2 
906 204 2 
907 1 6 
908 205 8 
909 14 0 
910 36 8 
911 42 8 
912 2 1 
913 44 7 
914 2 5 
915 46 8 
916 56 3 
917 102 6 
918 18 6 
919 120 6 
920 42 1 
921 162 7 
922 12 1 
923 174 7 
924 42 2 
925 216 8 
926 7 6 
927 223 8 
928 10 0 
929 72 3 
930 78 3 
931 0 7 
932 78 6 
933 14 2 
934 92 0 
935 24 3 
936 116 0 
937 81 7 
938 197 6 
939 21 4 
940 218 3 
941 24 7 
942 242 6 
943 36 5 
944 278 3 
945 8 7 
946 286 4 
947 6 6 
948 63 5 
949 69 5 
950 12 1 
951 81 4 
952 14 5 
953 95 4 
954 48 3 
955 143 4 
956 27 7 
957 170 4 
958 56 1 
959 226 4 
960 3 1 
961 229 4 
962 18 2 
963 247 1 
964 5 7 
965 252 1 
966 16 6 
967 9 3 
968 15 3 
969 2 5 
970 17 3 
971 2 2 
972 19 5 
973 40 5 
974 59 5 
975 81 8 
976 140 5 
977 35 1 
978 175 2 
979 0 1 
980 175 2 
981 6 2 
982 181 2 
983 7 6 
984 188 8 
985 16 0 
986 63 3 
987 69 3 
988 10 1 
989 79 4 
990 2 2 
991 81 5 
992 48 5 
993 129 5 
994 0 6 
995 129 3 
996 42 1 
997 171 4 
998 9 0 
999 180 3 
1000 42 2 
1001 222 5 
1002 4 7 
1003 226 8 
1004 6 6 
1005 18 5 
1006 24 5 
1007 18 7 
1008 42 8 
1009 10 5 
1010 52 8 
1011 24 4 
1012 76 5 
1013 72 8 
1014 148 5 
1015 7 4 
1016 155 5 
1017 0 1 
1018 155 2 
1019 30 4 
1020 185 5 
1021 1 7 
1022 186 8 
1023 2 0 
1024 63 5 
1025 69 5 
1026 8 4 
1027 77 5 
1028 18 8 
1029 95 5 
1030 72 5 
1031 167 5 
1032 72 7 
1033 239 8 
1034 7 7 
1035 246 8 
1036 12 1 
1037 258 2 
1038 54 8 
1039 312 2 
1040 8 7 
1041 320 8 
1042 16 6 
1043 18 3 
1044 24 3 
1045 18 1 
1046 42 4 
1047 14 2 
1048 56 5 
1049 32 3 
1050 88 5 
1051 45 7 
1052 133 8 
1053 35 1 
1054 168 7 
1055 12 0 
1056 180 6 
1057 36 8 
1058 216 6 
1059 5 6 
1060 221 6 
1061 18 6 
1062 45 3 
1063 51 3 
1064 6 1 
1065 57 4 
1066 0 2 
1067 57 1 
1068 63 3 
1069 120 4 
1070 32 6 
1071 152 3 
1072 0 1 
1073 152 0 
1074 72 0 
1075 224 0 
1076 16 2 
1077 240 0 
1078 10 6 
1079 250 0 
1080 0 0 
1081 0 5 
1082 6 5 
1083 18 1 
1084 24 2 
1085 9 5 
1086 33 2 
1087 54 3 
1088 87 0 
1089 4 7 
1090 91 1 
1091 63 7 
1092 154 1 
1093 64 0 
1094 218 1 
1095 16 2 
1096 234 2 
1097 5 6 
1098 239 8 
1099 0 0 
1100 36 5 
1101 42 8 
1102 3 1 
1103 45 7 
1104 1 5 
1105 46 8 
1106 63 3 
1107 109 6 
1108 8 6 
1109 117 6 
1110 42 1 
1111 159 7 
1112 32 1 
1113 191 7 
1114 28 2 
1115 219 8 
1116 35 6 
1117 254 8 
1118 0 6 
1119 72 3 
1120 78 5 
1121 0 7 
1122 78 8 
1123 7 2 
1124 85 8 
1125 27 3 
1126 112 6 
1127 36 7 
1128 148 6 
1129 21 4 
1130 169 7 
1131 64 7 
1132 233 7 
1133 24 5 
1134 257 4 
1135 40 8 
1136 297 5 
1137 0 6 
1138 63 5 
1139 69 8 
1140 18 1 
1141 87 7 
1142 7 4 
1143 94 7 
1144 54 4 
1145 148 7 
1146 12 6 
1147 160 7 
1148 56 1 
1149 216 7 
1150 8 1 
1151 224 1 
1152 12 2 
1153 236 1 
1154 25 8 
1155 261 2 
1156 0 6 
1157 9 3 
1158 15 3 
1159 3 1 
1160 18 4 
1161 1 4 
1162 19 4 
1163 45 3 
1164 64 4 
1165 36 8 
1166 100 5 
1167 35 1 
1168 135 4 
1169 0 1 
1170 135 4 
1171 4 2 
1172 139 5 
1173 35 8 
1174 174 5 
1175 0 0 
1176 63 5 
1177 69 8 
1178 15 1 
1179 84 7 
1180 1 2 
1181 85 1 
1182 54 3 
1183 139 4 
1184 0 6 
1185 139 3 
1186 42 1 
1187 181 4 
1188 24 1 
1189 205 4 
1190 28 2 
1191 233 5 
1192 20 6 
1193 253 8 
1194 0 6 
1195 18 5 
1196 24 8 
1197 27 7 
1198 51 8 
1199 5 5 
1200 56 8 
1201 27 4 
1202 83 7 
1203 32 6 
1204 115 7 
1205 7 4 
1206 122 7 
1207 0 1 
1208 122 7 
1209 20 2 
1210 142 1 
1211 5 6 
1212 147 7 
1213 0 6 
1214 63 5 
1215 69 5 
1216 12 1 
1217 81 2 
1218 9 5 
1219 90 2 
1220 81 3 
1221 171 0 
1222 32 8 
1223 203 2 
1224 7 1 
1225 210 2 
1226 32 7 
1227 242 8 
1228 36 2 
1229 278 8 
1230 40 8 
1231 318 8 
1232 0 7 
1233 18 3 
1234 24 3 
1235 27 1 
1236 51 4 
1237 7 2 
1238 58 5 
1239 36 4 
1240 94 5 
1241 20 8 
1242 114 5 
1243 35 4 
1244 149 5 
1245 32 1 
1246 181 2 
1247 24 8 
1248 205 2 
1249 25 6 
1250 230 8 
1251 0 7 
1252 15 3 
1253 21 5 
1254 12 1 
1255 33 2 
1256 0 2 
1257 33 2 
1258 0 3 
1259 33 5 
1260 48 6 
1261 81 3 
1262 0 1 
1263 81 4 
1264 18 0 
1265 99 3 
1266 0 2 
1267 99 5 
1268 12 6 
1269 111 4 
1270 9 0 
1271 0 4 
1272 6 4 
1273 36 4 
1274 42 4 
1275 9 5 
1276 51 4 
1277 0 4 
1278 51 4 
1279 6 7 
1280 57 7 
1281 27 1 
1282 84 7 
1283 16 0 
1284 100 1 
1285 0 2 
1286 100 1 
1287 6 6 
1288 106 7 
1289 7 0 
1290 12 3 
1291 18 5 
1292 6 1 
1293 24 4 
1294 1 5 
1295 25 4 
1296 0 3 
1297 25 4 
1298 12 6 
1299 37 3 
1300 18 1 
1301 55 4 
1302 8 1 
1303 63 4 
1304 0 2 
1305 63 5 
1306 42 7 
1307 105 8 
1308 5 6 
1309 24 3 
1310 30 3 
1311 0 7 
1312 30 6 
1313 7 2 
1314 37 0 
1315 0 3 
1316 37 0 
1317 54 7 
1318 91 6 
1319 9 4 
1320 100 3 
1321 16 0 
1322 116 3 
1323 0 5 
1324 116 3 
1325 48 7 
1326 164 6 
1327 3 6 
1328 21 4 
1329 27 4 
1330 36 1 
1331 63 4 
1332 7 5 
1333 70 4 
1334 0 3 
1335 70 4 
1336 18 6 
1337 88 3 
1338 24 7 
1339 112 4 
1340 2 1 
1341 114 4 
1342 0 2 
1343 114 5 
1344 30 7 
1345 144 4 
1346 8 6 
1347 3 3 
1348 9 5 
1349 6 5 
1350 15 5 
1351 1 2 
1352 16 2 
1353 0 5 
1354 16 2 
1355 54 8 
1356 70 2 
1357 15 1 
1358 85 2 
1359 0 1 
1360 85 2 
1361 0 8 
1362 85 8 
1363 42 7 
1364 127 7 
1365 8 0 
1366 21 3 
1367 27 4 
1368 30 1 
1369 57 1 
1370 1 2 
1371 58 1 
1372 0 4 
1373 58 1 
1374 0 6 
1375 58 0 
1376 18 4 
1377 76 3 
1378 6 1 
1379 82 4 
1380 0 2 
1381 82 5 
1382 24 7 
1383 106 8 
1384 3 6 
1385 6 3 
1386 12 3 
1387 54 4 
1388 66 3 
1389 5 8 
1390 71 6 
1391 0 3 
1392 71 6 
1393 48 6 
1394 119 6 
1395 3 1 
1396 122 7 
1397 0 1 
1398 122 7 
1399 0 4 
1400 122 7 
1401 6 7 
1402 128 7 
1403 1 6 
1404 21 3 
1405 27 5 
1406 24 4 
1407 51 5 
1408 9 8 
1409 60 8 
1410 0 4 
1411 60 5 
1412 48 6 
1413 108 3 
1414 3 7 
1415 111 4 
1416 8 1 
1417 119 4 
1418 0 8 
1419 119 5 
1420 48 7 
1421 167 4 
1422 8 6 
1423 6 3 
1424 12 5 
1425 54 1 
1426 66 4 
1427 7 8 
1428 73 5 
1429 0 3 
1430 73 5 
1431 30 8 
1432 103 5 
1433 15 4 
1434 118 5 
1435 8 0 
1436 126 3 
1437 0 8 
1438 126 5 
1439 30 6 
1440 156 3 
1441 9 6 
1442 25 3 
1443 31 5 
1444 10 1 
1445 41 2 
1446 0 2 
1447 41 2 
1448 49 3 
1449 90 5 
1450 48 6 
1451 138 3 
1452 0 1 
1453 138 0 
1454 54 0 
1455 192 2 
1456 36 2 
1457 228 2 
1458 6 6 
1459 234 1 
1460 63 0 
1461 0 5 
1462 6 5 
1463 30 4 
1464 36 5 
1465 36 5 
1466 72 5 
1467 42 4 
1468 114 5 
1469 6 7 
1470 120 8 
1471 45 7 
1472 165 8 
1473 48 0 
1474 213 2 
1475 36 2 
1476 249 2 
1477 3 6 
1478 252 8 
1479 49 0 
1480 20 3 
1481 26 4 
1482 5 1 
1483 31 4 
1484 4 2 
1485 35 1 
1486 49 3 
1487 84 4 
1488 12 6 
1489 96 3 
1490 30 1 
1491 126 4 
1492 24 1 
1493 150 4 
1494 63 2 
1495 213 5 
1496 21 8 
1497 234 5 
1498 35 6 
1499 40 3 
1500 46 4 
1501 0 7 
1502 46 4 
1503 28 2 
1504 74 1 
1505 21 3 
1506 95 4 
1507 54 8 
1508 149 5 
1509 15 4 
1510 164 5 
1511 48 0 
1512 212 3 
1513 54 5 
1514 266 5 
1515 24 8 
1516 290 8 
1517 21 6 
1518 35 5 
1519 41 5 
1520 30 1 
1521 71 2 
1522 28 5 
1523 99 2 
1524 42 5 
1525 141 2 
1526 18 6 
1527 159 8 
1528 40 1 
1529 199 2 
1530 6 1 
1531 205 2 
1532 27 2 
1533 232 2 
1534 15 8 
1535 247 2 
1536 56 6 
1537 5 3 
1538 11 4 
1539 5 5 
1540 16 4 
1541 4 2 
1542 20 1 
1543 35 5 
1544 55 2 
1545 54 8 
1546 109 8 
1547 25 4 
1548 134 5 
1549 0 1 
1550 134 4 
1551 9 8 
1552 143 7 
1553 21 8 
1554 164 7 
1555 56 0 
1556 35 5 
1557 41 5 
1558 25 1 
1559 66 4 
1560 4 2 
1561 70 1 
1562 42 5 
1563 112 4 
1564 0 8 
1565 112 5 
1566 30 1 
1567 142 2 
1568 18 1 
1569 160 2 
1570 63 5 
1571 223 2 
1572 12 6 
1573 235 8 
1574 21 6 
1575 10 5 
1576 16 5 
1577 45 1 
1578 61 4 
1579 20 5 
1580 81 4 
1581 21 5 
1582 102 4 
1583 48 8 
1584 150 7 
1585 5 4 
1586 155 7 
1587 0 1 
1588 155 7 
1589 45 2 
1590 200 8 
1591 3 6 
1592 203 8 
1593 7 6 
1594 35 5 
1595 41 5 
1596 20 1 
1597 61 4 
1598 36 5 
1599 97 4 
1600 63 5 
1601 160 4 
1602 48 8 
1603 208 5 
1604 5 1 
1605 213 4 
1606 24 1 
1607 237 4 
1608 81 8 
1609 318 5 
1610 24 8 
1611 342 5 
1612 56 6 
1613 10 3 
1614 16 4 
1615 45 7 
1616 61 4 
1617 28 2 
1618 89 1 
1619 28 5 
1620 117 2 
1621 30 8 
1622 147 2 
1623 25 7 
1624 172 8 
1625 24 1 
1626 196 7 
1627 54 8 
1628 250 7 
1629 15 6 
1630 265 7 
1631 63 6 
1632 20 3 
1633 26 4 
1634 10 1 
1635 36 4 
1636 0 2 
1637 36 1 
1638 35 3 
1639 71 4 
1640 32 6 
1641 103 3 
1642 0 1 
1643 103 4 
1644 36 0 
1645 139 3 
1646 16 2 
1647 155 5 
1648 6 6 
1649 161 0 
1650 0 0 
1651 0 5 
1652 6 5 
1653 30 1 
1654 36 4 
1655 18 2 
1656 54 1 
1657 30 3 
1658 84 4 
1659 4 7 
1660 88 4 
1661 63 7 
1662 151 4 
1663 32 0 
1664 183 3 
1665 16 2 
1666 199 5 
1667 3 6 
1668 202 3 
1669 0 0 
1670 16 3 
1671 22 3 
1672 5 1 
1673 27 0 
1674 2 2 
1675 29 0 
1676 35 3 
1677 64 0 
1678 8 6 
1679 72 0 
1680 42 1 
1681 114 0 
1682 16 1 
1683 130 0 
1684 28 2 
1685 158 0 
1686 21 8 
1687 179 2 
1688 0 6 
1689 32 4 
1690 38 4 
1691 0 7 
1692 38 4 
1693 14 2 
1694 52 5 
1695 15 3 
1696 67 5 
1697 36 8 
1698 103 5 
1699 21 1 
1700 124 2 
1701 32 7 
1702 156 8 
1703 24 5 
1704 180 8 
1705 24 7 
1706 204 8 
1707 0 6 
1708 28 4 
1709 34 4 
1710 30 1 
1711 64 4 
1712 14 2 
1713 78 5 
1714 30 3 
1715 108 5 
1716 12 6 
1717 120 3 
1718 56 1 
1719 176 4 
1720 4 1 
1721 180 4 
1722 12 2 
1723 192 5 
1724 15 8 
1725 207 5 
1726 0 6 
1727 4 3 
1728 10 3 
1729 5 4 
1730 15 3 
1731 2 8 
1732 17 6 
1733 25 3 
1734 42 6 
1735 36 7 
1736 78 6 
1737 35 4 
1738 113 3 
1739 0 1 
1740 113 4 
1741 4 8 
1742 117 5 
1743 21 6 
1744 138 3 
1745 0 6 
1746 28 3 
1747 34 3 
1748 25 1 
1749 59 0 
1750 2 2 
1751 61 0 
1752 30 4 
1753 91 3 
1754 0 6 
1755 91 3 
1756 42 1 
1757 133 4 
1758 12 7 
1759 145 4 
1760 28 8 
1761 173 5 
1762 12 6 
1763 185 3 
1764 0 6 
1765 8 5 
1766 14 5 
1767 45 8 
1768 59 8 
1769 10 8 
1770 69 8 
1771 15 7 
1772 84 8 
1773 32 6 
1774 116 6 
1775 7 1 
1776 123 7 
1777 0 7 
1778 123 7 
1779 20 4 
1780 143 7 
1781 3 6 
1782 146 7 
1783 0 6 
1784 28 5 
1785 34 5 
1786 20 7 
1787 54 8 
1788 18 8 
1789 72 8 
1790 45 4 
1791 117 7 
1792 32 6 
1793 149 7 
1794 7 7 
1795 156 7 
1796 16 7 
1797 172 7 
1798 36 8 
1799 208 7 
1800 24 8 
1801 232 7 
1802 0 6 
1803 8 4 
1804 14 4 
1805 45 7 
1806 59 4 
1807 14 2 
1808 73 1 
1809 20 4 
1810 93 1 
1811 20 7 
1812 113 1 
1813 35 7 
1814 148 1 
1815 16 7 
1816 164 1 
1817 24 8 
1818 188 2 
1819 15 6 
1820 203 8 
1821 0 6 
1822 35 3 
1823 41 3 
1824 16 1 
1825 57 0 
1826 0 2 
1827 57 0 
1828 56 3 
1829 113 0 
1830 64 6 
1831 177 0 
1832 0 1 
1833 177 0 
1834 27 0 
1835 204 0 
1836 4 2 
1837 208 0 
1838 8 6 
1839 216 6 
1840 81 0 
1841 0 5 
1842 6 5 
1843 48 7 
1844 54 8 
1845 54 2 
1846 108 8 
1847 48 4 
1848 156 5 
1849 8 8 
1850 164 5 
1851 36 7 
1852 200 8 
1853 24 0 
1854 224 6 
1855 4 8 
1856 228 6 
1857 4 6 
1858 232 6 
1859 63 0 
1860 28 3 
1861 34 3 
1862 8 1 
1863 42 4 
1864 6 2 
1865 48 1 
1866 56 5 
1867 104 4 
1868 16 6 
1869 120 3 
1870 24 7 
1871 144 6 
1872 12 1 
1873 156 7 
1874 7 8 
1875 163 7 
1876 28 8 
1877 191 7 
1878 45 6 
1879 56 4 
1880 62 4 
1881 0 7 
1882 62 4 
1883 42 2 
1884 104 1 
1885 24 5 
1886 128 2 
1887 72 8 
1888 200 2 
1889 12 4 
1890 212 5 
1891 24 7 
1892 236 8 
1893 6 8 
1894 242 8 
1895 32 7 
1896 274 8 
1897 27 6 
1898 49 5 
1899 55 5 
1900 48 4 
1901 103 5 
1902 42 2 
1903 145 5 
1904 48 5 
1905 193 5 
1906 24 6 
1907 217 3 
1908 32 7 
1909 249 4 
1910 3 0 
1911 252 3 
1912 3 8 
1913 255 5 
1914 20 8 
1915 275 5 
1916 72 6 
1917 7 2 
1918 13 2 
1919 8 4 
1920 21 5 
1921 6 2 
1922 27 5 
1923 40 8 
1924 67 5 
1925 72 8 
1926 139 5 
1927 20 4 
1928 159 5 
1929 0 0 
1930 159 2 
1931 1 8 
1932 160 2 
1933 28 6 
1934 188 8 
1935 72 6 
1936 49 5 
1937 55 5 
1938 40 1 
1939 95 4 
1940 6 2 
1941 101 1 
1942 48 4 
1943 149 1 
1944 0 6 
1945 149 7 
1946 24 1 
1947 173 7 
1948 9 0 
1949 182 1 
1950 7 7 
1951 189 1 
1952 16 6 
1953 205 7 
1954 27 6 
1955 14 5 
1956 20 5 
1957 72 8 
1958 92 5 
1959 30 5 
1960 122 5 
1961 24 7 
1962 146 8 
1963 64 6 
1964 210 8 
1965 4 7 
1966 214 8 
1967 0 7 
1968 214 8 
1969 5 8 
1970 219 8 
1971 4 8 
1972 223 8 
1973 9 6 
1974 49 3 
1975 55 3 
1976 32 7 
1977 87 6 
1978 54 5 
1979 141 8 
1980 72 4 
1981 213 7 
1982 64 8 
1983 277 7 
1984 4 7 
1985 281 7 
1986 12 0 
1987 293 6 
1988 9 8 
1989 302 8 
1990 32 8 
1991 334 8 
1992 72 6 
1993 14 2 
1994 20 2 
1995 72 7 
1996 92 8 
1997 42 5 
1998 134 8 
1999 32 4 
2000 166 7 
2001 40 5 
2002 206 8 
2003 20 7 
2004 226 8 
2005 12 0 
2006 238 6 
2007 6 8 
2008 244 6 
2009 20 8 
2010 264 6 
2011 81 0 
2012 10 3 
2013 16 3 
2014 0 1 
2015 16 4 
2016 0 2 
2017 16 5 
2018 56 3 
2019 72 5 
2020 72 6 
2021 144 3 
2022 0 1 
2023 144 4 
2024 54 0 
2025 198 3 
2026 24 2 
2027 222 5 
2028 8 6 
2029 230 3 
2030 81 0 
2031 0 4 
2032 6 4 
2033 0 4 
2034 6 4 
2035 54 2 
2036 60 5 
2037 48 3 
2038 108 5 
2039 9 7 
2040 117 8 
2041 18 7 
2042 135 8 
2043 48 0 
2044 183 6 
2045 24 8 
2046 207 6 
2047 4 6 
2048 211 6 
2049 63 0 
2050 8 3 
2051 14 3 
2052 0 1 
2053 14 4 
2054 6 2 
2055 20 5 
2056 56 3 
2057 76 5 
2058 18 6 
2059 94 3 
2060 12 1 
2061 106 4 
2062 24 0 
2063 130 1 
2064 42 2 
2065 172 2 
2066 28 6 
2067 200 8 
2068 45 6 
2069 16 4 
2070 22 4 
2071 0 7 
2072 22 4 
2073 42 2 
2074 64 1 
2075 24 3 
2076 88 4 
2077 81 8 
2078 169 5 
2079 6 1 
2080 175 4 
2081 48 0 
2082 223 1 
2083 36 5 
2084 259 2 
2085 32 8 
2086 291 8 
2087 27 6 
2088 14 4 
2089 20 4 
2090 0 4 
2091 20 4 
2092 42 2 
2093 62 5 
2094 48 3 
2095 110 5 
2096 27 6 
2097 137 8 
2098 16 7 
2099 153 8 
2100 6 1 
2101 159 2 
2102 18 2 
2103 177 2 
2104 20 7 
2105 197 8 
2106 72 6 
2107 2 3 
2108 8 3 
2109 0 5 
2110 8 3 
2111 6 2 
2112 14 0 
2113 40 3 
2114 54 0 
2115 81 8 
2116 135 6 
2117 10 1 
2118 145 7 
2119 0 1 
2120 145 7 
2121 6 2 
2122 151 8 
2123 28 6 
2124 179 8 
2125 72 0 
2126 14 3 
2127 20 3 
2128 0 1 
2129 20 4 
2130 6 2 
2131 26 5 
2132 48 3 
2133 74 5 
2134 0 8 
2135 74 5 
2136 12 7 
2137 86 4 
2138 18 1 
2139 104 4 
2140 42 2 
2141 146 5 
2142 16 6 
2143 162 3 
2144 27 6 
2145 4 3 
2146 10 3 
2147 0 8 
2148 10 6 
2149 30 2 
2150 40 8 
2151 24 4 
2152 64 7 
2153 72 8 
2154 136 7 
2155 2 7 
2156 138 7 
2157 0 1 
2158 138 7 
2159 30 4 
2160 168 4 
2161 4 6 
2162 172 3 
2163 9 7 
2164 14 3 
2165 20 3 
2166 0 7 
2167 20 6 
2168 54 2 
2169 74 8 
2170 72 3 
2171 146 6 
2172 72 7 
2173 218 6 
2174 2 7 
2175 220 6 
2176 24 1 
2177 244 7 
2178 54 2 
2179 298 8 
2180 32 6 
2181 330 8 
2182 72 7 
2183 4 4 
2184 10 4 
2185 0 7 
2186 10 4 
2187 42 2 
2188 52 1 
2189 32 3 
2190 84 4 
2191 45 7 
2192 129 4 
2193 10 7 
2194 139 4 
2195 24 1 
2196 163 1 
2197 36 5 
2198 199 2 
2199 20 7 
2200 219 8 
2201 81 7 
