0 0 -1 
1 3 0 
2 6 0 
3 7 0 
4 5 0 
5 3 0 
6 5 0 
7 6 0 
8 2 0 
9 9 0 
10 1 0 
11 2 0 
12 7 0 
13 0 0 
14 9 0 
15 3 0 
16 6 0 
17 0 0 
18 6 0 
19 2 0 
20 6 0 
21 1 0 
22 8 0 
23 7 0 
24 9 0 
25 2 0 
26 0 0 
27 2 0 
28 3 0 
29 7 0 
30 5 0 
31 9 0 
32 2 0 
33 2 0 
34 8 0 
35 9 0 
36 7 0 
37 3 0 
38 6 0 
39 1 0 
40 2 0 
41 9 0 
42 3 0 
43 1 0 
44 9 0 
45 4 0 
46 7 0 
47 8 0 
48 4 0 
49 5 0 
50 0 0 
51 3 0 
52 6 0 
53 1 0 
54 0 0 
55 6 0 
56 3 0 
57 2 0 
58 0 0 
59 6 0 
60 1 0 
61 5 0 
62 5 0 
63 4 0 
64 7 0 
65 6 0 
66 5 0 
67 6 0 
68 9 0 
69 3 0 
70 7 0 
71 4 0 
72 5 0 
73 2 0 
74 5 0 
75 4 0 
76 7 0 
77 4 0 
78 4 0 
79 3 0 
80 0 0 
81 7 0 
82 8 0 
83 6 0 
84 8 0 
85 8 0 
86 4 0 
87 3 0 
88 1 0 
89 4 0 
90 9 0 
91 2 0 
92 0 0 
93 6 0 
94 8 0 
95 9 0 
96 2 0 
97 6 0 
98 6 0 
99 4 0 
100 137 13 
101 145 5 
102 166 2 
103 160 0 
104 173 10 
105 207 6 
106 176 9 
107 65 4 
108 101 20 
109 151 24 
110 161 24 
111 140 15 
112 174 5 
113 171 2 
114 96 6 
115 79 5 
116 96 7 
117 72 6 
118 100 16 
119 166 21 
120 95 3 
121 105 0 
122 118 6 
123 173 3 
124 112 11 
125 142 11 
126 164 22 
127 149 6 
128 157 9 
129 181 16 
130 221 9 
131 183 10 
132 184 11 
133 250 21 
134 202 8 
135 136 5 
136 126 24 
137 147 9 
138 105 4 
139 135 20 
140 197 8 
141 135 8 
142 142 1 
143 136 10 
144 150 13 
145 178 8 
146 203 11 
147 230 13 
148 201 17 
149 0 0 
150 4 18 
151 12 1 
152 16 18 
153 49 4 
154 65 18 
155 20 5 
156 85 13 
157 12 0 
158 97 13 
159 40 0 
160 137 13 
161 0 0 
162 9 5 
163 13 5 
164 0 2 
165 13 7 
166 42 9 
167 55 8 
168 25 6 
169 80 7 
170 9 20 
171 89 7 
172 20 0 
173 109 6 
174 36 0 
175 18 5 
176 22 5 
177 36 3 
178 58 9 
179 35 14 
180 93 9 
181 10 7 
182 103 8 
183 0 20 
184 103 7 
185 15 0 
186 118 7 
187 48 0 
188 3 1 
189 7 1 
190 6 8 
191 13 2 
192 42 24 
193 55 22 
194 25 10 
195 80 17 
196 21 20 
197 101 15 
198 5 0 
199 106 20 
200 54 0 
201 0 21 
202 4 21 
203 30 13 
204 34 16 
205 63 9 
206 97 15 
207 20 11 
208 117 15 
209 24 15 
210 141 19 
211 20 0 
212 161 15 
213 12 5 
214 18 5 
215 22 5 
216 30 21 
217 52 6 
218 21 4 
219 73 9 
220 35 12 
221 108 9 
222 18 20 
223 126 5 
224 45 1 
225 171 1 
226 36 10 
227 9 12 
228 13 7 
229 24 23 
230 37 8 
231 49 24 
232 86 8 
233 20 15 
234 106 13 
235 24 19 
236 130 13 
237 10 0 
238 140 8 
239 36 4 
240 0 23 
241 4 23 
242 18 1 
243 22 22 
244 7 4 
245 29 23 
246 8 20 
247 37 23 
248 28 20 
249 65 24 
250 0 1 
251 65 4 
252 0 5 
253 6 14 
254 10 14 
255 0 2 
256 10 14 
257 6 8 
258 16 13 
259 10 20 
260 26 18 
261 21 20 
262 47 18 
263 0 0 
264 47 15 
265 54 10 
266 12 13 
267 16 13 
268 54 3 
269 70 13 
270 5 14 
271 75 14 
272 4 22 
273 79 13 
274 0 20 
275 79 24 
276 0 0 
277 79 20 
278 72 9 
279 2 17 
280 6 17 
281 9 8 
282 15 18 
283 6 19 
284 21 19 
285 10 19 
286 31 15 
287 49 20 
288 80 15 
289 0 1 
290 80 20 
291 81 4 
292 0 22 
293 4 22 
294 45 14 
295 49 17 
296 9 14 
297 58 18 
298 8 16 
299 66 19 
300 56 19 
301 122 14 
302 0 0 
303 122 10 
304 18 5 
305 12 6 
306 16 6 
307 45 21 
308 61 11 
309 3 4 
310 64 12 
311 14 17 
312 78 13 
313 42 21 
314 120 2 
315 0 1 
316 120 4 
317 54 10 
318 6 7 
319 10 7 
320 36 23 
321 46 2 
322 7 24 
323 53 3 
324 8 18 
325 61 3 
326 56 19 
327 117 18 
328 0 1 
329 117 23 
330 54 4 
331 0 3 
332 4 3 
333 12 1 
334 16 2 
335 0 6 
336 16 7 
337 24 5 
338 40 6 
339 8 20 
340 48 1 
341 48 0 
342 96 1 
343 0 5 
344 9 10 
345 13 10 
346 0 2 
347 13 12 
348 0 9 
349 13 7 
350 30 6 
351 43 6 
352 6 20 
353 49 5 
354 24 0 
355 73 6 
356 6 10 
357 18 8 
358 22 8 
359 36 3 
360 58 3 
361 0 10 
362 58 4 
363 12 7 
364 70 3 
365 0 24 
366 70 23 
367 18 1 
368 88 2 
369 8 14 
370 3 2 
371 7 2 
372 6 8 
373 13 7 
374 0 19 
375 13 6 
376 30 10 
377 43 6 
378 14 20 
379 57 6 
380 6 1 
381 63 6 
382 9 9 
383 0 18 
384 4 18 
385 30 9 
386 34 13 
387 0 11 
388 34 13 
389 24 11 
390 58 14 
391 16 19 
392 74 19 
393 24 1 
394 98 15 
395 2 11 
396 18 11 
397 22 16 
398 30 21 
399 52 16 
400 0 15 
401 52 16 
402 42 16 
403 94 16 
404 12 23 
405 106 21 
406 54 2 
407 160 1 
408 6 15 
409 9 12 
410 13 12 
411 24 22 
412 37 17 
413 0 15 
414 37 17 
415 24 15 
416 61 17 
417 16 19 
418 77 18 
419 12 2 
420 89 3 
421 6 5 
422 0 4 
423 4 4 
424 14 1 
425 18 3 
426 63 4 
427 81 3 
428 8 22 
429 89 2 
430 0 22 
431 89 2 
432 16 0 
433 105 0 
434 0 9 
435 24 14 
436 28 19 
437 0 2 
438 28 17 
439 54 7 
440 82 17 
441 10 19 
442 92 17 
443 0 20 
444 92 22 
445 8 0 
446 100 1 
447 18 10 
448 48 9 
449 52 9 
450 42 16 
451 94 11 
452 45 14 
453 139 12 
454 4 17 
455 143 12 
456 0 23 
457 143 18 
458 6 21 
459 149 23 
460 24 4 
461 8 1 
462 12 21 
463 7 18 
464 19 16 
465 54 24 
466 73 16 
467 10 18 
468 83 16 
469 0 21 
470 83 21 
471 2 21 
472 85 16 
473 27 14 
474 0 21 
475 4 21 
476 35 12 
477 39 22 
478 81 12 
479 120 17 
480 8 11 
481 128 17 
482 0 16 
483 128 17 
484 8 2 
485 136 22 
486 6 11 
487 48 5 
488 52 6 
489 35 21 
490 87 11 
491 27 17 
492 114 12 
493 14 12 
494 128 7 
495 0 21 
496 128 2 
497 18 21 
498 146 22 
499 18 15 
500 24 13 
501 28 12 
502 28 23 
503 56 17 
504 63 13 
505 119 17 
506 8 13 
507 127 12 
508 0 21 
509 127 11 
510 4 22 
511 131 11 
512 18 3 
513 0 24 
514 4 24 
515 10 6 
516 14 4 
517 63 3 
518 77 4 
519 8 5 
520 85 9 
521 8 20 
522 93 4 
523 64 5 
524 157 9 
525 0 5 
526 21 11 
527 25 11 
528 0 7 
529 25 12 
530 54 9 
531 79 7 
532 10 6 
533 89 6 
534 6 15 
535 95 16 
536 32 9 
537 127 15 
538 54 10 
539 42 18 
540 46 18 
541 30 3 
542 76 23 
543 45 10 
544 121 13 
545 4 7 
546 125 14 
547 0 17 
548 125 19 
549 24 10 
550 149 5 
551 72 4 
552 7 22 
553 11 22 
554 5 2 
555 16 2 
556 54 19 
557 70 18 
558 10 10 
559 80 14 
560 14 11 
561 94 10 
562 8 1 
563 102 0 
564 81 14 
565 0 23 
566 4 22 
567 25 13 
568 29 23 
569 81 11 
570 110 11 
571 8 16 
572 118 11 
573 16 16 
574 134 11 
575 32 0 
576 166 11 
577 18 12 
578 42 12 
579 46 17 
580 25 1 
581 71 22 
582 27 10 
583 98 21 
584 14 12 
585 112 17 
586 12 17 
587 124 12 
588 72 21 
589 196 22 
590 54 11 
591 21 17 
592 25 22 
593 20 22 
594 45 22 
595 63 8 
596 108 23 
597 8 15 
598 116 18 
599 16 22 
600 132 23 
601 16 5 
602 148 8 
603 54 3 
604 0 3 
605 4 23 
606 6 1 
607 10 22 
608 42 4 
609 52 2 
610 4 20 
611 56 22 
612 8 20 
613 64 21 
614 72 24 
615 136 20 
616 0 5 
617 21 16 
618 25 15 
619 0 2 
620 25 10 
621 36 9 
622 61 10 
623 5 24 
624 66 10 
625 6 20 
626 72 15 
627 36 4 
628 108 4 
629 18 4 
630 42 8 
631 46 8 
632 18 3 
633 64 8 
634 30 4 
635 94 9 
636 2 17 
637 96 14 
638 0 24 
639 96 14 
640 27 19 
641 123 14 
642 24 9 
643 7 2 
644 11 3 
645 3 8 
646 14 3 
647 36 24 
648 50 24 
649 5 18 
650 55 24 
651 14 24 
652 69 19 
653 9 4 
654 78 24 
655 27 4 
656 0 13 
657 4 12 
658 15 16 
659 19 11 
660 54 11 
661 73 16 
662 4 20 
663 77 21 
664 16 19 
665 93 24 
666 36 3 
667 129 23 
668 6 5 
669 42 6 
670 46 6 
671 15 21 
672 61 11 
673 18 15 
674 79 11 
675 7 13 
676 86 12 
677 12 16 
678 98 17 
679 81 8 
680 179 7 
681 18 9 
682 21 7 
683 25 7 
684 12 21 
685 37 2 
686 42 9 
687 79 8 
688 4 23 
689 83 8 
690 16 16 
691 99 8 
692 18 9 
693 117 8 
694 18 3 
695 0 4 
696 4 24 
697 18 8 
698 22 23 
699 28 6 
700 50 7 
701 28 5 
702 78 7 
703 32 8 
704 110 7 
705 32 20 
706 142 2 
707 0 7 
708 3 10 
709 7 10 
710 0 23 
711 7 18 
712 24 24 
713 31 23 
714 35 6 
715 66 3 
716 24 14 
717 90 9 
718 16 0 
719 106 5 
720 30 10 
721 6 9 
722 10 9 
723 54 3 
724 64 8 
725 20 14 
726 84 13 
727 14 7 
728 98 12 
729 0 24 
730 98 22 
731 12 10 
732 110 12 
733 40 14 
734 1 1 
735 5 1 
736 9 18 
737 14 1 
738 24 18 
739 38 2 
740 35 10 
741 73 7 
742 56 20 
743 129 2 
744 4 1 
745 133 7 
746 45 14 
747 0 24 
748 4 24 
749 45 16 
750 49 15 
751 36 16 
752 85 15 
753 28 11 
754 113 15 
755 64 19 
756 177 15 
757 16 2 
758 193 15 
759 10 12 
760 6 4 
761 10 4 
762 45 2 
763 55 3 
764 12 19 
765 67 18 
766 49 17 
767 116 18 
768 48 3 
769 164 18 
770 36 7 
771 200 8 
772 30 10 
773 3 14 
774 7 14 
775 36 22 
776 43 17 
777 28 13 
778 71 17 
779 28 15 
780 99 12 
781 64 19 
782 163 14 
783 8 14 
784 171 19 
785 30 12 
