1  1  83  0  0  
2  2  86  0  0  
3  3  77  0  0  
4  4  15  0  0  
5  5  93  0  0  
6  6  35  0  0  
7  7  86  0  0  
8  8  92  0  0  
9  9  49  0  0  
10  10  21  0  0  
11  11  62  0  0  
12  12  27  0  0  
13  13  90  0  0  
14  14  59  0  0  
15  15  63  0  0  
16  16  26  0  0  
17  17  40  0  0  
18  18  26  0  0  
19  19  72  0  0  
20  20  36  0  0  
21  21  11  0  0  
22  22  68  0  0  
23  23  67  0  0  
24  24  29  0  0  
25  25  82  0  0  
26  26  30  0  0  
27  27  62  0  0  
28  28  23  0  0  
29  29  67  0  0  
30  30  35  0  0  
31  31  29  0  0  
32  32  2  0  0  
33  33  22  0  0  
34  34  58  0  0  
35  35  69  0  0  
36  36  67  0  0  
37  37  93  0  0  
38  38  56  0  0  
39  39  11  0  0  
40  40  42  0  0  
41  41  29  0  0  
42  42  73  0  0  
43  43  21  0  0  
44  44  19  0  0  
45  45  84  0  0  
46  46  37  0  0  
47  47  98  0  0  
48  48  24  0  0  
49  49  15  0  0  
50  50  70  0  0  
51  1  0  1  1  
52  2  0  1  1  
53  3  0  1  1  
54  4  0  1  1  
55  5  0  1  1  
56  6  0  1  1  
57  7  0  1  1  
58  8  0  1  1  
59  9  0  1  1  
60  10  0  1  1  
61  11  0  1  1  
62  12  0  1  1  
63  13  0  1  1  
64  14  0  1  1  
65  15  0  1  1  
66  16  0  1  1  
67  17  0  1  1  
68  18  0  1  1  
69  19  0  1  1  
70  20  0  1  1  
71  21  0  1  1  
72  22  0  1  1  
73  23  0  1  1  
74  24  0  1  1  
75  25  0  1  1  
