0 0 -1 
1 3 0 
2 6 0 
3 7 0 
4 5 0 
5 3 0 
6 5 0 
7 6 0 
8 2 0 
9 9 0 
10 1 0 
11 2 0 
12 7 0 
13 0 0 
14 9 0 
15 3 0 
16 6 0 
17 0 0 
18 6 0 
19 2 0 
20 6 0 
21 1 0 
22 8 0 
23 7 0 
24 9 0 
25 2 0 
26 0 0 
27 2 0 
28 3 0 
29 7 0 
30 5 0 
31 9 0 
32 2 0 
33 2 0 
34 8 0 
35 9 0 
36 7 0 
37 3 0 
38 6 0 
39 1 0 
40 2 0 
41 9 0 
42 3 0 
43 1 0 
44 9 0 
45 4 0 
46 7 0 
47 8 0 
48 4 0 
49 5 0 
50 0 0 
51 3 0 
52 6 0 
53 1 0 
54 0 0 
55 6 0 
56 3 0 
57 2 0 
58 0 0 
59 6 0 
60 1 0 
61 5 0 
62 5 0 
63 4 0 
64 7 0 
65 6 0 
66 5 0 
67 6 0 
68 9 0 
69 3 0 
70 7 0 
71 4 0 
72 5 0 
73 2 0 
74 5 0 
75 4 0 
76 7 0 
77 4 0 
78 4 0 
79 3 0 
80 0 0 
81 7 0 
82 8 0 
83 6 0 
84 8 0 
85 8 0 
86 4 0 
87 3 0 
88 1 0 
89 4 0 
90 9 0 
91 2 0 
92 0 0 
93 6 0 
94 8 0 
95 9 0 
96 2 0 
97 6 0 
98 6 0 
99 4 0 
100 9 0 
101 5 0 
102 0 0 
103 4 0 
104 8 0 
105 7 0 
106 1 0 
107 7 0 
108 2 0 
109 7 0 
110 2 0 
111 2 0 
112 6 0 
113 1 0 
114 0 0 
115 6 0 
116 1 0 
117 5 0 
118 9 0 
119 4 0 
120 9 0 
121 0 0 
122 9 0 
123 1 0 
124 7 0 
125 7 0 
126 1 0 
127 1 0 
128 5 0 
129 9 0 
130 167 1 
131 196 2 
132 188 2 
133 191 2 
134 222 1 
135 188 2 
136 153 1 
137 159 1 
138 173 2 
139 201 2 
140 180 1 
141 176 2 
142 218 2 
143 191 2 
144 153 1 
145 181 2 
146 128 1 
147 204 3 
148 168 0 
149 162 3 
150 244 3 
151 177 1 
152 144 3 
153 187 0 
154 133 3 
155 127 0 
156 158 3 
157 139 1 
158 178 1 
159 148 1 
160 126 1 
161 204 3 
162 189 0 
163 236 0 
164 183 3 
165 209 1 
166 237 1 
167 170 3 
168 161 3 
169 121 1 
170 193 1 
171 225 0 
172 216 3 
173 205 0 
174 247 2 
175 250 3 
176 204 1 
177 239 1 
178 96 1 
179 145 0 
180 112 3 
181 114 3 
182 140 3 
183 161 3 
184 123 3 
185 126 1 
186 136 3 
187 174 1 
188 145 1 
189 183 0 
190 198 1 
191 108 1 
192 97 1 
193 168 0 
194 18 0 
195 27 2 
196 12 1 
197 39 3 
198 49 2 
199 88 3 
200 20 0 
201 108 1 
202 18 0 
203 126 1 
204 35 0 
205 161 1 
206 6 0 
207 167 1 
208 0 0 
209 15 0 
210 24 2 
211 30 3 
212 54 2 
213 56 2 
214 110 2 
215 45 0 
216 155 2 
217 18 0 
218 173 2 
219 5 0 
220 178 2 
221 0 0 
222 178 2 
223 18 0 
224 18 0 
225 27 2 
226 24 1 
227 51 3 
228 42 2 
229 93 3 
230 10 0 
231 103 2 
232 12 0 
233 115 2 
234 35 0 
235 150 2 
236 36 0 
237 186 2 
238 2 0 
239 27 0 
240 36 2 
241 42 3 
242 78 2 
243 56 2 
244 134 2 
245 0 0 
246 134 2 
247 27 0 
248 161 2 
249 10 0 
250 171 2 
251 6 0 
252 177 2 
253 14 0 
254 9 0 
255 18 2 
256 24 1 
257 42 3 
258 56 2 
259 98 3 
260 30 0 
261 128 1 
262 15 0 
263 143 1 
264 35 0 
265 178 1 
266 30 0 
267 208 1 
268 14 0 
269 21 0 
270 30 2 
271 24 3 
272 54 2 
273 28 2 
274 82 2 
275 40 0 
276 122 2 
277 0 0 
278 122 2 
279 10 0 
280 132 2 
281 54 0 
282 186 2 
283 2 0 
284 12 0 
285 21 2 
286 18 1 
287 39 3 
288 21 2 
289 60 3 
290 45 0 
291 105 1 
292 12 0 
293 117 1 
294 10 0 
295 127 1 
296 24 0 
297 151 1 
298 2 0 
299 15 0 
300 24 2 
301 0 3 
302 24 2 
303 7 2 
304 31 2 
305 10 0 
306 41 2 
307 24 0 
308 65 2 
309 30 1 
310 95 3 
311 54 0 
312 149 1 
313 10 0 
314 54 2 
315 63 2 
316 2 1 
317 65 3 
318 14 2 
319 79 3 
320 28 0 
321 107 2 
322 0 0 
323 107 2 
324 63 3 
325 170 2 
326 3 0 
327 173 2 
328 0 0 
329 45 2 
330 54 2 
331 5 3 
332 59 2 
333 16 2 
334 75 2 
335 63 0 
336 138 2 
337 0 0 
338 138 2 
339 9 3 
340 147 2 
341 0 0 
342 147 2 
343 54 0 
344 54 2 
345 63 2 
346 4 1 
347 67 3 
348 12 2 
349 79 3 
350 14 0 
351 93 1 
352 0 0 
353 93 1 
354 63 3 
355 156 1 
356 18 0 
357 174 1 
358 6 0 
359 81 2 
360 90 2 
361 7 3 
362 97 2 
363 16 2 
364 113 2 
365 0 0 
366 113 2 
367 0 0 
368 113 2 
369 18 3 
370 131 2 
371 3 0 
372 134 2 
373 42 0 
374 27 2 
375 36 2 
376 4 1 
377 40 3 
378 16 2 
379 56 3 
380 42 0 
381 98 2 
382 0 0 
383 98 2 
384 63 3 
385 161 2 
386 15 0 
387 176 2 
388 42 0 
389 63 2 
390 72 2 
391 4 3 
392 76 3 
393 8 2 
394 84 3 
395 56 0 
396 140 2 
397 0 0 
398 140 2 
399 18 3 
400 158 2 
401 27 0 
402 185 2 
403 6 0 
404 36 2 
405 45 2 
406 3 1 
407 48 3 
408 6 3 
409 54 3 
410 63 0 
411 117 1 
412 0 0 
413 117 1 
414 18 3 
415 135 1 
416 12 0 
417 147 1 
418 6 0 
419 45 2 
420 54 2 
421 0 1 
422 54 3 
423 2 2 
424 56 3 
425 14 0 
426 70 2 
427 0 0 
428 70 2 
429 54 3 
430 124 2 
431 27 0 
432 151 2 
433 30 0 
434 0 2 
435 9 2 
436 12 1 
437 21 3 
438 14 2 
439 35 3 
440 24 0 
441 59 1 
442 6 0 
443 65 1 
444 56 1 
445 121 1 
446 7 0 
447 128 1 
448 0 0 
449 0 2 
450 9 2 
451 30 3 
452 39 3 
453 16 2 
454 55 3 
455 54 0 
456 109 2 
457 6 0 
458 115 2 
459 8 1 
460 123 3 
461 0 0 
462 123 2 
463 81 1 
464 0 2 
465 9 2 
466 24 1 
467 33 3 
468 12 2 
469 45 3 
470 12 0 
471 57 2 
472 4 0 
473 61 2 
474 56 1 
475 117 0 
476 42 0 
477 159 0 
478 9 1 
479 0 2 
480 9 2 
481 42 3 
482 51 3 
483 16 2 
484 67 3 
485 0 0 
486 67 2 
487 9 0 
488 76 2 
489 16 1 
490 92 3 
491 7 0 
492 99 2 
493 63 1 
494 0 2 
495 9 2 
496 24 1 
497 33 3 
498 16 2 
499 49 3 
500 36 0 
501 85 2 
502 5 0 
503 90 2 
504 56 1 
505 146 3 
506 35 0 
507 181 2 
508 63 1 
509 0 3 
510 9 3 
511 24 3 
512 33 3 
513 8 3 
514 41 3 
515 48 0 
516 89 1 
517 0 0 
518 89 1 
519 16 1 
520 105 1 
521 63 0 
522 168 1 
523 9 1 
524 0 2 
525 9 2 
526 18 1 
527 27 3 
528 6 3 
529 33 3 
530 54 0 
531 87 2 
532 4 0 
533 91 2 
534 16 1 
535 107 3 
536 28 0 
537 135 2 
538 9 1 
539 0 2 
540 9 2 
541 0 1 
542 9 3 
543 2 2 
544 11 3 
545 12 0 
546 23 2 
547 8 0 
548 31 2 
549 48 1 
550 79 0 
551 63 0 
552 142 0 
553 45 1 
554 12 2 
555 21 2 
556 0 1 
557 21 3 
558 14 2 
559 35 3 
560 12 0 
561 47 2 
562 42 0 
563 89 2 
564 35 1 
565 124 3 
566 9 0 
567 133 2 
568 0 1 
569 10 2 
570 19 2 
571 0 3 
572 19 2 
573 16 2 
574 35 2 
575 27 0 
576 62 2 
577 42 0 
578 104 2 
579 5 3 
580 109 2 
581 0 0 
582 109 2 
583 18 1 
584 12 2 
585 21 2 
586 0 1 
587 21 3 
588 12 2 
589 33 3 
590 6 0 
591 39 2 
592 28 0 
593 67 2 
594 35 1 
595 102 3 
596 54 0 
597 156 2 
598 2 1 
599 18 2 
600 27 2 
601 0 3 
602 27 2 
603 16 2 
604 43 2 
605 0 0 
606 43 2 
607 63 0 
608 106 2 
609 10 1 
610 116 3 
611 9 0 
612 125 1 
613 14 1 
614 6 2 
615 15 2 
616 0 1 
617 15 3 
618 16 2 
619 31 3 
620 18 0 
621 49 1 
622 35 0 
623 84 1 
624 35 1 
625 119 1 
626 45 0 
627 164 1 
628 14 1 
629 14 3 
630 23 3 
631 0 3 
632 23 3 
633 8 3 
634 31 3 
635 24 0 
636 55 1 
637 0 0 
638 55 1 
639 10 1 
640 65 1 
641 81 0 
642 146 1 
643 2 1 
644 8 3 
645 17 3 
646 0 1 
647 17 3 
648 6 2 
649 23 3 
650 27 0 
651 50 1 
652 28 0 
653 78 1 
654 10 3 
655 88 1 
656 36 0 
657 124 1 
658 2 1 
659 10 2 
660 19 2 
661 0 1 
662 19 3 
663 2 3 
664 21 3 
665 6 0 
666 27 2 
667 56 0 
668 83 2 
669 30 1 
670 113 3 
671 81 0 
672 194 2 
673 10 1 
674 12 2 
675 21 2 
676 16 1 
677 37 0 
678 63 2 
679 100 0 
680 28 0 
681 128 0 
682 18 0 
683 146 0 
684 42 1 
685 188 0 
686 1 0 
687 189 0 
688 0 1 
689 10 2 
690 19 2 
691 40 3 
692 59 2 
693 72 2 
694 131 2 
695 63 0 
696 194 2 
697 18 0 
698 212 2 
699 6 3 
700 218 2 
701 0 0 
702 218 2 
703 18 1 
704 12 2 
705 21 2 
706 32 1 
707 53 3 
708 54 2 
709 107 3 
710 14 0 
711 121 2 
712 12 0 
713 133 2 
714 42 1 
715 175 3 
716 6 0 
717 181 2 
718 2 1 
719 18 2 
720 27 2 
721 56 3 
722 83 2 
723 72 2 
724 155 2 
725 0 0 
726 155 2 
727 27 0 
728 182 2 
729 12 1 
730 194 3 
731 1 0 
732 195 1 
733 14 1 
734 6 2 
735 15 2 
736 32 1 
737 47 3 
738 72 2 
739 119 3 
740 42 0 
741 161 1 
742 15 0 
743 176 1 
744 42 3 
745 218 1 
746 5 0 
747 223 1 
748 14 1 
749 14 3 
750 23 3 
751 32 3 
752 55 3 
753 36 3 
754 91 3 
755 56 0 
756 147 2 
757 0 0 
758 147 2 
759 12 1 
760 159 3 
761 9 0 
762 168 2 
763 2 1 
764 8 3 
765 17 3 
766 24 1 
767 41 3 
768 27 3 
769 68 3 
770 63 0 
771 131 2 
772 12 0 
773 143 2 
774 12 3 
775 155 2 
776 4 0 
777 159 2 
778 2 1 
779 10 3 
780 19 3 
781 0 1 
782 19 3 
783 9 3 
784 28 3 
785 14 0 
786 42 1 
787 24 0 
788 66 1 
789 36 1 
790 102 1 
791 9 0 
792 111 1 
793 10 1 
794 54 2 
795 63 2 
796 6 1 
797 69 3 
798 7 2 
799 76 3 
800 36 0 
801 112 2 
802 24 0 
803 136 2 
804 49 1 
805 185 3 
806 8 0 
807 193 2 
808 0 1 
809 45 2 
810 54 2 
811 15 1 
812 69 0 
813 8 2 
814 77 0 
815 81 0 
816 158 0 
817 24 1 
818 182 0 
819 7 1 
820 189 0 
821 0 0 
822 189 0 
823 36 1 
824 54 2 
825 63 2 
826 12 1 
827 75 3 
828 6 2 
829 81 3 
830 18 0 
831 99 2 
832 16 1 
833 115 3 
834 49 1 
835 164 3 
836 48 0 
837 212 2 
838 4 1 
839 81 2 
840 90 2 
841 21 1 
842 111 3 
843 8 2 
844 119 3 
845 0 0 
846 119 2 
847 36 1 
848 155 0 
849 14 3 
850 169 2 
851 8 0 
852 177 0 
853 28 1 
854 27 2 
855 36 2 
856 12 1 
857 48 3 
858 8 3 
859 56 3 
860 54 0 
861 110 2 
862 20 1 
863 130 3 
864 49 1 
865 179 3 
866 40 0 
867 219 2 
868 28 1 
869 63 3 
870 72 3 
871 12 1 
872 84 3 
873 4 3 
874 88 3 
875 72 0 
876 160 2 
877 0 1 
878 160 3 
879 14 3 
880 174 3 
881 72 0 
882 246 2 
883 4 1 
884 36 3 
885 45 3 
886 9 1 
887 54 3 
888 3 3 
889 57 3 
890 81 0 
891 138 1 
892 16 1 
893 154 1 
894 14 1 
895 168 1 
896 32 0 
897 200 1 
898 4 1 
899 45 3 
900 54 3 
901 0 1 
902 54 3 
903 1 3 
904 55 3 
905 18 0 
906 73 1 
907 32 1 
908 105 1 
909 42 1 
910 147 1 
911 72 0 
912 219 1 
913 20 1 
914 30 2 
915 39 2 
916 0 1 
917 39 3 
918 21 2 
919 60 3 
920 24 0 
921 84 2 
922 6 1 
923 90 0 
924 0 1 
925 90 1 
926 6 0 
927 96 0 
928 0 1 
929 25 2 
930 34 2 
931 0 1 
932 34 3 
933 24 2 
934 58 3 
935 54 0 
936 112 2 
937 6 1 
938 118 3 
939 0 1 
940 118 3 
941 0 0 
942 118 2 
943 27 1 
944 30 2 
945 39 2 
946 0 1 
947 39 3 
948 18 2 
949 57 3 
950 12 0 
951 69 2 
952 4 1 
953 73 3 
954 0 1 
955 73 3 
956 36 0 
957 109 2 
958 3 1 
959 45 2 
960 54 2 
961 0 1 
962 54 3 
963 24 2 
964 78 3 
965 0 0 
966 78 2 
967 9 1 
968 87 3 
969 0 1 
970 87 3 
971 6 0 
972 93 2 
973 21 1 
974 15 3 
975 24 3 
976 0 1 
977 24 3 
978 24 3 
979 48 3 
980 36 0 
981 84 2 
982 5 1 
983 89 3 
984 0 1 
985 89 3 
986 30 0 
987 119 2 
988 21 1 
989 35 3 
990 44 3 
991 0 1 
992 44 3 
993 12 3 
994 56 3 
995 48 0 
996 104 2 
997 0 1 
998 104 3 
999 0 1 
1000 104 3 
1001 54 0 
1002 158 2 
1003 3 1 
1004 20 3 
1005 29 3 
1006 0 1 
1007 29 3 
1008 9 3 
1009 38 3 
1010 54 0 
1011 92 2 
1012 4 1 
1013 96 3 
1014 0 1 
1015 96 3 
1016 24 0 
1017 120 2 
1018 3 1 
1019 25 3 
1020 34 3 
1021 0 1 
1022 34 3 
1023 3 2 
1024 37 3 
1025 12 0 
1026 49 1 
1027 8 1 
1028 57 1 
1029 0 1 
1030 57 1 
1031 54 0 
1032 111 1 
1033 15 1 
1034 12 2 
1035 21 2 
1036 0 1 
1037 21 3 
1038 42 2 
1039 63 3 
1040 4 0 
1041 67 2 
1042 30 1 
1043 97 3 
1044 35 1 
1045 132 3 
1046 4 0 
1047 136 2 
1048 0 1 
1049 10 2 
1050 19 2 
1051 0 3 
1052 19 2 
1053 48 2 
1054 67 2 
1055 9 1 
1056 76 3 
1057 30 1 
1058 106 3 
1059 5 1 
1060 111 3 
1061 0 0 
1062 111 1 
1063 63 1 
1064 12 2 
1065 21 2 
1066 0 1 
1067 21 3 
1068 36 2 
1069 57 3 
1070 2 1 
1071 59 3 
1072 20 1 
1073 79 3 
1074 35 1 
1075 114 3 
1076 24 0 
1077 138 1 
1078 7 1 
1079 18 2 
1080 27 2 
1081 0 3 
1082 27 2 
1083 48 2 
1084 75 2 
1085 0 1 
1086 75 0 
1087 45 1 
1088 120 1 
1089 10 1 
1090 130 1 
1091 4 0 
1092 134 0 
1093 49 1 
1094 6 3 
1095 15 3 
1096 0 1 
1097 15 3 
1098 48 3 
1099 63 3 
1100 6 1 
1101 69 1 
1102 25 1 
1103 94 1 
1104 35 1 
1105 129 1 
1106 20 0 
1107 149 1 
1108 49 1 
1109 14 3 
1110 23 3 
1111 0 3 
1112 23 3 
1113 24 2 
1114 47 3 
1115 8 1 
1116 55 1 
1117 0 1 
1118 55 1 
1119 10 1 
1120 65 1 
1121 36 0 
1122 101 1 
1123 7 1 
1124 8 3 
1125 17 3 
1126 0 1 
1127 17 3 
1128 18 3 
1129 35 3 
1130 9 1 
1131 44 1 
1132 20 1 
1133 64 1 
1134 10 1 
1135 74 1 
1136 16 1 
1137 90 1 
1138 7 1 
1139 10 2 
1140 19 2 
1141 0 1 
1142 19 0 
1143 6 2 
1144 25 0 
1145 2 1 
1146 27 0 
1147 40 1 
1148 67 0 
1149 30 1 
1150 97 0 
1151 36 0 
1152 133 0 
1153 35 1 
