0 0 -1 
1 3 0 
2 6 0 
3 7 0 
4 5 0 
5 3 0 
6 5 0 
7 6 0 
8 2 0 
9 9 0 
10 1 0 
11 2 0 
12 7 0 
13 0 0 
14 9 0 
15 3 0 
16 6 0 
17 0 0 
18 6 0 
19 2 0 
20 6 0 
21 1 0 
22 8 0 
23 7 0 
24 9 0 
25 2 0 
26 0 0 
27 2 0 
28 3 0 
29 7 0 
30 5 0 
31 9 0 
32 2 0 
33 2 0 
34 8 0 
35 9 0 
36 7 0 
37 3 0 
38 6 0 
39 1 0 
40 2 0 
41 9 0 
42 3 0 
43 1 0 
44 9 0 
45 4 0 
46 7 0 
47 8 0 
48 4 0 
49 5 0 
50 0 0 
51 3 0 
52 6 0 
53 1 0 
54 0 0 
55 6 0 
56 3 0 
57 2 0 
58 0 0 
59 6 0 
60 1 0 
61 5 0 
62 5 0 
63 4 0 
64 7 0 
65 6 0 
66 5 0 
67 6 0 
68 9 0 
69 3 0 
70 7 0 
71 4 0 
72 5 0 
73 2 0 
74 5 0 
75 4 0 
76 7 0 
77 4 0 
78 4 0 
79 3 0 
80 0 0 
81 7 0 
82 8 0 
83 6 0 
84 8 0 
85 8 0 
86 4 0 
87 3 0 
88 1 0 
89 4 0 
90 9 0 
91 2 0 
92 0 0 
93 6 0 
94 8 0 
95 9 0 
96 2 0 
97 6 0 
98 6 0 
99 4 0 
100 9 0 
101 5 0 
102 0 0 
103 4 0 
104 8 0 
105 7 0 
106 1 0 
107 7 0 
108 2 0 
109 7 0 
110 2 0 
111 2 0 
112 6 0 
113 1 0 
114 0 0 
115 6 0 
116 1 0 
117 5 0 
118 9 0 
119 4 0 
120 9 0 
121 0 0 
122 9 0 
123 1 0 
124 7 0 
125 7 0 
126 1 0 
127 1 0 
128 5 0 
129 9 0 
130 167 24 
131 196 31 
132 188 7 
133 191 10 
134 222 13 
135 188 29 
136 153 18 
137 159 10 
138 173 31 
139 201 6 
140 180 28 
141 176 35 
142 218 3 
143 191 7 
144 153 19 
145 181 1 
146 128 35 
147 204 16 
148 168 33 
149 162 27 
150 244 9 
151 177 11 
152 144 11 
153 187 7 
154 133 33 
155 127 29 
156 158 24 
157 139 16 
158 178 4 
159 148 16 
160 126 16 
161 204 13 
162 189 34 
163 236 14 
164 183 15 
165 209 8 
166 237 14 
167 170 14 
168 161 20 
169 121 12 
170 193 10 
171 225 14 
172 216 24 
173 205 10 
174 247 17 
175 250 18 
176 204 8 
177 239 7 
178 96 20 
179 145 18 
180 112 5 
181 114 15 
182 140 9 
183 161 18 
184 123 15 
185 126 2 
186 136 30 
187 174 24 
188 145 13 
189 183 16 
190 198 7 
191 108 19 
192 97 4 
193 168 22 
194 18 0 
195 27 30 
196 12 1 
197 39 24 
198 49 5 
199 88 29 
200 20 6 
201 108 24 
202 18 30 
203 126 18 
204 35 0 
205 161 24 
206 6 0 
207 167 18 
208 0 0 
209 15 6 
210 24 6 
211 30 2 
212 54 7 
213 56 11 
214 110 13 
215 45 7 
216 155 13 
217 18 31 
218 173 25 
219 5 0 
220 178 31 
221 0 0 
222 178 1 
223 18 0 
224 18 7 
225 27 7 
226 24 3 
227 51 8 
228 42 17 
229 93 9 
230 10 8 
231 103 8 
232 12 35 
233 115 9 
234 35 0 
235 150 8 
236 36 0 
237 186 6 
238 2 0 
239 27 8 
240 36 8 
241 42 4 
242 78 2 
243 56 5 
244 134 2 
245 0 9 
246 134 2 
247 27 30 
248 161 2 
249 10 5 
250 171 3 
251 6 0 
252 177 3 
253 14 30 
254 9 9 
255 18 9 
256 24 10 
257 42 10 
258 56 11 
259 98 11 
260 30 12 
261 128 17 
262 15 31 
263 143 23 
264 35 5 
265 178 17 
266 30 0 
267 208 12 
268 14 6 
269 21 12 
270 30 17 
271 24 16 
272 54 23 
273 28 5 
274 82 29 
275 40 13 
276 122 23 
277 0 35 
278 122 23 
279 10 1 
280 132 29 
281 54 0 
282 186 35 
283 2 31 
284 12 7 
285 21 13 
286 18 33 
287 39 19 
288 21 11 
289 60 18 
290 45 14 
291 105 20 
292 12 30 
293 117 26 
294 10 1 
295 127 25 
296 24 0 
297 151 24 
298 2 12 
299 15 8 
300 24 14 
301 0 34 
302 24 8 
303 7 5 
304 31 9 
305 10 15 
306 41 10 
307 24 31 
308 65 11 
309 30 5 
310 95 5 
311 54 0 
312 149 4 
313 10 6 
314 54 1 
315 63 31 
316 2 1 
317 65 31 
318 14 12 
319 79 18 
320 28 23 
321 107 17 
322 0 28 
323 107 29 
324 63 4 
325 170 28 
326 3 0 
327 173 34 
328 0 30 
329 45 6 
330 54 11 
331 5 2 
332 59 10 
333 16 16 
334 75 10 
335 63 24 
336 138 16 
337 0 25 
338 138 15 
339 9 4 
340 147 10 
341 0 0 
342 147 11 
343 54 30 
344 54 3 
345 63 3 
346 4 3 
347 67 4 
348 12 17 
349 79 16 
350 14 25 
351 93 15 
352 0 35 
353 93 21 
354 63 4 
355 156 21 
356 18 0 
357 174 27 
358 6 31 
359 81 1 
360 90 1 
361 7 4 
362 97 2 
363 16 5 
364 113 2 
365 0 22 
366 113 32 
367 0 24 
368 113 25 
369 18 5 
370 131 31 
371 3 0 
372 134 31 
373 42 30 
374 27 9 
375 36 15 
376 4 10 
377 40 15 
378 16 17 
379 56 15 
380 42 18 
381 98 21 
382 0 31 
383 98 27 
384 63 5 
385 161 33 
386 15 0 
387 176 3 
388 42 6 
389 63 13 
390 72 13 
391 4 17 
392 76 12 
393 8 5 
394 84 17 
395 56 19 
396 140 13 
397 0 34 
398 140 14 
399 18 1 
400 158 8 
401 27 0 
402 185 6 
403 6 31 
404 36 2 
405 45 32 
406 3 32 
407 48 26 
408 6 11 
409 54 25 
410 63 20 
411 117 19 
412 0 35 
413 117 25 
414 18 4 
415 135 25 
416 12 4 
417 147 2 
418 6 13 
419 45 2 
420 54 2 
421 0 23 
422 54 32 
423 2 4 
424 56 2 
425 14 21 
426 70 8 
427 0 26 
428 70 32 
429 54 4 
430 124 2 
431 27 17 
432 151 3 
433 30 7 
434 0 1 
435 9 1 
436 12 1 
437 21 31 
438 14 4 
439 35 32 
440 24 29 
441 59 26 
442 6 30 
443 65 26 
444 56 34 
445 121 27 
446 7 5 
447 128 29 
448 0 30 
449 0 6 
450 9 11 
451 30 14 
452 39 10 
453 16 10 
454 55 10 
455 54 20 
456 109 9 
457 6 32 
458 115 3 
459 8 5 
460 123 4 
461 0 11 
462 123 10 
463 81 24 
464 0 7 
465 9 7 
466 24 15 
467 33 8 
468 12 16 
469 45 9 
470 12 26 
471 57 9 
472 4 33 
473 61 3 
474 56 28 
475 117 33 
476 42 6 
477 159 32 
478 9 32 
479 0 8 
480 9 32 
481 42 10 
482 51 33 
483 16 11 
484 67 33 
485 0 28 
486 67 33 
487 9 18 
488 76 27 
489 16 11 
490 92 27 
491 7 7 
492 99 21 
493 63 29 
494 0 15 
495 9 15 
496 24 22 
497 33 21 
498 16 9 
499 49 21 
500 36 19 
501 85 20 
502 5 19 
503 90 14 
504 56 35 
505 146 13 
506 35 35 
507 181 7 
508 63 6 
509 0 12 
510 9 18 
511 24 16 
512 33 23 
513 8 5 
514 41 29 
515 48 15 
516 89 23 
517 0 34 
518 89 23 
519 16 2 
520 105 6 
521 63 11 
522 168 13 
523 9 7 
524 0 20 
525 9 20 
526 18 27 
527 27 21 
528 6 17 
529 33 22 
530 54 32 
531 87 22 
532 4 26 
533 91 28 
534 16 3 
535 107 4 
536 28 5 
537 135 11 
538 9 12 
539 0 14 
540 9 14 
541 0 29 
542 9 20 
543 2 34 
544 11 20 
545 12 27 
546 23 20 
547 8 25 
548 31 25 
549 48 9 
550 79 26 
551 63 12 
552 142 14 
553 45 8 
554 12 31 
555 21 31 
556 0 13 
557 21 25 
558 14 35 
559 35 25 
560 12 6 
561 47 25 
562 42 24 
563 89 25 
564 35 34 
565 124 33 
566 9 30 
567 133 33 
568 0 30 
569 10 6 
570 19 6 
571 0 2 
572 19 7 
573 16 29 
574 35 1 
575 27 7 
576 62 6 
577 42 32 
578 104 1 
579 5 35 
580 109 31 
581 0 29 
582 109 25 
583 18 24 
584 12 33 
585 21 27 
586 0 3 
587 21 27 
588 12 16 
589 33 21 
590 6 8 
591 39 15 
592 28 35 
593 67 21 
594 35 34 
595 102 28 
596 54 24 
597 156 24 
598 2 31 
599 18 14 
600 27 14 
601 0 4 
602 27 15 
603 16 35 
604 43 9 
605 0 9 
606 43 10 
607 63 18 
608 106 16 
609 10 35 
610 116 16 
611 9 2 
612 125 16 
613 14 24 
614 6 10 
615 15 10 
616 0 22 
617 15 16 
618 16 3 
619 31 15 
620 18 12 
621 49 15 
622 35 31 
623 84 21 
624 35 35 
625 119 21 
626 45 29 
627 164 28 
628 14 6 
629 14 13 
630 23 19 
631 0 16 
632 23 13 
633 8 34 
634 31 15 
635 24 18 
636 55 16 
637 0 34 
638 55 4 
639 10 1 
640 65 0 
641 81 17 
642 146 17 
643 2 32 
644 8 26 
645 17 26 
646 0 21 
647 17 27 
648 6 2 
649 23 33 
650 27 13 
651 50 33 
652 28 26 
653 78 32 
654 10 34 
655 88 34 
656 36 28 
657 124 28 
658 2 12 
659 10 32 
660 19 32 
661 0 17 
662 19 26 
663 2 28 
664 21 26 
665 6 14 
666 27 27 
667 56 25 
668 83 27 
669 30 34 
670 113 28 
671 81 13 
672 194 22 
673 10 14 
674 12 1 
675 21 25 
676 16 14 
677 37 26 
678 63 18 
679 100 20 
680 28 28 
681 128 26 
682 18 30 
683 146 26 
684 42 4 
685 188 32 
686 1 31 
687 189 33 
688 0 32 
689 10 18 
690 19 23 
691 40 15 
692 59 22 
693 72 24 
694 131 22 
695 63 24 
696 194 22 
697 18 19 
698 212 20 
699 6 5 
700 218 14 
701 0 32 
702 218 14 
703 18 6 
704 12 7 
705 21 13 
706 32 3 
707 53 14 
708 54 19 
709 107 14 
710 14 25 
711 121 14 
712 12 21 
713 133 20 
714 42 10 
715 175 16 
716 6 6 
717 181 16 
718 2 31 
719 18 8 
720 27 14 
721 56 4 
722 83 15 
723 72 25 
724 155 14 
725 0 34 
726 155 14 
727 27 30 
728 182 20 
729 12 35 
730 194 21 
731 1 1 
732 195 2 
733 14 7 
734 6 21 
735 15 22 
736 32 22 
737 47 28 
738 72 17 
739 119 22 
740 42 24 
741 161 28 
742 15 20 
743 176 21 
744 42 11 
745 218 21 
746 5 6 
747 223 20 
748 14 12 
749 14 12 
750 23 12 
751 32 16 
752 55 16 
753 36 4 
754 91 4 
755 56 21 
756 147 10 
757 0 22 
758 147 16 
759 12 3 
760 159 9 
761 9 10 
762 168 15 
763 2 13 
764 8 19 
765 17 19 
766 24 2 
767 41 20 
768 27 11 
769 68 19 
770 63 26 
771 131 26 
772 12 14 
773 143 26 
774 12 28 
775 155 32 
776 4 31 
777 159 26 
778 2 12 
779 10 25 
780 19 25 
781 0 23 
782 19 19 
783 9 5 
784 28 23 
785 14 33 
786 42 21 
787 24 31 
788 66 20 
789 36 3 
790 102 9 
791 9 12 
792 111 17 
793 10 7 
794 54 32 
795 63 26 
796 6 1 
797 69 32 
798 7 35 
799 76 34 
800 36 6 
801 112 33 
802 24 24 
803 136 27 
804 49 22 
805 185 22 
806 8 17 
807 193 16 
808 0 30 
809 45 18 
810 54 24 
811 15 27 
812 69 28 
813 8 9 
814 77 27 
815 81 7 
816 158 26 
817 24 32 
818 182 27 
819 7 17 
820 189 21 
821 0 7 
822 189 21 
823 36 6 
824 54 3 
825 63 27 
826 12 28 
827 75 27 
828 6 15 
829 81 27 
830 18 25 
831 99 26 
832 16 33 
833 115 27 
834 49 22 
835 164 28 
836 48 30 
837 212 29 
838 4 31 
839 81 31 
840 90 25 
841 21 10 
842 111 19 
843 8 30 
844 119 24 
845 0 9 
846 119 29 
847 36 23 
848 155 24 
849 14 11 
850 169 6 
851 8 7 
852 177 11 
853 28 32 
854 27 10 
855 36 16 
856 12 11 
857 48 16 
858 8 33 
859 56 21 
860 54 12 
861 110 22 
862 20 14 
863 130 22 
864 49 11 
865 179 17 
866 40 1 
867 219 17 
868 28 1 
869 63 20 
870 72 20 
871 12 17 
872 84 19 
873 4 22 
874 88 20 
875 72 20 
876 160 19 
877 0 28 
878 160 18 
879 14 2 
880 174 18 
881 72 17 
882 246 18 
883 4 13 
884 36 19 
885 45 20 
886 9 21 
887 54 20 
888 3 29 
889 57 26 
890 81 8 
891 138 20 
892 16 27 
893 154 26 
894 14 9 
895 168 8 
896 32 1 
897 200 8 
898 4 30 
899 45 33 
900 54 34 
901 0 29 
902 54 35 
903 1 28 
904 55 34 
905 18 13 
906 73 33 
907 32 20 
908 105 33 
909 42 9 
910 147 33 
911 72 13 
912 219 7 
913 20 14 
914 30 12 
915 39 12 
916 0 13 
917 39 12 
918 21 35 
919 60 18 
920 24 23 
921 84 18 
922 6 29 
923 90 18 
924 0 14 
925 90 13 
926 6 30 
927 96 19 
928 0 2 
929 25 6 
930 34 18 
931 0 15 
932 34 18 
933 24 24 
934 58 19 
935 54 29 
936 112 19 
937 6 24 
938 118 19 
939 0 4 
940 118 18 
941 0 11 
942 118 23 
943 27 6 
944 30 3 
945 39 9 
946 0 3 
947 39 3 
948 18 16 
949 57 15 
950 12 26 
951 69 27 
952 4 34 
953 73 33 
954 0 8 
955 73 3 
956 36 29 
957 109 35 
958 3 1 
959 45 8 
960 54 8 
961 0 4 
962 54 9 
963 24 30 
964 78 8 
965 0 33 
966 78 9 
967 9 18 
968 87 15 
969 0 5 
970 87 15 
971 6 2 
972 93 15 
973 21 7 
974 15 10 
975 24 22 
976 0 10 
977 24 22 
978 24 17 
979 48 22 
980 36 18 
981 84 23 
982 5 32 
983 89 22 
984 0 4 
985 89 34 
986 30 2 
987 119 3 
988 21 12 
989 35 12 
990 44 23 
991 0 13 
992 44 19 
993 12 30 
994 56 25 
995 48 19 
996 104 19 
997 0 23 
998 104 19 
999 0 2 
1000 104 25 
1001 54 35 
1002 158 24 
1003 3 8 
1004 20 7 
1005 29 13 
1006 0 2 
1007 29 13 
1008 9 29 
1009 38 19 
1010 54 32 
1011 92 26 
1012 4 26 
1013 96 27 
1014 0 8 
1015 96 9 
1016 24 5 
1017 120 9 
1018 3 15 
1019 25 33 
1020 34 33 
1021 0 3 
1022 34 33 
1023 3 16 
1024 37 27 
1025 12 27 
1026 49 28 
1027 8 25 
1028 57 29 
1029 0 3 
1030 57 27 
1031 54 11 
1032 111 4 
1033 15 14 
1034 12 1 
1035 21 2 
1036 0 21 
1037 21 32 
1038 42 4 
1039 63 34 
1040 4 6 
1041 67 34 
1042 30 30 
1043 97 34 
1044 35 34 
1045 132 4 
1046 4 5 
1047 136 0 
1048 0 30 
1049 10 6 
1050 19 7 
1051 0 15 
1052 19 8 
1053 48 24 
1054 67 32 
1055 9 7 
1056 76 8 
1057 30 31 
1058 106 1 
1059 5 5 
1060 111 11 
1061 0 35 
1062 111 5 
1063 63 25 
1064 12 7 
1065 21 1 
1066 0 29 
1067 21 31 
1068 36 5 
1069 57 1 
1070 2 19 
1071 59 25 
1072 20 21 
1073 79 26 
1074 35 11 
1075 114 20 
1076 24 29 
1077 138 21 
1078 7 31 
1079 18 8 
1080 27 9 
1081 0 10 
1082 27 9 
1083 48 5 
1084 75 10 
1085 0 9 
1086 75 10 
1087 45 22 
1088 120 16 
1089 10 35 
1090 130 17 
1091 4 0 
1092 134 17 
1093 49 32 
1094 6 1 
1095 15 25 
1096 0 11 
1097 15 24 
1098 48 17 
1099 63 17 
1100 6 12 
1101 69 23 
1102 25 19 
1103 94 22 
1104 35 11 
1105 129 22 
1106 20 18 
1107 149 23 
1108 49 1 
1109 14 11 
1110 23 11 
1111 0 16 
1112 23 17 
1113 24 28 
1114 47 23 
1115 8 18 
1116 55 29 
1117 0 33 
1118 55 29 
1119 10 4 
1120 65 35 
1121 36 0 
1122 101 6 
1123 7 19 
1124 8 28 
1125 17 29 
1126 0 27 
1127 17 28 
1128 18 35 
1129 35 35 
1130 9 8 
1131 44 34 
1132 20 23 
1133 64 34 
1134 10 35 
1135 74 4 
1136 16 22 
1137 90 34 
1138 7 35 
1139 10 21 
1140 19 15 
1141 0 29 
1142 19 22 
1143 6 34 
1144 25 22 
1145 2 20 
1146 27 21 
1147 40 27 
1148 67 20 
1149 30 34 
1150 97 21 
1151 36 18 
1152 133 23 
1153 35 12 
