0 0 -1 
1 3 0 
2 6 0 
3 7 0 
4 5 0 
5 3 0 
6 5 0 
7 6 0 
8 2 0 
9 9 0 
10 1 0 
11 2 0 
12 7 0 
13 0 0 
14 9 0 
15 3 0 
16 6 0 
17 0 0 
18 6 0 
19 2 0 
20 47 1 
21 62 4 
22 83 7 
23 37 8 
24 39 5 
25 76 6 
26 62 3 
27 32 0 
28 104 7 
29 3 0 
30 5 1 
31 0 1 
32 5 1 
33 42 2 
34 6 3 
35 8 3 
36 54 4 
37 62 4 
38 0 5 
39 21 6 
40 23 6 
41 18 7 
42 41 7 
43 42 8 
44 5 0 
45 7 2 
46 0 1 
47 7 2 
48 30 2 
49 10 3 
50 12 5 
51 27 4 
52 39 3 
53 0 5 
54 35 6 
55 37 8 
56 9 7 
57 46 6 
58 30 8 
59 6 0 
60 8 0 
61 0 1 
62 8 0 
63 54 2 
64 12 3 
65 14 0 
66 18 4 
67 32 1 
68 0 5 
69 42 6 
70 44 3 
71 6 7 
72 50 4 
73 54 8 
