25919, 23882, 20704, 21588, 30295, 32327, 24275, 26600, 28000, 26238, 
28130, 19689, 23970, 14714, 32470, 21771, 20525, 24377, 20822, 28153, 
30429, 24829, 25690, 18014, 32015, 23691, 15967, 26338, 30471, 29895, 
28316, 24221, 28149, 18049, 30756, 26413, 25063, 26732, 22236, 32463, 
22138, 14322, 22857, 10736, 28617, 15954, 17521, 22174, 12450, 23129, 
27806, 11741, 24372, 15669, 31536, 22314, 19913, 22843, 22249, 31631, 
24902, 23394, 28158, 17444, 30905, 25137, 21977, 24444, 21646, 27299, 
27371, 18438, 26459, 15751, 32990, 22374, 22141, 25183, 22113, 27777, 
29142, 25867, 23860, 21139, 29324, 30620, 21454, 23011, 30731, 30899, 
25529, 21934, 24189, 17290, 33368, 25195, 17811, 29702, 25855, 26369

