0 0 -1 
1 3 0 
2 6 0 
3 7 0 
4 5 0 
5 3 0 
6 5 0 
7 6 0 
8 2 0 
9 9 0 
10 1 0 
11 2 0 
12 7 0 
13 0 0 
14 9 0 
15 3 0 
16 6 0 
17 0 0 
18 6 0 
19 2 0 
20 6 0 
21 1 0 
22 8 0 
23 7 0 
24 9 0 
25 2 0 
26 0 0 
27 2 0 
28 3 0 
29 7 0 
30 5 0 
31 9 0 
32 2 0 
33 2 0 
34 8 0 
35 9 0 
36 7 0 
37 3 0 
38 6 0 
39 1 0 
40 2 0 
41 9 0 
42 3 0 
43 1 0 
44 9 0 
45 4 0 
46 7 0 
47 8 0 
48 4 0 
49 5 0 
50 0 0 
51 3 0 
52 172 20 
53 81 24 
54 83 5 
55 139 14 
56 106 1 
57 159 11 
58 66 4 
59 55 13 
60 174 12 
61 122 17 
62 168 0 
63 72 20 
64 44 19 
65 169 12 
66 112 16 
67 105 0 
68 87 3 
69 83 15 
70 99 2 
71 53 22 
72 219 14 
73 85 22 
74 81 16 
75 172 9 
76 130 17 
77 0 0 
78 3 0 
79 54 1 
80 57 0 
81 49 4 
82 106 0 
83 45 5 
84 151 4 
85 21 20 
86 6 0 
87 9 3 
88 12 2 
89 21 23 
90 21 9 
91 42 24 
92 15 6 
93 57 20 
94 24 21 
95 9 5 
96 12 5 
97 12 3 
98 24 5 
99 42 24 
100 66 9 
101 5 7 
102 71 5 
103 12 22 
104 21 6 
105 24 7 
106 48 8 
107 72 8 
108 7 9 
109 79 8 
110 45 10 
111 124 13 
112 15 20 
113 15 10 
114 18 14 
115 54 1 
116 72 6 
117 14 4 
118 86 1 
119 20 11 
120 106 6 
121 0 21 
122 0 1 
123 3 21 
124 54 22 
125 57 22 
126 14 23 
127 71 21 
128 81 14 
129 152 10 
130 7 15 
131 10 0 
132 13 0 
133 12 2 
134 25 2 
135 6 14 
136 31 13 
137 27 19 
138 58 14 
139 8 21 
140 15 6 
141 18 6 
142 12 3 
143 30 2 
144 12 24 
145 42 23 
146 9 12 
147 51 18 
148 4 17 
149 35 11 
150 38 11 
151 48 12 
152 86 12 
153 2 19 
154 88 13 
155 81 13 
156 169 12 
157 5 20 
158 25 10 
159 28 19 
160 54 7 
161 82 19 
162 4 24 
163 86 18 
164 36 17 
165 122 16 
166 0 16 
167 0 9 
168 3 9 
169 63 22 
170 66 23 
171 0 4 
172 66 4 
173 81 18 
174 147 3 
175 21 15 
176 4 0 
177 7 20 
178 14 2 
179 21 21 
180 0 9 
181 21 21 
182 27 23 
183 48 21 
184 24 22 
185 6 5 
186 9 4 
187 14 3 
188 23 3 
189 0 19 
190 23 23 
191 9 15 
192 32 18 
193 12 18 
194 14 11 
195 17 16 
196 56 13 
197 73 16 
198 0 14 
199 73 10 
200 81 15 
201 154 11 
202 15 18 
203 10 14 
204 13 13 
205 63 12 
206 76 14 
207 0 23 
208 76 19 
209 36 16 
210 112 15 
211 0 16 
212 0 1 
213 3 2 
214 0 8 
215 3 7 
216 42 4 
217 45 3 
218 18 5 
219 63 4 
220 42 20 
221 12 1 
222 15 1 
223 0 2 
224 15 1 
225 18 13 
226 33 8 
227 6 6 
228 39 8 
229 48 21 
230 18 10 
231 21 15 
232 0 3 
233 21 19 
234 36 19 
235 57 15 
236 2 7 
237 59 10 
238 24 23 
239 42 5 
240 45 6 
241 0 8 
242 45 7 
243 6 12 
244 51 12 
245 18 10 
246 69 7 
247 30 24 
248 30 14 
249 33 18 
250 0 7 
251 33 17 
252 12 18 
253 45 18 
254 8 11 
255 53 17 
256 0 17 
257 0 20 
258 3 24 
259 72 2 
260 75 23 
261 49 4 
262 124 24 
263 81 17 
264 205 19 
265 14 15 
266 2 1 
267 5 5 
268 16 2 
269 21 6 
270 21 4 
271 42 0 
272 27 18 
273 69 24 
274 16 21 
275 3 6 
276 6 11 
277 16 3 
278 22 2 
279 42 24 
280 64 3 
281 9 8 
282 73 7 
283 8 15 
284 7 11 
285 10 17 
286 64 8 
287 74 13 
288 7 9 
289 81 9 
290 81 13 
291 162 8 
292 10 20 
293 5 10 
294 8 10 
295 72 7 
296 80 12 
297 14 23 
298 94 17 
299 36 16 
300 130 22 
301 0 16 
