0 0 -1 
1 3 0 
2 6 0 
3 7 0 
4 5 0 
5 3 0 
6 5 0 
7 6 0 
8 2 0 
9 9 0 
10 1 0 
11 2 0 
12 7 0 
13 0 0 
14 9 0 
15 3 0 
16 6 0 
17 0 0 
18 6 0 
19 2 0 
20 6 0 
21 1 0 
22 8 0 
23 7 0 
24 9 0 
25 2 0 
26 0 0 
27 2 0 
28 3 0 
29 7 0 
30 5 0 
31 9 0 
32 2 0 
33 2 0 
34 57 5 
35 93 2 
36 109 11 
37 105 10 
38 33 0 
39 70 6 
40 73 5 
41 87 10 
42 56 4 
43 99 2 
44 94 11 
45 85 13 
46 59 0 
47 104 1 
48 125 3 
49 104 9 
50 0 0 
51 2 1 
52 6 1 
53 8 5 
54 14 3 
55 22 2 
56 35 4 
57 18 12 
58 20 8 
59 48 2 
60 68 12 
61 0 7 
62 68 15 
63 25 5 
64 6 13 
65 8 13 
66 42 6 
67 50 14 
68 14 11 
69 64 10 
70 45 8 
71 18 14 
72 20 2 
73 54 10 
74 74 6 
75 21 15 
76 95 3 
77 10 9 
78 0 0 
79 2 3 
80 5 1 
81 7 0 
82 12 3 
83 19 12 
84 14 4 
85 18 12 
86 20 15 
87 40 2 
88 60 3 
89 0 7 
90 60 3 
91 10 5 
92 6 13 
93 8 9 
94 35 6 
95 43 5 
96 12 11 
97 55 6 
98 18 8 
99 18 14 
100 20 11 
101 45 10 
102 65 10 
103 18 15 
104 83 11 
105 4 9 
106 0 0 
107 2 4 
108 1 1 
109 3 4 
110 4 3 
111 7 7 
112 49 4 
113 54 12 
114 56 12 
115 8 2 
116 64 13 
117 0 7 
118 64 0 
119 35 5 
120 18 13 
121 20 1 
122 7 6 
123 27 2 
124 4 11 
125 31 15 
126 63 8 
127 54 14 
128 56 14 
129 9 10 
130 65 14 
131 6 15 
132 71 14 
133 14 9 
134 0 0 
135 2 7 
136 9 1 
137 11 6 
138 6 3 
139 17 2 
140 42 4 
141 0 12 
142 2 0 
143 72 2 
144 74 1 
145 0 7 
146 74 0 
147 30 5 
148 0 13 
149 2 8 
150 63 6 
151 65 4 
152 6 11 
153 71 7 
154 54 8 
155 0 14 
156 2 9 
157 81 10 
158 83 8 
159 9 15 
160 92 12 
161 12 9 
