0 0 -1 
1 3 0 
2 6 0 
3 7 0 
4 5 0 
5 3 0 
6 5 0 
7 6 0 
8 2 0 
9 9 0 
10 1 0 
11 2 0 
12 7 0 
13 0 0 
14 9 0 
15 3 0 
16 6 0 
17 0 0 
18 6 0 
19 2 0 
20 6 0 
21 1 0 
22 8 0 
23 7 0 
24 9 0 
25 2 0 
26 0 0 
27 2 0 
28 3 0 
29 7 0 
30 5 0 
31 9 0 
32 2 0 
33 2 0 
34 8 0 
35 9 0 
36 7 0 
37 3 0 
38 6 0 
39 1 0 
40 2 0 
41 9 0 
42 3 0 
43 1 0 
44 9 0 
45 4 0 
46 7 0 
47 8 0 
48 4 0 
49 5 0 
50 0 0 
51 3 0 
52 6 0 
53 1 0 
54 0 0 
55 6 0 
56 3 0 
57 2 0 
58 0 0 
59 6 0 
60 1 0 
61 5 0 
62 5 0 
63 4 0 
64 7 0 
65 6 0 
66 5 0 
67 6 0 
68 9 0 
69 3 0 
70 7 0 
71 4 0 
72 5 0 
73 2 0 
74 5 0 
75 4 0 
76 7 0 
77 4 0 
78 4 0 
79 3 0 
80 0 0 
81 7 0 
82 8 0 
83 6 0 
84 8 0 
85 8 0 
86 4 0 
87 3 0 
88 1 0 
89 4 0 
90 9 0 
91 2 0 
92 0 0 
93 6 0 
94 8 0 
95 9 0 
96 2 0 
97 6 0 
98 6 0 
99 4 0 
100 9 0 
101 5 0 
102 0 0 
103 4 0 
104 8 0 
105 7 0 
106 1 0 
107 7 0 
108 2 0 
109 7 0 
110 2 0 
111 2 0 
112 6 0 
113 1 0 
114 0 0 
115 6 0 
116 1 0 
117 5 0 
118 9 0 
119 4 0 
120 9 0 
121 0 0 
122 9 0 
123 1 0 
124 7 0 
125 7 0 
126 1 0 
127 1 0 
128 5 0 
129 9 0 
130 167 15 
131 196 0 
132 188 5 
133 191 8 
134 222 1 
135 188 3 
136 153 1 
137 159 5 
138 173 0 
139 201 4 
140 180 0 
141 176 0 
142 218 15 
143 191 2 
144 153 1 
145 181 7 
146 128 2 
147 204 13 
148 168 11 
149 162 0 
150 244 7 
151 177 4 
152 144 1 
153 187 2 
154 133 8 
155 127 9 
156 158 7 
157 139 5 
158 178 15 
159 148 15 
160 126 8 
161 204 4 
162 189 14 
163 236 11 
164 183 8 
165 209 8 
166 237 8 
167 170 11 
168 161 8 
169 121 0 
170 193 0 
171 225 9 
172 216 5 
173 205 7 
174 247 9 
175 250 13 
176 204 1 
177 239 8 
178 96 3 
179 145 11 
180 112 0 
181 114 7 
182 140 15 
183 161 8 
184 123 2 
185 126 7 
186 136 11 
187 174 15 
188 145 0 
189 183 13 
190 198 7 
191 108 5 
192 97 4 
193 168 3 
194 18 0 
195 27 3 
196 12 1 
197 39 0 
198 49 3 
199 88 3 
200 20 4 
201 108 7 
202 18 12 
203 126 11 
204 35 0 
205 161 15 
206 6 0 
207 167 15 
208 0 0 
209 15 0 
210 24 3 
211 30 2 
212 54 3 
213 56 7 
214 110 3 
215 45 5 
216 155 2 
217 18 13 
218 173 2 
219 5 0 
220 178 1 
221 0 0 
222 178 1 
223 18 0 
224 18 0 
225 27 3 
226 24 6 
227 51 7 
228 42 11 
229 93 7 
230 10 8 
231 103 4 
232 12 14 
233 115 5 
234 35 0 
235 150 5 
236 36 0 
237 186 5 
238 2 0 
239 27 0 
240 36 3 
241 42 10 
242 78 15 
243 56 15 
244 134 3 
245 0 9 
246 134 0 
247 27 12 
248 161 0 
249 10 0 
250 171 12 
251 6 0 
252 177 8 
253 14 0 
254 9 1 
255 18 1 
256 24 1 
257 42 1 
258 56 3 
259 98 1 
260 30 4 
261 128 0 
262 15 13 
263 143 1 
264 35 4 
265 178 1 
266 30 0 
267 208 1 
268 14 0 
269 21 5 
270 30 5 
271 24 2 
272 54 6 
273 28 7 
274 82 6 
275 40 5 
276 122 6 
277 0 14 
278 122 10 
279 10 7 
280 132 6 
281 54 12 
282 186 2 
283 2 0 
284 12 1 
285 21 1 
286 18 6 
287 39 2 
288 21 11 
289 60 6 
290 45 8 
291 105 6 
292 12 12 
293 117 5 
294 10 4 
295 127 5 
296 24 0 
297 151 5 
298 2 0 
299 15 5 
300 24 5 
301 0 10 
302 24 9 
303 7 15 
304 31 8 
305 10 9 
306 41 8 
307 24 12 
308 65 8 
309 30 8 
310 95 9 
311 54 12 
312 149 9 
313 10 0 
314 54 14 
315 63 14 
316 2 1 
317 65 2 
318 14 3 
319 79 2 
320 28 4 
321 107 3 
322 0 12 
323 107 3 
324 63 3 
325 170 7 
326 3 12 
327 173 4 
328 0 0 
329 45 15 
330 54 15 
331 5 2 
332 59 3 
333 16 7 
334 75 7 
335 63 5 
336 138 4 
337 0 13 
338 138 4 
339 9 8 
340 147 4 
341 0 8 
342 147 4 
343 54 0 
344 54 11 
345 63 11 
346 4 6 
347 67 7 
348 12 11 
349 79 7 
350 14 8 
351 93 4 
352 0 14 
353 93 7 
354 63 6 
355 156 4 
356 18 12 
357 174 0 
358 6 0 
359 81 9 
360 90 9 
361 7 10 
362 97 9 
363 16 15 
364 113 13 
365 0 9 
366 113 13 
367 0 12 
368 113 12 
369 18 3 
370 131 15 
371 3 15 
372 134 12 
373 42 0 
374 27 2 
375 36 2 
376 4 13 
377 40 14 
378 16 2 
379 56 14 
380 42 4 
381 98 15 
382 0 13 
383 98 15 
384 63 7 
385 161 15 
386 15 13 
387 176 15 
388 42 0 
389 63 9 
390 72 9 
391 4 14 
392 76 10 
393 8 3 
394 84 11 
395 56 5 
396 140 10 
397 0 2 
398 140 10 
399 18 3 
400 158 14 
401 27 12 
402 185 14 
403 6 0 
404 36 13 
405 45 13 
406 3 1 
407 48 13 
408 6 7 
409 54 1 
410 63 8 
411 117 1 
412 0 12 
413 117 0 
414 18 6 
415 135 1 
416 12 15 
417 147 1 
418 6 0 
419 45 10 
420 54 10 
421 0 9 
422 54 9 
423 2 15 
424 56 8 
425 14 13 
426 70 8 
427 0 14 
428 70 9 
429 54 11 
430 124 10 
431 27 12 
432 151 11 
433 30 0 
434 0 13 
435 9 13 
436 12 15 
437 21 14 
438 14 3 
439 35 15 
440 24 4 
441 59 3 
442 6 13 
443 65 2 
444 56 7 
445 121 6 
446 7 8 
447 128 6 
448 0 3 
449 0 14 
450 9 14 
451 30 6 
452 39 10 
453 16 7 
454 55 11 
455 54 5 
456 109 10 
457 6 13 
458 115 9 
459 8 9 
460 123 10 
461 0 4 
462 123 9 
463 81 12 
464 0 1 
465 9 1 
466 24 6 
467 33 5 
468 12 11 
469 45 4 
470 12 8 
471 57 8 
472 4 2 
473 61 11 
474 56 6 
475 117 11 
476 42 5 
477 159 11 
478 9 2 
479 0 13 
480 9 13 
481 42 11 
482 51 12 
483 16 3 
484 67 12 
485 0 5 
486 67 0 
487 9 12 
488 76 0 
489 16 4 
490 92 4 
491 7 4 
492 99 4 
493 63 3 
494 0 1 
495 9 1 
496 24 1 
497 33 1 
498 16 3 
499 49 2 
500 36 4 
501 85 3 
502 5 13 
503 90 3 
504 56 4 
505 146 3 
506 35 4 
507 181 7 
508 63 3 
509 0 5 
510 9 9 
511 24 14 
512 33 9 
513 8 7 
514 41 5 
515 48 9 
516 89 5 
517 0 2 
518 89 5 
519 16 7 
520 105 5 
521 63 8 
522 168 5 
523 9 0 
524 0 1 
525 9 1 
526 18 6 
527 27 2 
528 6 11 
529 33 3 
530 54 8 
531 87 3 
532 4 12 
533 91 3 
534 16 5 
535 107 3 
536 28 5 
537 135 2 
538 9 0 
539 0 10 
540 9 10 
541 0 10 
542 9 11 
543 2 11 
544 11 11 
545 12 9 
546 23 10 
547 8 2 
548 31 14 
549 48 8 
550 79 14 
551 63 12 
552 142 14 
553 45 7 
554 12 14 
555 21 14 
556 0 1 
557 21 13 
558 14 3 
559 35 1 
560 12 4 
561 47 1 
562 42 12 
563 89 0 
564 35 3 
565 124 0 
566 9 12 
567 133 12 
568 0 4 
569 10 15 
570 19 15 
571 0 2 
572 19 14 
573 16 7 
574 35 15 
575 27 5 
576 62 14 
577 42 9 
578 104 9 
579 5 8 
580 109 9 
581 0 5 
582 109 9 
583 18 8 
584 12 2 
585 21 2 
586 0 6 
587 21 2 
588 12 15 
589 33 14 
590 6 8 
591 39 15 
592 28 10 
593 67 15 
594 35 6 
595 102 11 
596 54 5 
597 156 11 
598 2 0 
599 18 9 
600 27 9 
601 0 10 
602 27 9 
603 16 15 
604 43 10 
605 0 9 
606 43 10 
607 63 8 
608 106 10 
609 10 7 
610 116 6 
611 9 15 
612 125 6 
613 14 4 
614 6 6 
615 15 6 
616 0 13 
617 15 6 
618 16 15 
619 31 7 
620 18 7 
621 49 3 
622 35 13 
623 84 2 
624 35 7 
625 119 3 
626 45 13 
627 164 15 
628 14 0 
629 14 5 
630 23 5 
631 0 2 
632 23 6 
633 8 7 
634 31 6 
635 24 10 
636 55 6 
637 0 14 
638 55 10 
639 10 7 
640 65 11 
641 81 13 
642 146 15 
643 2 4 
644 8 13 
645 17 13 
646 0 1 
647 17 13 
648 6 11 
649 23 12 
650 27 4 
651 50 0 
652 28 12 
653 78 0 
654 10 3 
655 88 0 
656 36 15 
657 124 12 
658 2 4 
659 10 11 
660 19 11 
661 0 10 
662 19 11 
663 2 15 
664 21 11 
665 6 14 
666 27 15 
667 56 2 
668 83 3 
669 30 8 
670 113 7 
671 81 12 
672 194 4 
673 10 7 
674 12 14 
675 21 14 
676 16 1 
677 37 13 
678 63 3 
679 100 12 
680 28 4 
681 128 8 
682 18 12 
683 146 12 
684 42 3 
685 188 15 
686 1 10 
687 189 14 
688 0 8 
689 10 2 
690 19 2 
691 40 5 
692 59 6 
693 72 6 
694 131 6 
695 63 4 
696 194 7 
697 18 13 
698 212 11 
699 6 14 
700 218 11 
701 0 6 
702 218 11 
703 18 12 
704 12 1 
705 21 1 
706 32 6 
707 53 5 
708 54 15 
709 107 9 
710 14 8 
711 121 9 
712 12 2 
713 133 9 
714 42 2 
715 175 9 
716 6 1 
717 181 9 
718 2 12 
719 18 1 
720 27 1 
721 56 7 
722 83 2 
723 72 3 
724 155 2 
725 0 9 
726 155 2 
727 27 8 
728 182 14 
729 12 4 
730 194 8 
731 1 6 
732 195 8 
733 14 12 
734 6 1 
735 15 1 
736 32 1 
737 47 1 
738 72 5 
739 119 1 
740 42 8 
741 161 5 
742 15 12 
743 176 9 
744 42 4 
745 218 8 
746 5 9 
747 223 8 
748 14 12 
749 14 13 
750 23 13 
751 32 9 
752 55 13 
753 36 6 
754 91 9 
755 56 5 
756 147 9 
757 0 14 
758 147 10 
759 12 7 
760 159 11 
761 9 14 
762 168 10 
763 2 8 
764 8 1 
765 17 2 
766 24 1 
767 41 2 
768 27 10 
769 68 14 
770 63 8 
771 131 15 
772 12 8 
773 143 11 
774 12 4 
775 155 11 
776 4 1 
777 159 8 
778 2 8 
779 10 15 
780 19 15 
781 0 11 
782 19 11 
783 9 10 
784 28 11 
785 14 9 
786 42 8 
787 24 12 
788 66 8 
789 36 8 
790 102 8 
791 9 13 
792 111 12 
793 10 0 
794 54 13 
795 63 13 
796 6 1 
797 69 13 
798 7 3 
799 76 12 
800 36 4 
801 112 12 
802 24 12 
803 136 12 
804 49 3 
805 185 12 
806 8 8 
807 193 12 
808 0 0 
809 45 2 
810 54 6 
811 15 5 
812 69 6 
813 8 7 
814 77 7 
815 81 4 
816 158 4 
817 24 9 
818 182 8 
819 7 10 
820 189 9 
821 0 4 
822 189 5 
823 36 8 
824 54 11 
825 63 11 
826 12 6 
827 75 7 
828 6 15 
829 81 3 
830 18 8 
831 99 3 
832 16 11 
833 115 7 
834 49 2 
835 164 6 
836 48 5 
837 212 6 
838 4 12 
839 81 14 
840 90 14 
841 21 10 
842 111 14 
843 8 3 
844 119 15 
845 0 9 
846 119 15 
847 36 8 
848 155 15 
849 14 7 
850 169 3 
851 8 11 
852 177 7 
853 28 4 
854 27 6 
855 36 6 
856 12 1 
857 48 5 
858 8 15 
859 56 9 
860 54 11 
861 110 9 
862 20 12 
863 130 9 
864 49 2 
865 179 9 
866 40 7 
867 219 9 
868 28 0 
869 63 9 
870 72 9 
871 12 14 
872 84 10 
873 4 7 
874 88 10 
875 72 10 
876 160 10 
877 0 10 
878 160 14 
879 14 3 
880 174 2 
881 72 14 
882 246 14 
883 4 12 
884 36 5 
885 45 5 
886 9 5 
887 54 5 
888 3 11 
889 57 4 
890 81 4 
891 138 5 
892 16 8 
893 154 9 
894 14 6 
895 168 10 
896 32 1 
897 200 14 
898 4 4 
899 45 10 
900 54 10 
901 0 6 
902 54 10 
903 1 11 
904 55 10 
905 18 4 
906 73 6 
907 32 9 
908 105 10 
909 42 10 
910 147 10 
911 72 4 
912 219 6 
913 20 8 
914 30 13 
915 39 13 
916 0 1 
917 39 1 
918 21 3 
919 60 1 
920 24 14 
921 84 13 
922 6 13 
923 90 1 
924 0 3 
925 90 2 
926 6 8 
927 96 0 
928 0 0 
929 25 2 
930 34 2 
931 0 5 
932 34 6 
933 24 7 
934 58 7 
935 54 15 
936 112 7 
937 6 10 
938 118 7 
939 0 15 
940 118 11 
941 0 5 
942 118 7 
943 27 12 
944 30 1 
945 39 2 
946 0 5 
947 39 1 
948 18 15 
949 57 2 
950 12 3 
951 69 3 
952 4 2 
953 73 3 
954 0 2 
955 73 2 
956 36 12 
957 109 1 
958 3 12 
959 45 14 
960 54 14 
961 0 6 
962 54 10 
963 24 3 
964 78 6 
965 0 9 
966 78 10 
967 9 8 
968 87 10 
969 0 7 
970 87 11 
971 6 15 
972 93 11 
973 21 4 
974 15 6 
975 24 6 
976 0 1 
977 24 2 
978 24 15 
979 48 14 
980 36 11 
981 84 10 
982 5 12 
983 89 11 
984 0 7 
985 89 11 
986 30 11 
987 119 11 
988 21 3 
989 35 5 
990 44 5 
991 0 9 
992 44 5 
993 12 6 
994 56 6 
995 48 10 
996 104 10 
997 0 6 
998 104 6 
999 0 3 
1000 104 7 
1001 54 11 
1002 158 11 
1003 3 4 
1004 20 2 
1005 29 2 
1006 0 13 
1007 29 14 
1008 9 7 
1009 38 15 
1010 54 4 
1011 92 11 
1012 4 11 
1013 96 10 
1014 0 2 
1015 96 10 
1016 24 4 
1017 120 6 
1018 3 0 
1019 25 7 
1020 34 7 
1021 0 13 
1022 34 4 
1023 3 11 
1024 37 4 
1025 12 2 
1026 49 4 
1027 8 9 
1028 57 4 
1029 0 15 
1030 57 4 
1031 54 8 
1032 111 7 
1033 15 3 
1034 12 14 
1035 21 14 
1036 0 1 
1037 21 14 
1038 42 2 
1039 63 14 
1040 4 4 
1041 67 15 
1042 30 15 
1043 97 14 
1044 35 7 
1045 132 15 
1046 4 12 
1047 136 11 
1048 0 0 
1049 10 15 
1050 19 15 
1051 0 5 
1052 19 12 
1053 48 7 
1054 67 12 
1055 9 14 
1056 76 12 
1057 30 13 
1058 106 12 
1059 5 15 
1060 111 12 
1061 0 4 
1062 111 12 
1063 63 12 
1064 12 1 
1065 21 1 
1066 0 5 
1067 21 5 
1068 36 11 
1069 57 4 
1070 2 3 
1071 59 7 
1072 20 14 
1073 79 3 
1074 35 2 
1075 114 2 
1076 24 12 
1077 138 1 
1078 7 0 
1079 18 13 
1080 27 13 
1081 0 6 
1082 27 14 
1083 48 15 
1084 75 14 
1085 0 15 
1086 75 14 
1087 45 8 
1088 120 14 
1089 10 3 
1090 130 14 
1091 4 15 
1092 134 14 
1093 49 4 
1094 6 6 
1095 15 7 
1096 0 13 
1097 15 6 
1098 48 2 
1099 63 14 
1100 6 7 
1101 69 2 
1102 25 12 
1103 94 0 
1104 35 6 
1105 129 5 
1106 20 11 
1107 149 6 
1108 49 3 
1109 14 9 
1110 23 9 
1111 0 14 
1112 23 10 
1113 24 6 
1114 47 10 
1115 8 5 
1116 55 9 
1117 0 2 
1118 55 5 
1119 10 3 
1120 65 6 
1121 36 8 
1122 101 5 
1123 7 0 
1124 8 5 
1125 17 5 
1126 0 1 
1127 17 5 
1128 18 10 
1129 35 9 
1130 9 3 
1131 44 10 
1132 20 12 
1133 64 14 
1134 10 6 
1135 74 14 
1136 16 4 
1137 90 8 
1138 7 12 
1139 10 10 
1140 19 10 
1141 0 13 
1142 19 9 
1143 6 10 
1144 25 10 
1145 2 2 
1146 27 10 
1147 40 4 
1148 67 6 
1149 30 10 
1150 97 6 
1151 36 8 
1152 133 7 
1153 35 2 
