0 0 -1 
1 3 0 
2 6 0 
3 7 0 
4 5 0 
5 3 0 
6 5 0 
7 6 0 
8 2 0 
9 9 0 
10 1 0 
11 2 0 
12 7 0 
13 0 0 
14 9 0 
15 3 0 
16 6 0 
17 0 0 
18 6 0 
19 2 0 
20 6 0 
21 1 0 
22 8 0 
23 7 0 
24 9 0 
25 2 0 
26 0 0 
27 2 0 
28 3 0 
29 7 0 
30 5 0 
31 9 0 
32 2 0 
33 2 0 
34 8 0 
35 9 0 
36 7 0 
37 3 0 
38 6 0 
39 1 0 
40 2 0 
41 9 0 
42 3 0 
43 1 0 
44 9 0 
45 4 0 
46 7 0 
47 8 0 
48 4 0 
49 5 0 
50 0 0 
51 3 0 
52 172 12 
53 81 7 
54 83 6 
55 139 14 
56 106 7 
57 159 5 
58 66 5 
59 55 4 
60 174 12 
61 122 13 
62 168 4 
63 72 15 
64 44 8 
65 169 0 
66 112 4 
67 105 1 
68 87 1 
69 83 2 
70 99 3 
71 53 11 
72 219 11 
73 85 14 
74 81 10 
75 172 4 
76 130 6 
77 0 0 
78 3 4 
79 54 1 
80 57 5 
81 49 3 
82 106 4 
83 45 4 
84 151 8 
85 21 12 
86 6 0 
87 9 4 
88 12 2 
89 21 5 
90 21 7 
91 42 6 
92 15 5 
93 57 7 
94 24 13 
95 9 0 
96 12 4 
97 12 6 
98 24 5 
99 42 11 
100 66 6 
101 5 8 
102 71 5 
103 12 14 
104 21 0 
105 24 12 
106 48 10 
107 72 15 
108 7 15 
109 79 14 
110 45 9 
111 124 14 
112 15 12 
113 15 0 
114 18 0 
115 54 1 
116 72 1 
117 14 3 
118 86 3 
119 20 4 
120 106 7 
121 0 13 
122 0 0 
123 3 8 
124 54 14 
125 57 9 
126 14 6 
127 71 10 
128 81 8 
129 152 9 
130 7 12 
131 10 0 
132 13 8 
133 12 2 
134 25 9 
135 6 7 
136 31 10 
137 27 5 
138 58 9 
139 8 13 
140 15 12 
141 18 12 
142 12 6 
143 30 10 
144 12 11 
145 42 14 
146 9 8 
147 51 12 
148 4 10 
149 35 0 
150 38 0 
151 48 10 
152 86 14 
153 2 15 
154 88 10 
155 81 9 
156 169 14 
157 5 12 
158 25 13 
159 28 13 
160 54 2 
161 82 1 
162 4 7 
163 86 2 
164 36 4 
165 122 0 
166 0 13 
167 0 1 
168 3 5 
169 63 1 
170 66 5 
171 0 3 
172 66 1 
173 81 4 
174 147 5 
175 21 12 
176 4 2 
177 7 2 
178 14 14 
179 21 14 
180 0 3 
181 21 15 
182 27 5 
183 48 12 
184 24 13 
185 6 1 
186 9 9 
187 14 5 
188 23 9 
189 0 11 
190 23 8 
191 9 8 
192 32 11 
193 12 9 
194 14 1 
195 17 13 
196 56 9 
197 73 9 
198 0 15 
199 73 12 
200 81 9 
201 154 12 
202 15 12 
203 10 14 
204 13 15 
205 63 6 
206 76 3 
207 0 15 
208 76 7 
209 36 7 
210 112 4 
211 0 10 
212 0 3 
213 3 3 
214 0 1 
215 3 0 
216 42 10 
217 45 1 
218 18 4 
219 63 2 
220 42 8 
221 12 3 
222 15 7 
223 0 2 
224 15 3 
225 18 7 
226 33 7 
227 6 4 
228 39 4 
229 48 13 
230 18 15 
231 21 15 
232 0 6 
233 21 2 
234 36 11 
235 57 6 
236 2 8 
237 59 7 
238 24 14 
239 42 3 
240 45 0 
241 0 14 
242 45 1 
243 6 15 
244 51 3 
245 18 5 
246 69 2 
247 30 12 
248 30 13 
249 33 9 
250 0 1 
251 33 13 
252 12 3 
253 45 12 
254 8 7 
255 53 15 
256 0 9 
257 0 7 
258 3 7 
259 72 1 
260 75 0 
261 49 3 
262 124 3 
263 81 8 
264 205 7 
265 14 11 
266 2 6 
267 5 6 
268 16 2 
269 21 6 
270 21 2 
271 42 2 
272 27 15 
273 69 14 
274 16 10 
275 3 11 
276 6 11 
277 16 6 
278 22 11 
279 42 11 
280 64 10 
281 9 11 
282 73 11 
283 8 14 
284 7 1 
285 10 13 
286 64 5 
287 74 9 
288 7 14 
289 81 9 
290 81 5 
291 162 5 
292 10 8 
293 5 10 
294 8 10 
295 72 2 
296 80 2 
297 14 15 
298 94 2 
299 36 4 
300 130 6 
301 0 9 
