0 0 -1 
1 3 0 
2 6 0 
3 7 0 
4 5 0 
5 3 0 
6 5 0 
7 6 0 
8 2 0 
9 9 0 
10 1 0 
11 2 0 
12 7 0 
13 0 0 
14 9 0 
15 3 0 
16 6 0 
17 0 0 
18 6 0 
19 2 0 
20 6 0 
21 1 0 
22 8 0 
23 7 0 
24 9 0 
25 2 0 
26 0 0 
27 2 0 
28 3 0 
29 7 0 
30 5 0 
31 9 0 
32 2 0 
33 2 0 
34 8 0 
35 9 0 
36 7 0 
37 3 0 
38 6 0 
39 1 0 
40 2 0 
41 9 0 
42 3 0 
43 1 0 
44 9 0 
45 4 0 
46 7 0 
47 8 0 
48 4 0 
49 5 0 
50 0 0 
51 3 0 
52 6 0 
53 1 0 
54 0 0 
55 6 0 
56 3 0 
57 2 0 
58 0 0 
59 6 0 
60 1 0 
61 5 0 
62 5 0 
63 4 0 
64 7 0 
65 6 0 
66 5 0 
67 6 0 
68 9 0 
69 3 0 
70 7 0 
71 4 0 
72 5 0 
73 2 0 
74 5 0 
75 4 0 
76 7 0 
77 4 0 
78 4 0 
79 3 0 
80 0 0 
81 7 0 
82 8 0 
83 6 0 
84 8 0 
85 8 0 
86 4 0 
87 3 0 
88 1 0 
89 4 0 
90 9 0 
91 2 0 
92 0 0 
93 6 0 
94 8 0 
95 9 0 
96 2 0 
97 6 0 
98 6 0 
99 4 0 
100 9 0 
101 5 0 
102 0 0 
103 4 0 
104 8 0 
105 7 0 
106 1 0 
107 7 0 
108 2 0 
109 7 0 
110 2 0 
111 2 0 
112 6 0 
113 1 0 
114 0 0 
115 6 0 
116 1 0 
117 5 0 
118 9 0 
119 4 0 
120 9 0 
121 0 0 
122 9 0 
123 1 0 
124 7 0 
125 7 0 
126 1 0 
127 1 0 
128 5 0 
129 9 0 
130 7 0 
131 7 0 
132 6 0 
133 7 0 
134 3 0 
135 6 0 
136 5 0 
137 6 0 
138 3 0 
139 9 0 
140 4 0 
141 8 0 
142 1 0 
143 2 0 
144 9 0 
145 3 0 
146 9 0 
147 0 0 
148 8 0 
149 8 0 
150 5 0 
151 0 0 
152 9 0 
153 6 0 
154 3 0 
155 8 0 
156 5 0 
157 6 0 
158 1 0 
159 1 0 
160 5 0 
161 9 0 
162 8 0 
163 4 0 
164 8 0 
165 1 0 
166 0 0 
167 3 0 
168 0 0 
169 4 0 
170 4 0 
171 4 0 
172 4 0 
173 7 0 
174 6 0 
175 3 0 
176 1 0 
177 7 0 
178 5 0 
179 9 0 
180 6 0 
181 2 0 
182 1 0 
183 7 0 
184 8 0 
185 5 0 
186 7 0 
187 4 0 
188 1 0 
189 8 0 
190 5 0 
191 9 0 
192 7 0 
193 5 0 
194 3 0 
195 8 0 
196 8 0 
197 3 0 
198 1 0 
199 8 0 
200 9 0 
201 6 0 
202 181 0 
203 255 0 
204 208 1 
205 271 12 
206 256 13 
207 172 11 
208 195 9 
209 165 5 
210 310 15 
211 265 1 
212 199 9 
213 227 9 
214 212 9 
215 164 0 
216 249 3 
217 185 14 
218 213 5 
219 168 15 
220 277 4 
221 254 2 
222 195 12 
223 243 12 
224 195 3 
225 213 3 
226 256 11 
227 177 2 
228 184 2 
229 185 3 
230 336 8 
231 281 2 
232 254 15 
233 219 7 
234 233 15 
235 292 8 
236 268 15 
237 204 12 
238 232 2 
239 188 6 
240 336 11 
241 239 9 
242 250 11 
243 239 11 
244 254 2 
245 297 2 
246 261 13 
247 174 4 
248 253 1 
249 147 9 
250 318 15 
251 230 12 
252 120 12 
253 113 15 
254 110 13 
255 167 0 
256 152 10 
257 135 9 
258 109 10 
259 129 3 
260 175 2 
261 165 5 
262 297 14 
263 301 0 
264 269 8 
265 311 10 
266 303 13 
267 220 12 
268 256 10 
269 210 15 
270 398 8 
271 328 15 
272 161 10 
273 202 9 
274 179 5 
275 204 3 
276 207 2 
277 138 3 
278 185 10 
279 146 5 
280 232 5 
281 203 14 
282 297 1 
283 295 5 
284 236 8 
285 301 11 
286 347 8 
287 260 0 
288 232 12 
289 232 9 
290 406 4 
291 345 5 
292 311 4 
293 274 11 
294 245 8 
295 318 10 
296 269 11 
297 251 9 
298 189 2 
299 181 1 
300 402 0 
301 300 6 
302 15 0 
303 21 12 
304 12 1 
305 33 13 
306 0 3 
307 33 12 
308 35 4 
309 68 0 
310 24 12 
311 92 0 
312 0 0 
313 92 4 
314 54 0 
315 146 0 
316 8 0 
317 154 3 
318 18 0 
319 172 3 
320 9 0 
321 0 0 
322 6 12 
323 36 2 
324 42 15 
325 63 7 
326 105 15 
327 30 5 
328 135 4 
329 3 13 
330 138 5 
331 45 0 
332 183 4 
333 48 0 
334 231 0 
335 8 0 
336 239 4 
337 9 0 
338 248 0 
339 7 0 
340 12 0 
341 18 0 
342 6 6 
343 24 1 
344 7 11 
345 31 0 
346 35 8 
347 66 0 
348 6 14 
349 72 0 
350 30 0 
351 102 12 
352 24 0 
353 126 13 
354 14 0 
355 140 12 
356 63 0 
357 203 13 
358 5 0 
359 24 0 
360 30 0 
361 0 10 
362 30 3 
363 49 15 
364 79 3 
365 15 9 
366 94 7 
367 27 12 
368 121 7 
369 15 0 
370 136 4 
371 48 0 
372 184 4 
373 12 0 
374 196 0 
375 72 0 
376 268 0 
377 3 0 
378 21 0 
379 27 12 
380 36 1 
381 63 13 
382 49 3 
383 112 14 
384 30 4 
385 142 0 
386 9 13 
387 151 1 
388 40 4 
389 191 5 
390 6 0 
391 197 1 
392 6 0 
393 203 13 
394 45 1 
395 248 14 
396 8 12 
397 3 0 
398 9 0 
399 6 2 
400 15 1 
401 7 7 
402 22 6 
403 25 5 
404 47 6 
405 27 14 
406 74 6 
407 25 5 
408 99 6 
409 0 3 
410 99 6 
411 2 0 
412 101 7 
413 63 13 
414 164 11 
415 8 15 
416 21 0 
417 27 12 
418 30 6 
419 57 2 
420 7 11 
421 64 2 
422 30 8 
423 94 8 
424 0 12 
425 94 8 
426 30 7 
427 124 8 
428 18 3 
429 142 8 
430 14 0 
431 156 8 
432 36 2 
433 192 8 
434 3 14 
435 6 0 
436 12 0 
437 54 10 
438 66 9 
439 35 15 
440 101 9 
441 15 9 
442 116 9 
443 24 13 
444 140 9 
445 5 8 
446 145 9 
447 0 3 
448 145 5 
449 10 0 
450 155 5 
451 9 6 
452 164 5 
453 1 10 
454 21 0 
455 27 12 
456 24 1 
457 51 13 
458 63 3 
459 114 14 
460 45 4 
461 159 15 
462 24 12 
463 183 11 
464 5 4 
465 188 8 
466 24 3 
467 212 11 
468 18 0 
469 230 15 
470 72 9 
471 302 12 
472 8 11 
473 6 0 
474 12 0 
475 54 2 
476 66 1 
477 49 7 
478 115 5 
479 20 8 
480 135 5 
481 15 12 
482 150 1 
483 25 5 
484 175 1 
485 24 3 
486 199 1 
487 12 0 
488 211 1 
489 45 2 
490 256 1 
491 9 12 
492 10 0 
493 16 12 
494 14 1 
495 30 13 
496 0 15 
497 30 14 
498 63 4 
499 93 10 
500 24 12 
501 117 9 
502 0 8 
503 117 10 
504 0 3 
505 117 10 
506 24 0 
507 141 10 
508 4 5 
509 145 9 
510 54 14 
511 0 0 
512 6 12 
513 42 2 
514 48 15 
515 0 7 
516 48 15 
517 54 5 
518 102 9 
519 3 9 
520 105 5 
521 54 4 
522 159 9 
523 0 11 
524 159 10 
525 24 0 
526 183 11 
527 2 1 
528 185 9 
529 42 10 
530 8 0 
531 14 3 
532 7 6 
533 21 2 
534 0 10 
535 21 14 
536 63 8 
537 84 13 
538 6 15 
539 90 13 
540 36 7 
541 126 3 
542 0 2 
543 126 7 
544 42 0 
545 168 3 
546 14 9 
547 182 9 
548 30 12 
549 16 0 
550 22 3 
551 0 14 
552 22 15 
553 0 15 
554 22 14 
555 27 6 
556 49 2 
557 27 11 
558 76 6 
559 18 8 
560 94 7 
561 0 3 
562 94 3 
563 36 0 
564 130 3 
565 16 13 
566 146 0 
567 18 15 
568 14 0 
569 20 0 
570 42 13 
571 62 12 
572 0 3 
573 62 15 
574 54 5 
575 116 3 
576 9 14 
577 125 3 
578 48 4 
579 173 3 
580 0 3 
581 173 15 
582 18 0 
583 191 3 
584 10 1 
585 201 3 
586 48 15 
587 2 0 
588 8 0 
589 7 1 
590 15 1 
591 0 11 
592 15 10 
593 45 5 
594 60 6 
595 27 14 
596 87 2 
597 30 6 
598 117 14 
599 0 3 
600 117 15 
601 6 0 
602 123 3 
603 14 13 
604 137 2 
605 48 15 
606 14 0 
607 20 4 
608 35 2 
609 55 7 
610 0 11 
611 55 7 
612 54 9 
613 109 6 
614 0 12 
615 109 10 
616 36 7 
617 145 10 
618 0 3 
619 145 6 
620 42 0 
621 187 5 
622 8 2 
623 195 5 
624 18 14 
625 4 4 
626 10 4 
627 63 10 
628 73 6 
629 0 14 
630 73 6 
631 27 9 
632 100 6 
633 24 13 
634 124 2 
635 6 8 
636 130 6 
637 0 3 
638 130 3 
639 30 12 
640 160 3 
641 2 13 
642 162 3 
643 6 10 
644 14 4 
645 20 4 
646 28 1 
647 48 5 
648 0 15 
649 48 6 
650 81 8 
651 129 7 
652 24 8 
653 153 4 
654 6 7 
655 159 4 
656 0 3 
657 159 7 
658 54 12 
659 213 4 
660 16 9 
661 229 4 
662 48 11 
663 4 0 
664 10 12 
665 63 2 
666 73 15 
667 0 11 
668 73 15 
669 36 9 
670 109 14 
671 15 15 
672 124 14 
673 30 9 
674 154 14 
675 0 15 
676 154 14 
677 36 0 
678 190 14 
679 10 6 
680 200 2 
681 54 12 
682 5 0 
683 11 4 
684 16 1 
685 27 0 
686 0 3 
687 27 0 
688 63 4 
689 90 0 
690 16 12 
691 106 0 
692 0 8 
693 106 12 
694 18 2 
695 124 0 
696 12 11 
697 136 12 
698 14 1 
699 150 12 
700 45 13 
701 0 3 
702 6 15 
703 48 2 
704 54 14 
705 63 7 
706 117 10 
707 54 5 
708 171 10 
709 2 8 
710 173 10 
711 0 4 
712 173 11 
713 16 6 
714 189 11 
715 12 15 
716 201 11 
717 7 1 
718 208 8 
719 35 2 
720 4 1 
721 10 1 
722 8 6 
723 18 5 
724 7 11 
725 25 4 
726 63 8 
727 88 4 
728 4 15 
729 92 8 
730 0 7 
731 92 8 
732 8 2 
733 100 2 
734 21 12 
735 121 2 
736 49 5 
737 170 2 
738 25 12 
739 8 0 
740 14 12 
741 0 10 
742 14 15 
743 49 15 
744 63 14 
745 27 9 
746 90 10 
747 18 12 
748 108 14 
749 0 4 
750 108 15 
751 16 7 
752 124 3 
753 18 13 
754 142 15 
755 56 14 
756 198 3 
757 15 15 
758 7 6 
759 13 6 
760 48 1 
761 61 5 
762 49 3 
763 110 4 
764 54 4 
765 164 7 
766 6 14 
767 170 3 
768 0 9 
769 170 15 
770 2 10 
771 172 15 
772 9 8 
773 181 15 
774 35 5 
775 216 11 
776 40 11 
777 1 11 
778 7 11 
779 8 2 
780 15 15 
781 7 7 
782 22 3 
783 45 6 
784 67 7 
785 18 14 
786 85 6 
787 0 5 
788 85 6 
789 0 5 
790 85 6 
791 3 14 
792 88 6 
793 49 13 
794 137 2 
795 40 14 
796 7 11 
797 13 15 
798 40 6 
799 53 11 
800 7 10 
801 60 11 
802 54 13 
803 114 8 
804 0 12 
805 114 8 
806 0 7 
807 114 8 
808 6 2 
809 120 2 
810 21 14 
811 141 2 
812 28 2 
813 169 2 
814 15 14 
815 2 7 
816 8 7 
817 72 14 
818 80 6 
819 35 14 
820 115 6 
821 27 5 
822 142 6 
823 16 13 
824 158 5 
825 0 8 
826 158 4 
827 0 3 
828 158 0 
829 15 12 
830 173 0 
831 7 6 
832 180 3 
833 5 10 
834 7 4 
835 13 8 
836 32 2 
837 45 12 
838 63 3 
839 108 15 
840 81 4 
841 189 12 
842 16 8 
843 205 13 
844 0 4 
845 205 12 
846 8 6 
847 213 8 
848 27 8 
849 240 8 
850 56 1 
851 296 8 
852 40 11 
853 2 3 
854 8 3 
855 72 6 
856 80 2 
857 49 7 
858 129 6 
859 36 8 
860 165 7 
861 10 15 
862 175 7 
863 0 9 
864 175 6 
865 8 14 
866 183 6 
867 18 14 
868 201 2 
869 35 2 
870 236 2 
871 45 15 
872 45 0 
873 51 0 
874 4 1 
875 55 0 
876 0 3 
877 55 0 
878 56 4 
879 111 0 
880 72 12 
881 183 12 
882 0 11 
883 183 15 
884 27 2 
885 210 14 
886 24 11 
887 234 15 
888 2 5 
889 236 11 
890 18 2 
891 0 2 
892 6 2 
893 12 2 
894 18 2 
895 18 7 
896 36 6 
897 48 5 
898 84 6 
899 9 8 
900 93 7 
901 63 4 
902 156 7 
903 24 6 
904 180 7 
905 24 5 
906 204 7 
907 1 1 
908 205 3 
909 14 6 
910 36 1 
911 42 1 
912 2 6 
913 44 5 
914 2 11 
915 46 4 
916 56 9 
917 102 4 
918 18 15 
919 120 0 
920 42 7 
921 162 3 
922 12 1 
923 174 3 
924 42 13 
925 216 3 
926 7 9 
927 223 15 
928 10 12 
929 72 3 
930 78 15 
931 0 10 
932 78 11 
933 14 11 
934 92 11 
935 24 9 
936 116 10 
937 81 11 
938 197 10 
939 21 11 
940 218 10 
941 24 7 
942 242 10 
943 36 9 
944 278 10 
945 8 13 
946 286 9 
947 6 12 
948 63 7 
949 69 4 
950 12 1 
951 81 0 
952 14 3 
953 95 0 
954 48 4 
955 143 0 
956 27 14 
957 170 3 
958 56 8 
959 226 3 
960 3 10 
961 229 3 
962 18 9 
963 247 15 
964 5 13 
965 252 12 
966 16 11 
967 9 4 
968 15 4 
969 2 1 
970 17 5 
971 2 7 
972 19 4 
973 40 5 
974 59 4 
975 81 13 
976 140 8 
977 35 4 
978 175 8 
979 0 1 
980 175 12 
981 6 14 
982 181 12 
983 7 13 
984 188 12 
985 16 15 
986 63 0 
987 69 0 
988 10 2 
989 79 1 
990 2 10 
991 81 13 
992 48 13 
993 129 9 
994 0 13 
995 129 13 
996 42 7 
997 171 2 
998 9 3 
999 180 2 
1000 42 14 
1001 222 2 
1002 4 1 
1003 226 2 
1004 6 14 
1005 18 7 
1006 24 4 
1007 18 6 
1008 42 7 
1009 10 11 
1010 52 11 
1011 24 5 
1012 76 7 
1013 72 13 
1014 148 6 
1015 7 8 
1016 155 7 
1017 0 7 
1018 155 6 
1019 30 15 
1020 185 6 
1021 1 10 
1022 186 6 
1023 2 10 
1024 63 4 
1025 69 8 
1026 8 1 
1027 77 12 
1028 18 3 
1029 95 12 
1030 72 4 
1031 167 12 
1032 72 12 
1033 239 0 
1034 7 7 
1035 246 3 
1036 12 6 
1037 258 7 
1038 54 9 
1039 312 7 
1040 8 9 
1041 320 11 
1042 16 11 
1043 18 3 
1044 24 3 
1045 18 6 
1046 42 7 
1047 14 7 
1048 56 7 
1049 32 9 
1050 88 4 
1051 45 8 
1052 133 4 
1053 35 9 
1054 168 4 
1055 12 10 
1056 180 8 
1057 36 10 
1058 216 8 
1059 5 1 
1060 221 9 
1061 18 8 
1062 45 0 
1063 51 12 
1064 6 1 
1065 57 13 
1066 0 3 
1067 57 14 
1068 63 4 
1069 120 15 
1070 32 12 
1071 152 15 
1072 0 11 
1073 152 12 
1074 72 3 
1075 224 15 
1076 16 7 
1077 240 11 
1078 10 1 
1079 250 15 
1080 0 9 
1081 0 6 
1082 6 10 
1083 18 2 
1084 24 6 
1085 9 7 
1086 33 6 
1087 54 5 
1088 87 6 
1089 4 8 
1090 91 10 
1091 63 4 
1092 154 11 
1093 64 6 
1094 218 11 
1095 16 4 
1096 234 11 
1097 5 1 
1098 239 8 
1099 0 10 
1100 36 5 
1101 42 5 
1102 3 6 
1103 45 5 
1104 1 6 
1105 46 5 
1106 63 9 
1107 109 9 
1108 8 15 
1109 117 10 
1110 42 7 
1111 159 10 
1112 32 1 
1113 191 6 
1114 28 12 
1115 219 7 
1116 35 5 
1117 254 6 
1118 0 12 
1119 72 9 
1120 78 9 
1121 0 14 
1122 78 13 
1123 7 15 
1124 85 14 
1125 27 10 
1126 112 10 
1127 36 12 
1128 148 14 
1129 21 8 
1130 169 14 
1131 64 1 
1132 233 14 
1133 24 14 
1134 257 2 
1135 40 14 
1136 297 2 
1137 0 15 
1138 63 6 
1139 69 10 
1140 18 1 
1141 87 6 
1142 7 3 
1143 94 7 
1144 54 4 
1145 148 7 
1146 12 15 
1147 160 11 
1148 56 4 
1149 216 7 
1150 8 10 
1151 224 11 
1152 12 8 
1153 236 8 
1154 25 5 
1155 261 9 
1156 0 12 
1157 9 11 
1158 15 8 
1159 3 1 
1160 18 12 
1161 1 7 
1162 19 8 
1163 45 5 
1164 64 8 
1165 36 13 
1166 100 8 
1167 35 6 
1168 135 4 
1169 0 5 
1170 135 5 
1171 4 2 
1172 139 5 
1173 35 13 
1174 174 5 
1175 0 15 
1176 63 10 
1177 69 10 
1178 15 2 
1179 84 14 
1180 1 14 
1181 85 14 
1182 54 9 
1183 139 13 
1184 0 12 
1185 139 12 
1186 42 6 
1187 181 0 
1188 24 14 
1189 205 0 
1190 28 1 
1191 233 0 
1192 20 2 
1193 253 1 
1194 0 15 
1195 18 8 
1196 24 8 
1197 27 10 
1198 51 9 
1199 5 2 
1200 56 10 
1201 27 13 
1202 83 9 
1203 32 13 
1204 115 9 
1205 7 4 
1206 122 9 
1207 0 3 
1208 122 13 
1209 20 14 
1210 142 1 
1211 5 10 
1212 147 13 
1213 0 13 
1214 63 7 
1215 69 3 
1216 12 2 
1217 81 3 
1218 9 7 
1219 90 7 
1220 81 4 
1221 171 7 
1222 32 8 
1223 203 4 
1224 7 7 
1225 210 4 
1226 32 5 
1227 242 4 
1228 36 9 
1229 278 8 
1230 40 2 
1231 318 12 
1232 0 12 
1233 18 2 
1234 24 2 
1235 27 6 
1236 51 2 
1237 7 11 
1238 58 14 
1239 36 10 
1240 94 14 
1241 20 15 
1242 114 14 
1243 35 8 
1244 149 14 
1245 32 15 
1246 181 14 
1247 24 6 
1248 205 14 
1249 25 14 
1250 230 15 
1251 0 12 
1252 15 0 
1253 21 12 
1254 12 1 
1255 33 13 
1256 0 3 
1257 33 14 
1258 0 4 
1259 33 15 
1260 48 12 
1261 81 15 
1262 0 8 
1263 81 12 
1264 18 3 
1265 99 15 
1266 0 8 
1267 99 12 
1268 12 5 
1269 111 8 
1270 9 13 
1271 0 3 
1272 6 3 
1273 36 2 
1274 42 3 
1275 9 7 
1276 51 3 
1277 0 5 
1278 51 7 
1279 6 10 
1280 57 7 
1281 27 4 
1282 84 7 
1283 16 6 
1284 100 7 
1285 0 5 
1286 100 7 
1287 6 1 
1288 106 3 
1289 7 9 
1290 12 1 
1291 18 1 
1292 6 1 
1293 24 1 
1294 1 11 
1295 25 2 
1296 0 9 
1297 25 2 
1298 12 14 
1299 37 3 
1300 18 11 
1301 55 15 
1302 8 1 
1303 63 14 
1304 0 13 
1305 63 13 
1306 42 9 
1307 105 14 
1308 5 12 
1309 24 5 
1310 30 5 
1311 0 13 
1312 30 9 
1313 7 11 
1314 37 10 
1315 0 5 
1316 37 9 
1317 54 11 
1318 91 8 
1319 9 11 
1320 100 8 
1321 16 7 
1322 116 4 
1323 0 14 
1324 116 0 
1325 48 14 
1326 164 3 
1327 3 12 
1328 21 6 
1329 27 10 
1330 36 13 
1331 63 9 
1332 7 3 
1333 70 5 
1334 0 4 
1335 70 1 
1336 18 15 
1337 88 13 
1338 24 4 
1339 112 1 
1340 2 10 
1341 114 5 
1342 0 5 
1343 114 9 
1344 30 5 
1345 144 9 
1346 8 15 
1347 3 4 
1348 9 4 
1349 6 1 
1350 15 5 
1351 1 7 
1352 16 4 
1353 0 5 
1354 16 4 
1355 54 2 
1356 70 7 
1357 15 5 
1358 85 6 
1359 0 5 
1360 85 5 
1361 0 13 
1362 85 1 
1363 42 1 
1364 127 5 
1365 8 15 
1366 21 10 
1367 27 9 
1368 30 2 
1369 57 10 
1370 1 6 
1371 58 10 
1372 0 8 
1373 58 10 
1374 0 14 
1375 58 10 
1376 18 6 
1377 76 10 
1378 6 2 
1379 82 10 
1380 0 2 
1381 82 10 
1382 24 2 
1383 106 10 
1384 3 14 
1385 6 6 
1386 12 10 
1387 54 13 
1388 66 9 
1389 5 14 
1390 71 13 
1391 0 13 
1392 71 9 
1393 48 14 
1394 119 13 
1395 3 8 
1396 122 12 
1397 0 2 
1398 122 15 
1399 0 1 
1400 122 3 
1401 6 6 
1402 128 3 
1403 1 13 
1404 21 1 
1405 27 1 
1406 24 1 
1407 51 1 
1408 9 3 
1409 60 1 
1410 0 9 
1411 60 1 
1412 48 8 
1413 108 13 
1414 3 6 
1415 111 1 
1416 8 2 
1417 119 1 
1418 0 8 
1419 119 1 
1420 48 10 
1421 167 2 
1422 8 9 
1423 6 2 
1424 12 14 
1425 54 2 
1426 66 14 
1427 7 11 
1428 73 15 
1429 0 9 
1430 73 11 
1431 30 12 
1432 103 15 
1433 15 5 
1434 118 4 
1435 8 15 
1436 126 4 
1437 0 10 
1438 126 4 
1439 30 7 
1440 156 4 
1441 9 14 
1442 25 0 
1443 31 0 
1444 10 1 
1445 41 0 
1446 0 3 
1447 41 0 
1448 49 4 
1449 90 0 
1450 48 12 
1451 138 12 
1452 0 8 
1453 138 12 
1454 54 3 
1455 192 15 
1456 36 15 
1457 228 14 
1458 6 1 
1459 234 14 
1460 63 13 
1461 0 3 
1462 6 15 
1463 30 2 
1464 36 14 
1465 36 7 
1466 72 10 
1467 42 5 
1468 114 9 
1469 6 8 
1470 120 9 
1471 45 4 
1472 165 9 
1473 48 6 
1474 213 5 
1475 36 15 
1476 249 4 
1477 3 1 
1478 252 0 
1479 49 9 
1480 20 5 
1481 26 9 
1482 5 6 
1483 31 10 
1484 4 6 
1485 35 6 
1486 49 9 
1487 84 10 
1488 12 14 
1489 96 10 
1490 30 11 
1491 126 10 
1492 24 2 
1493 150 14 
1494 63 12 
1495 213 13 
1496 21 5 
1497 234 9 
1498 35 12 
1499 40 5 
1500 46 9 
1501 0 13 
1502 46 9 
1503 28 15 
1504 74 10 
1505 21 10 
1506 95 9 
1507 54 12 
1508 149 9 
1509 15 11 
1510 164 9 
1511 48 7 
1512 212 10 
1513 54 9 
1514 266 10 
1515 24 13 
1516 290 10 
1517 21 15 
1518 35 3 
1519 41 3 
1520 30 1 
1521 71 2 
1522 28 3 
1523 99 2 
1524 42 4 
1525 141 6 
1526 18 13 
1527 159 10 
1528 40 4 
1529 199 9 
1530 6 7 
1531 205 5 
1532 27 9 
1533 232 9 
1534 15 13 
1535 247 9 
1536 56 12 
1537 5 4 
1538 11 8 
1539 5 2 
1540 16 9 
1541 4 7 
1542 20 9 
1543 35 5 
1544 55 9 
1545 54 15 
1546 109 8 
1547 25 5 
1548 134 8 
1549 0 3 
1550 134 8 
1551 9 14 
1552 143 8 
1553 21 13 
1554 164 12 
1555 56 14 
1556 35 2 
1557 41 2 
1558 25 6 
1559 66 2 
1560 4 6 
1561 70 2 
1562 42 8 
1563 112 6 
1564 0 14 
1565 112 2 
1566 30 6 
1567 142 6 
1568 18 7 
1569 160 6 
1570 63 14 
1571 223 2 
1572 12 13 
1573 235 14 
1574 21 15 
1575 10 6 
1576 16 5 
1577 45 14 
1578 61 1 
1579 20 3 
1580 81 2 
1581 21 9 
1582 102 6 
1583 48 12 
1584 150 7 
1585 5 8 
1586 155 7 
1587 0 7 
1588 155 7 
1589 45 12 
1590 200 11 
1591 3 6 
1592 203 11 
1593 7 13 
1594 35 1 
1595 41 1 
1596 20 13 
1597 61 1 
1598 36 3 
1599 97 1 
1600 63 4 
1601 160 1 
1602 48 8 
1603 208 5 
1604 5 4 
1605 213 1 
1606 24 6 
1607 237 1 
1608 81 11 
1609 318 15 
1610 24 10 
1611 342 11 
1612 56 9 
1613 10 2 
1614 16 2 
1615 45 6 
1616 61 2 
1617 28 7 
1618 89 6 
1619 28 10 
1620 117 6 
1621 30 15 
1622 147 7 
1623 25 11 
1624 172 11 
1625 24 10 
1626 196 11 
1627 54 11 
1628 250 7 
1629 15 11 
1630 265 11 
1631 63 14 
1632 20 0 
1633 26 0 
1634 10 1 
1635 36 0 
1636 0 3 
1637 36 0 
1638 35 4 
1639 71 0 
1640 32 12 
1641 103 12 
1642 0 8 
1643 103 12 
1644 36 2 
1645 139 15 
1646 16 15 
1647 155 14 
1648 6 5 
1649 161 10 
1650 0 9 
1651 0 3 
1652 6 15 
1653 30 2 
1654 36 14 
1655 18 7 
1656 54 10 
1657 30 5 
1658 84 10 
1659 4 8 
1660 88 10 
1661 63 4 
1662 151 11 
1663 32 3 
1664 183 11 
1665 16 15 
1666 199 11 
1667 3 1 
1668 202 8 
1669 0 2 
1670 16 1 
1671 22 1 
1672 5 1 
1673 27 1 
1674 2 11 
1675 29 5 
1676 35 9 
1677 64 5 
1678 8 14 
1679 72 5 
1680 42 11 
1681 114 5 
1682 16 2 
1683 130 5 
1684 28 12 
1685 158 5 
1686 21 5 
1687 179 5 
1688 0 12 
1689 32 0 
1690 38 1 
1691 0 13 
1692 38 13 
1693 14 15 
1694 52 14 
1695 15 7 
1696 67 15 
1697 36 11 
1698 103 15 
1699 21 4 
1700 124 3 
1701 32 7 
1702 156 3 
1703 24 13 
1704 180 3 
1705 24 13 
1706 204 3 
1707 0 15 
1708 28 5 
1709 34 5 
1710 30 9 
1711 64 9 
1712 14 3 
1713 78 2 
1714 30 5 
1715 108 2 
1716 12 9 
1717 120 2 
1718 56 9 
1719 176 2 
1720 4 7 
1721 180 2 
1722 12 13 
1723 192 2 
1724 15 1 
1725 207 2 
1726 0 12 
1727 4 4 
1728 10 4 
1729 5 1 
1730 15 0 
1731 2 7 
1732 17 0 
1733 25 6 
1734 42 3 
1735 36 12 
1736 78 3 
1737 35 5 
1738 113 3 
1739 0 3 
1740 113 3 
1741 4 14 
1742 117 3 
1743 21 5 
1744 138 3 
1745 0 14 
1746 28 2 
1747 34 2 
1748 25 6 
1749 59 2 
1750 2 10 
1751 61 14 
1752 30 9 
1753 91 10 
1754 0 8 
1755 91 9 
1756 42 11 
1757 133 10 
1758 12 7 
1759 145 10 
1760 28 15 
1761 173 11 
1762 12 1 
1763 185 10 
1764 0 15 
1765 8 4 
1766 14 8 
1767 45 10 
1768 59 8 
1769 10 15 
1770 69 8 
1771 15 4 
1772 84 4 
1773 32 12 
1774 116 8 
1775 7 8 
1776 123 9 
1777 0 3 
1778 123 13 
1779 20 12 
1780 143 13 
1781 3 6 
1782 146 1 
1783 0 13 
1784 28 1 
1785 34 5 
1786 20 14 
1787 54 1 
1788 18 11 
1789 72 10 
1790 45 11 
1791 117 10 
1792 32 8 
1793 149 10 
1794 7 9 
1795 156 10 
1796 16 2 
1797 172 6 
1798 36 12 
1799 208 7 
1800 24 9 
1801 232 6 
1802 0 8 
1803 8 3 
1804 14 3 
1805 45 2 
1806 59 3 
1807 14 11 
1808 73 15 
1809 20 10 
1810 93 15 
1811 20 8 
1812 113 15 
1813 35 13 
1814 148 14 
1815 16 15 
1816 164 14 
1817 24 10 
1818 188 14 
1819 15 10 
1820 203 10 
1821 0 12 
1822 35 0 
1823 41 12 
1824 16 1 
1825 57 13 
1826 0 3 
1827 57 1 
1828 56 4 
1829 113 1 
1830 64 12 
1831 177 1 
1832 0 8 
1833 177 1 
1834 27 3 
1835 204 1 
1836 4 15 
1837 208 0 
1838 8 1 
1839 216 1 
1840 81 12 
1841 0 6 
1842 6 10 
1843 48 2 
1844 54 6 
1845 54 7 
1846 108 6 
1847 48 5 
1848 156 6 
1849 8 13 
1850 164 5 
1851 36 4 
1852 200 5 
1853 24 11 
1854 224 4 
1855 4 15 
1856 228 7 
1857 4 1 
1858 232 4 
1859 63 8 
1860 28 6 
1861 34 5 
1862 8 6 
1863 42 5 
1864 6 11 
1865 48 4 
1866 56 9 
1867 104 8 
1868 16 14 
1869 120 12 
1870 24 11 
1871 144 12 
1872 12 8 
1873 156 12 
1874 7 12 
1875 163 12 
1876 28 5 
1877 191 12 
1878 45 12 
1879 56 7 
1880 62 7 
1881 0 10 
1882 62 11 
1883 42 15 
1884 104 15 
1885 24 5 
1886 128 11 
1887 72 12 
1888 200 15 
1889 12 4 
1890 212 12 
1891 24 15 
1892 236 8 
1893 6 13 
1894 242 12 
1895 32 13 
1896 274 15 
1897 27 15 
1898 49 11 
1899 55 11 
1900 48 10 
1901 103 11 
1902 42 3 
1903 145 15 
1904 48 4 
1905 193 11 
1906 24 9 
1907 217 11 
1908 32 9 
1909 249 11 
1910 3 10 
1911 252 11 
1912 3 13 
1913 255 8 
1914 20 5 
1915 275 8 
1916 72 12 
1917 7 4 
1918 13 4 
1919 8 2 
1920 21 7 
1921 6 7 
1922 27 7 
1923 40 5 
1924 67 7 
1925 72 14 
1926 139 6 
1927 20 4 
1928 159 5 
1929 0 9 
1930 159 5 
1931 1 14 
1932 160 1 
1933 28 13 
1934 188 1 
1935 72 15 
1936 49 11 
1937 55 11 
1938 40 6 
1939 95 7 
1940 6 15 
1941 101 11 
1942 48 9 
1943 149 10 
1944 0 13 
1945 149 10 
1946 24 11 
1947 173 10 
1948 9 7 
1949 182 10 
1950 7 13 
1951 189 14 
1952 16 13 
1953 205 13 
1954 27 15 
1955 14 7 
1956 20 6 
1957 72 14 
1958 92 10 
1959 30 3 
1960 122 11 
1961 24 4 
1962 146 7 
1963 64 9 
1964 210 4 
1965 4 8 
1966 214 4 
1967 0 7 
1968 214 4 
1969 5 12 
1970 219 4 
1971 4 6 
1972 223 5 
1973 9 9 
1974 49 7 
1975 55 6 
1976 32 5 
1977 87 6 
1978 54 7 
1979 141 7 
1980 72 5 
1981 213 4 
1982 64 13 
1983 277 5 
1984 4 9 
1985 281 5 
1986 12 3 
1987 293 1 
1988 9 14 
1989 302 1 
1990 32 1 
1991 334 5 
1992 72 8 
1993 14 11 
1994 20 11 
1995 72 6 
1996 92 7 
1997 42 15 
1998 134 11 
1999 32 10 
2000 166 11 
2001 40 15 
2002 206 11 
2003 20 4 
2004 226 8 
2005 12 15 
2006 238 11 
2007 6 10 
2008 244 10 
2009 20 6 
2010 264 6 
2011 81 12 
2012 10 0 
2013 16 0 
2014 0 1 
2015 16 0 
2016 0 3 
2017 16 0 
2018 56 4 
2019 72 0 
2020 72 12 
2021 144 12 
2022 0 8 
2023 144 12 
2024 54 3 
2025 198 0 
2026 24 7 
2027 222 4 
2028 8 1 
2029 230 4 
2030 81 12 
2031 0 3 
2032 6 15 
2033 0 2 
2034 6 14 
2035 54 7 
2036 60 10 
2037 48 5 
2038 108 9 
2039 9 8 
2040 117 9 
2041 18 4 
2042 135 9 
2043 48 11 
2044 183 10 
2045 24 15 
2046 207 11 
2047 4 2 
2048 211 15 
2049 63 6 
2050 8 6 
2051 14 10 
2052 0 1 
2053 14 9 
2054 6 11 
2055 20 10 
2056 56 8 
2057 76 9 
2058 18 15 
2059 94 8 
2060 12 10 
2061 106 8 
2062 24 8 
2063 130 11 
2064 42 12 
2065 172 8 
2066 28 10 
2067 200 11 
2068 45 12 
2069 16 7 
2070 22 7 
2071 0 13 
2072 22 7 
2073 42 11 
2074 64 6 
2075 24 11 
2076 88 7 
2077 81 12 
2078 169 7 
2079 6 4 
2080 175 7 
2081 48 15 
2082 223 7 
2083 36 14 
2084 259 6 
2085 32 13 
2086 291 10 
2087 27 15 
2088 14 11 
2089 20 11 
2090 0 9 
2091 20 8 
2092 42 3 
2093 62 12 
2094 48 4 
2095 110 12 
2096 27 15 
2097 137 12 
2098 16 9 
2099 153 12 
2100 6 10 
2101 159 8 
2102 18 13 
2103 177 8 
2104 20 2 
2105 197 11 
2106 72 14 
2107 2 4 
2108 8 4 
2109 0 2 
2110 8 7 
2111 6 7 
2112 14 7 
2113 40 5 
2114 54 7 
2115 81 14 
2116 135 6 
2117 10 5 
2118 145 5 
2119 0 5 
2120 145 6 
2121 6 14 
2122 151 6 
2123 28 5 
2124 179 5 
2125 72 14 
2126 14 14 
2127 20 14 
2128 0 6 
2129 20 10 
2130 6 10 
2131 26 9 
2132 48 8 
2133 74 8 
2134 0 8 
2135 74 11 
2136 12 7 
2137 86 7 
2138 18 7 
2139 104 6 
2140 42 5 
2141 146 5 
2142 16 2 
2143 162 1 
2144 27 2 
2145 4 9 
2146 10 9 
2147 0 9 
2148 10 9 
2149 30 3 
2150 40 2 
2151 24 4 
2152 64 2 
2153 72 13 
2154 136 2 
2155 2 8 
2156 138 1 
2157 0 3 
2158 138 2 
2159 30 2 
2160 168 1 
2161 4 6 
2162 172 9 
2163 9 13 
2164 14 8 
2165 20 8 
2166 0 5 
2167 20 8 
2168 54 7 
2169 74 8 
2170 72 11 
2171 146 8 
2172 72 14 
2173 218 11 
2174 2 9 
2175 220 11 
2176 24 6 
2177 244 11 
2178 54 1 
2179 298 13 
2180 32 2 
2181 330 1 
2182 72 11 
2183 4 8 
2184 10 8 
2185 0 6 
2186 10 4 
2187 42 3 
2188 52 4 
2189 32 11 
2190 84 4 
2191 45 11 
2192 129 4 
2193 10 14 
2194 139 7 
2195 24 4 
2196 163 4 
2197 36 10 
2198 199 5 
2199 20 6 
2200 219 5 
2201 81 14 
