0 0 -1 
1 3 0 
2 6 0 
3 7 0 
4 5 0 
5 3 0 
6 5 0 
7 6 0 
8 2 0 
9 9 0 
10 1 0 
11 2 0 
12 7 0 
13 0 0 
14 9 0 
15 3 0 
16 6 0 
17 0 0 
18 6 0 
19 2 0 
20 6 0 
21 1 0 
22 8 0 
23 7 0 
24 9 0 
25 2 0 
26 0 0 
27 2 0 
28 3 0 
29 7 0 
30 5 0 
31 9 0 
32 2 0 
33 2 0 
34 57 2 
35 93 1 
36 109 2 
37 105 1 
38 33 2 
39 70 1 
40 73 1 
41 87 2 
42 56 1 
43 99 1 
44 94 1 
45 85 1 
46 59 0 
47 104 0 
48 125 1 
49 104 2 
50 0 0 
51 2 2 
52 6 1 
53 8 2 
54 14 2 
55 22 2 
56 35 0 
57 18 0 
58 20 1 
59 48 3 
60 68 3 
61 0 2 
62 68 3 
63 25 0 
64 6 0 
65 8 0 
66 42 1 
67 50 0 
68 14 2 
69 64 2 
70 45 0 
71 18 0 
72 20 0 
73 54 3 
74 74 1 
75 21 2 
76 95 1 
77 10 0 
78 0 0 
79 2 2 
80 5 1 
81 7 2 
82 12 2 
83 19 2 
84 14 0 
85 18 1 
86 20 1 
87 40 3 
88 60 3 
89 0 2 
90 60 3 
91 10 0 
92 6 1 
93 8 1 
94 35 1 
95 43 1 
96 12 2 
97 55 1 
98 18 0 
99 18 1 
100 20 1 
101 45 3 
102 65 3 
103 18 3 
104 83 3 
105 4 0 
106 0 2 
107 2 2 
108 1 1 
109 3 3 
110 4 2 
111 7 3 
112 49 0 
113 54 1 
114 56 1 
115 8 3 
116 64 3 
117 0 2 
118 64 3 
119 35 0 
120 18 2 
121 20 2 
122 7 1 
123 27 3 
124 4 2 
125 31 3 
126 63 0 
127 54 3 
128 56 3 
129 9 1 
130 65 1 
131 6 3 
132 71 3 
133 14 0 
134 0 2 
135 2 2 
136 9 1 
137 11 3 
138 6 2 
139 17 2 
140 42 0 
141 0 1 
142 2 3 
143 72 3 
144 74 3 
145 0 2 
146 74 2 
147 30 0 
148 0 2 
149 2 2 
150 63 1 
151 65 3 
152 6 3 
153 71 3 
154 54 0 
155 0 3 
156 2 3 
157 81 1 
158 83 3 
159 9 3 
160 92 3 
161 12 0 
