0 0 -1 
1 1 0 
2 83 0 
3 86 0 
4 77 0 
5 15 0 
6 93 0 
7 35 0 
8 86 0 
9 92 0 
10 49 0 
11 21 0 
12 62 0 
13 27 0 
14 90 0 
15 59 0 
16 63 0 
17 26 0 
18 40 0 
19 26 0 
20 72 0 
21 36 0 
22 11 0 
23 68 0 
24 67 0 
25 29 0 
26 82 0 
27 30 0 
28 62 0 
29 23 0 
30 67 0 
31 35 0 
32 29 0 
33 2 0 
34 22 0 
35 58 0 
36 69 0 
37 67 0 
38 93 0 
39 56 0 
40 11 0 
41 42 0 
42 83 0 
43 86 0 
44 77 0 
45 15 0 
46 93 0 
47 35 0 
48 86 0 
49 92 0 
50 185 3 
51 279 3 
52 527 0 
53 246 1 
54 430 3 
55 216 0 
56 86 1 
57 92 1 
58 4 1 
59 10 1 
60 5 1 
61 1 1 
62 0 0 
63 0 0 
64 0 0 
65 0 0 
66 6 0 
67 71 0 
68 36 1 
69 5077 1 
70 -10 2 
71 51 1 
72 100 2 
73 2701 3 
74 -3 0 
75 -6 0 
76 9 2 
77 45 2 
78 1 0 
79 1 2 
80 1 2 
81 1 2 
82 0 2 
83 0 1 
84 0 3 
85 0 3 
86 0 2 
87 1 1 
88 0 2 
89 0 2 
90 0 2 
91 1 2 
92 1 3 
93 0 2 
94 1 1 
95 1 0 
96 83 2 
97 83 2 
98 86 1 
99 86 0 
100 1 3 
101 0 3 
102 83 2 
103 0 3 
104 86 3 
105 0 3 
106 1 1 
107 0 0 
108 83 2 
109 0 2 
110 86 1 
111 0 0 
112 1 3 
113 0 2 
114 83 2 
115 0 2 
116 86 3 
117 0 2 
118 -6 0 
119 -71 1 
120 36 0 
121 5077 1 
122 0 2 
123 0 1 
124 0 2 
125 0 3 
126 -16 2 
127 -20 1 
128 256 3 
129 656 3 
130 -9 0 
131 -77 1 
132 81 0 
133 6010 1 
134 0 1 
135 0 1 
136 1 1 
137 0 1 
138 1 1 
139 1 3 
140 1 1 
141 1 1 
142 1 1 
143 0 3 
144 1 3 
145 0 3 
146 0 1 
147 0 1 
148 0 3 
149 0 1 
150 2 0 
151 1 0 
152 160 2 
153 83 2 
154 101 0 
155 86 0 
156 1 3 
157 1 3 
158 77 2 
159 77 3 
160 15 3 
161 15 3 
162 1 0 
163 0 0 
164 77 2 
165 0 2 
166 15 0 
167 0 0 
168 1 2 
169 0 0 
170 77 2 
171 0 0 
172 15 2 
173 0 2 
174 10 0 
175 -51 1 
176 100 0 
177 2701 1 
178 16 2 
179 20 0 
180 256 2 
181 656 2 
182 0 3 
183 0 1 
184 0 3 
185 0 1 
186 7 0 
187 -57 1 
188 49 0 
189 3298 1 
190 0 3 
191 0 2 
192 1 1 
193 0 3 
194 1 3 
195 0 3 
196 1 3 
197 0 3 
198 1 1 
199 1 2 
200 1 1 
201 1 3 
202 0 3 
203 0 3 
204 0 1 
205 0 3 
206 2 0 
207 1 0 
208 176 2 
209 83 2 
210 121 0 
211 86 0 
212 2 2 
213 1 2 
214 170 3 
215 77 3 
216 50 3 
217 15 3 
218 1 2 
219 1 2 
220 93 2 
221 93 3 
222 35 0 
223 35 0 
224 1 0 
225 0 0 
226 93 0 
227 0 0 
228 35 0 
229 0 2 
230 3 0 
231 6 1 
232 9 0 
233 45 1 
234 9 2 
235 77 1 
236 81 2 
237 6010 3 
238 -7 3 
239 57 0 
240 49 3 
241 3298 2 
242 0 2 
243 0 0 
244 0 2 
245 0 2 
246 1 1 
247 1 3 
248 0 2 
249 0 3 
250 0 1 
251 0 2 
252 0 2 
253 0 2 
254 0 3 
255 1 3 
256 0 2 
257 0 3 
258 1 3 
259 1 2 
260 1 2 
261 1 2 
262 2 2 
263 1 2 
264 169 3 
265 83 3 
266 178 0 
267 86 0 
268 2 2 
269 1 2 
270 163 3 
271 77 2 
272 107 3 
273 15 2 
274 2 2 
275 1 2 
276 179 3 
277 93 3 
278 127 0 
279 35 0 
280 1 0 
281 1 0 
282 86 0 
283 86 0 
284 92 2 
285 92 2 
286 -34 0 
287 -65 1 
288 1156 0 
289 5381 1 
290 -28 2 
291 6 3 
292 784 2 
293 820 3 
294 -44 0 
295 -14 1 
296 1936 0 
297 2132 1 
298 -37 2 
299 -71 3 
300 1369 2 
301 6410 3 
302 0 1 
303 0 1 
304 1 3 
305 0 1 
306 1 1 
307 1 1 
308 1 3 
309 1 1 
310 1 1 
311 0 1 
312 1 3 
313 0 1 
314 0 3 
315 0 3 
316 0 3 
317 0 3 
318 2 2 
319 1 2 
320 132 3 
321 83 3 
322 107 0 
323 86 0 
324 2 2 
325 2 3 
326 126 2 
327 126 3 
328 36 2 
329 36 3 
330 2 2 
331 1 2 
332 142 3 
333 93 3 
334 56 0 
335 35 0 
336 2 0 
337 1 0 
338 135 0 
339 86 0 
340 113 2 
341 92 2 
342 -21 0 
343 -59 1 
344 441 0 
345 3922 1 
346 -15 0 
347 12 3 
348 225 0 
349 369 2 
350 -31 0 
351 -8 1 
352 961 0 
353 1025 1 
354 -24 2 
355 -65 1 
356 576 2 
357 4801 3 
358 0 2 
359 0 1 
360 1 3 
361 0 3 
362 1 2 
363 1 2 
364 1 2 
365 1 2 
366 1 1 
367 0 3 
368 1 3 
369 0 3 
370 0 3 
371 0 2 
372 0 3 
373 0 3 
374 2 2 
375 1 2 
376 145 3 
377 83 3 
378 113 0 
379 86 0 
380 3 3 
381 3 3 
382 188 3 
383 188 3 
384 63 3 
385 63 3 
386 2 2 
387 1 2 
388 155 3 
389 93 3 
390 62 0 
391 35 0 
392 2 0 
393 1 0 
394 148 0 
395 86 0 
396 119 2 
397 92 2 
398 7 0 
399 -27 1 
400 49 0 
401 778 1 
402 13 0 
403 44 3 
404 169 0 
405 2105 2 
406 -3 2 
407 24 1 
408 9 2 
409 585 3 
410 4 2 
411 -33 3 
412 16 2 
413 1105 3 
414 1 2 
415 0 3 
416 1 3 
417 0 3 
418 0 2 
419 0 2 
420 0 2 
421 0 2 
422 1 3 
423 1 2 
424 1 3 
425 1 3 
426 0 3 
427 1 2 
428 0 3 
429 0 3 
430 2 2 
431 1 2 
432 173 3 
433 83 3 
434 145 0 
435 86 0 
436 4 3 
437 3 3 
438 278 3 
439 188 3 
440 122 3 
441 63 3 
442 2 2 
443 2 2 
444 183 3 
445 183 3 
446 94 0 
447 94 0 
448 2 0 
449 1 0 
450 176 0 
451 86 0 
452 151 2 
453 92 2 
454 -20 0 
455 -60 1 
456 400 0 
457 4000 1 
458 -14 0 
459 11 1 
460 196 0 
461 317 0 
462 -30 0 
463 -9 1 
464 900 2 
465 981 3 
466 -23 0 
467 -66 3 
468 529 0 
469 4885 2 
470 0 0 
471 0 3 
472 1 2 
473 0 2 
474 1 0 
475 1 3 
476 1 2 
477 1 2 
478 1 3 
479 0 3 
480 1 3 
481 0 3 
482 0 2 
483 0 2 
484 0 3 
485 0 3 
486 2 3 
487 1 3 
488 146 2 
489 83 2 
490 112 0 
491 86 0 
492 4 3 
493 4 3 
494 251 3 
495 251 3 
496 89 3 
497 89 3 
498 3 2 
499 2 2 
500 246 3 
501 183 3 
502 120 0 
503 94 0 
504 2 0 
505 1 0 
506 149 0 
507 86 0 
508 118 2 
509 92 2 
510 -43 0 
511 -60 1 
512 1849 0 
513 5449 1 
514 -37 2 
515 11 1 
516 1369 2 
517 1490 0 
518 -53 2 
519 -9 1 
520 2809 2 
521 2890 0 
522 -46 0 
523 -66 1 
524 2116 2 
525 6472 0 
526 0 0 
527 0 0 
528 1 0 
529 0 0 
530 1 0 
531 1 0 
532 1 0 
533 1 0 
534 1 0 
535 0 0 
536 1 0 
537 0 0 
538 0 0 
539 0 0 
540 0 0 
541 0 0 
542 2 3 
543 1 3 
544 123 0 
545 83 2 
546 112 0 
547 86 0 
548 5 3 
549 5 1 
550 291 3 
551 291 1 
552 115 3 
553 115 1 
554 3 3 
555 2 2 
556 223 3 
557 183 3 
558 120 0 
559 94 0 
560 2 0 
561 1 0 
562 126 2 
563 86 2 
564 118 2 
565 92 2 
566 -11 0 
567 -50 1 
568 121 2 
569 2621 3 
570 -5 0 
571 21 3 
572 25 0 
573 466 2 
574 -21 0 
575 1 1 
576 441 2 
577 442 0 
578 -14 2 
579 -56 3 
580 196 2 
581 3332 3 
582 0 3 
583 0 1 
584 1 3 
585 0 3 
586 1 3 
587 0 0 
588 1 2 
589 0 2 
590 1 3 
591 1 0 
592 1 0 
593 1 2 
594 0 3 
595 0 2 
596 0 0 
597 0 2 
598 2 1 
599 1 3 
600 155 0 
601 83 2 
602 122 0 
603 86 2 
604 6 0 
605 5 0 
606 363 1 
607 291 1 
608 151 1 
609 115 1 
610 3 2 
611 3 2 
612 255 3 
613 255 3 
614 130 0 
615 130 0 
616 2 0 
617 1 0 
618 158 2 
619 86 2 
620 128 2 
621 92 2 
622 -72 0 
623 -18 1 
624 5184 0 
625 5508 0 
626 -66 0 
627 53 1 
628 4356 0 
629 7165 1 
630 -82 2 
631 33 1 
632 6724 2 
633 7813 0 
634 -75 2 
635 -24 3 
636 5625 2 
637 6201 3 
638 1 0 
639 1 0 
640 1 1 
641 1 0 
642 0 0 
643 1 0 
644 0 3 
645 0 2 
646 0 0 
647 0 1 
648 0 1 
649 0 1 
650 0 1 
651 1 3 
652 1 1 
653 0 1 
654 2 1 
655 2 1 
656 94 2 
657 94 2 
658 154 2 
659 154 2 
660 6 1 
661 5 1 
662 302 0 
663 291 0 
664 183 1 
665 115 1 
666 4 3 
667 3 3 
668 266 3 
669 255 3 
670 198 0 
671 130 0 
672 2 0 
673 1 1 
674 97 2 
675 86 2 
676 160 2 
677 92 0 
678 -16 0 
679 -57 1 
680 256 0 
681 3505 1 
682 -10 0 
683 14 3 
684 100 0 
685 296 2 
686 -26 2 
687 -6 1 
688 676 2 
689 712 0 
690 -19 0 
691 -63 1 
692 361 0 
693 4330 1 
694 0 2 
695 0 0 
696 1 1 
697 0 0 
698 1 0 
699 1 0 
700 1 0 
701 1 0 
702 1 1 
703 0 0 
704 1 0 
705 0 0 
706 0 1 
707 0 0 
708 0 3 
709 0 1 
710 3 1 
711 2 1 
712 161 2 
713 94 2 
714 183 2 
715 154 2 
716 6 1 
717 6 1 
718 358 0 
719 358 0 
720 144 1 
721 144 1 
722 4 2 
723 3 2 
724 322 3 
725 255 2 
726 159 0 
727 130 0 
728 2 1 
729 1 1 
730 153 2 
731 86 0 
732 121 0 
733 92 0 
734 -1 0 
735 -56 1 
736 1 0 
737 3137 0 
738 5 0 
739 15 3 
740 25 0 
741 250 1 
742 -11 0 
743 -5 1 
744 121 0 
745 146 0 
746 -4 2 
747 -62 3 
748 16 2 
749 3860 3 
750 0 1 
751 0 0 
752 1 2 
753 0 0 
754 1 1 
755 0 1 
756 1 1 
757 0 1 
758 1 0 
759 1 1 
760 1 2 
761 1 0 
762 0 2 
763 0 1 
764 0 2 
765 0 0 
766 3 1 
767 2 1 
768 176 2 
769 94 2 
770 184 2 
771 154 2 
772 7 1 
773 6 1 
774 440 0 
775 358 0 
776 174 1 
777 144 1 
778 4 0 
779 4 2 
780 337 2 
781 337 2 
782 160 0 
783 160 0 
784 2 1 
785 1 1 
786 168 0 
787 86 1 
788 122 0 
789 92 0 
790 -21 0 
791 -63 1 
792 441 2 
793 4410 0 
794 -15 0 
795 8 1 
796 225 2 
797 289 3 
798 -31 2 
799 -12 1 
800 961 2 
801 1105 1 
802 -24 2 
803 -69 3 
804 576 2 
805 5337 3 
806 0 1 
807 0 0 
808 1 1 
809 0 1 
810 1 0 
811 1 3 
812 1 3 
813 1 2 
814 1 1 
815 0 3 
816 1 3 
817 0 3 
818 0 0 
819 0 3 
820 0 3 
821 0 3 
822 3 1 
823 2 1 
824 156 2 
825 94 3 
826 177 2 
827 154 3 
828 7 1 
829 7 1 
830 420 0 
831 420 0 
832 167 1 
833 167 1 
834 5 0 
835 4 2 
836 399 2 
837 337 2 
838 183 0 
839 160 0 
840 2 1 
841 1 1 
842 148 1 
843 86 1 
844 115 0 
845 92 0 
846 -16 0 
847 -51 1 
848 256 2 
849 2857 0 
850 -10 0 
851 20 3 
852 100 2 
853 500 3 
854 -26 0 
855 0 1 
856 676 2 
857 676 1 
858 -19 2 
859 -57 3 
860 361 2 
861 3610 3 
862 0 1 
863 0 1 
864 1 3 
865 0 1 
866 1 3 
867 1 1 
868 1 3 
869 1 3 
870 1 1 
871 0 1 
872 1 1 
873 0 1 
874 0 3 
875 0 3 
876 0 1 
877 0 3 
878 3 1 
879 2 1 
880 161 3 
881 94 3 
882 189 3 
883 154 3 
884 8 1 
885 8 1 
886 487 0 
887 487 0 
888 202 1 
889 202 1 
890 5 2 
891 4 2 
892 404 2 
893 337 2 
894 195 0 
895 160 0 
896 2 1 
897 1 1 
898 153 1 
899 86 1 
900 127 0 
901 92 0 
902 -54 0 
903 -84 1 
904 2916 2 
905 9972 3 
906 -48 0 
907 -13 1 
908 2304 2 
909 2473 3 
910 -64 2 
911 -33 1 
912 4096 2 
913 5185 1 
914 -57 0 
915 -90 3 
916 3249 0 
917 11349 1 
918 0 3 
919 0 3 
920 1 3 
921 0 3 
922 1 3 
923 1 3 
924 1 3 
925 1 3 
926 1 3 
927 0 3 
928 1 1 
929 0 3 
930 0 3 
931 0 3 
932 0 1 
933 0 3 
934 3 1 
935 2 1 
936 123 3 
937 94 3 
938 156 3 
939 154 3 
940 9 1 
941 9 1 
942 516 0 
943 516 0 
944 204 1 
945 204 1 
946 5 2 
947 4 2 
948 366 3 
949 337 3 
950 162 0 
951 160 0 
952 2 3 
953 1 3 
954 115 1 
955 86 1 
956 94 0 
957 92 0 
958 -61 0 
959 -28 1 
960 3721 2 
961 4505 0 
962 -55 0 
963 43 1 
964 3025 0 
965 4874 1 
966 -71 0 
967 23 1 
968 5041 0 
969 5570 1 
970 -64 2 
971 -34 3 
972 4096 2 
973 5252 3 
974 1 0 
975 1 0 
976 1 2 
977 1 0 
978 0 0 
979 1 1 
980 1 3 
981 0 1 
982 0 0 
983 0 1 
984 0 3 
985 0 1 
986 0 2 
987 0 3 
988 1 3 
989 0 3 
990 3 1 
991 3 1 
992 116 3 
993 116 3 
994 212 3 
995 212 3 
996 10 1 
997 9 1 
998 538 0 
999 516 0 
1000 262 3 
1001 204 3 
1002 5 2 
1003 4 2 
1004 359 3 
1005 337 3 
1006 218 0 
1007 160 0 
1008 2 3 
1009 1 3 
1010 108 1 
1011 86 1 
1012 150 1 
1013 92 1 
1014 -14 0 
1015 -19 1 
1016 196 0 
1017 557 1 
1018 -8 2 
1019 52 0 
1020 64 2 
1021 2768 0 
1022 -24 3 
1023 32 1 
1024 576 3 
1025 1600 1 
1026 -17 2 
1027 -25 1 
1028 289 2 
1029 914 1 
1030 1 1 
1031 1 1 
1032 1 1 
1033 1 1 
1034 0 1 
1035 0 0 
1036 0 0 
1037 0 0 
1038 0 1 
1039 1 0 
1040 0 1 
1041 0 1 
1042 0 1 
1043 1 0 
1044 1 0 
1045 0 0 
1046 4 1 
1047 4 1 
1048 185 3 
1049 185 3 
1050 279 3 
1051 279 3 
1052 10 1 
1053 9 1 
1054 585 0 
1055 516 0 
1056 271 3 
1057 204 3 
1058 5 3 
1059 4 2 
1060 406 3 
1061 337 3 
1062 227 0 
1063 160 0 
1064 2 3 
1065 1 3 
1066 155 1 
1067 86 1 
1068 159 1 
1069 92 1 
1070 10 0 
1071 -30 0 
1072 100 0 
1073 1000 0 
1074 16 2 
1075 41 1 
1076 256 2 
1077 1937 1 
1078 0 0 
1079 21 1 
1080 0 0 
1081 441 1 
1082 7 2 
1083 -36 3 
1084 49 2 
1085 1345 3 
1086 1 1 
1087 0 1 
1088 1 1 
1089 0 1 
1090 0 1 
1091 0 1 
1092 0 1 
1093 0 1 
1094 1 1 
1095 1 1 
1096 1 1 
1097 1 1 
1098 0 1 
1099 1 3 
1100 0 1 
1101 0 3 
1102 5 3 
1103 4 1 
1104 278 3 
1105 185 3 
1106 335 3 
1107 279 3 
1108 10 1 
1109 9 1 
1110 609 0 
1111 516 0 
1112 260 3 
1113 204 3 
1114 5 3 
1115 5 2 
1116 430 3 
1117 430 3 
1118 216 0 
1119 216 0 
1120 2 3 
1121 1 3 
1122 179 1 
1123 86 1 
1124 148 1 
1125 92 1 
1126 -72 0 
1127 -44 1 
1128 5184 0 
1129 7120 1 
1130 -66 0 
1131 27 0 
1132 4356 0 
1133 5085 0 
1134 -82 0 
1135 7 1 
1136 6724 0 
1137 6773 1 
1138 -75 2 
1139 -50 1 
1140 5625 2 
1141 8125 0 
1142 0 1 
1143 0 1 
1144 1 0 
1145 0 0 
1146 1 1 
1147 1 1 
1148 1 0 
1149 1 0 
1150 1 1 
1151 0 1 
1152 1 0 
1153 0 1 
1154 0 0 
1155 0 0 
1156 0 0 
1157 0 0 
1158 5 3 
1159 196 3 
1160 321 3 
1161 10 1 
1162 527 0 
1163 246 1 
1164 6 0 
1165 441 3 
1166 258 0 
1167 2 3 
1168 97 1 
1169 134 0 
