0 0 -1 
1 8 0 
2 16 0 
3 24 0 
4 255 0 
5 1936311911 0 
6 -330629295 0 
7 -1413821143 0 
8 1189346290 0 
9 -128662916 0 
10 -1914181605 0 
11 1663982198 0 
12 -1698062541 0 
13 -1 0 
14 0 0 
15 1 0 
16 -2 0 
17 0 0 
18 2 0 
19 -1 0 
20 0 0 
21 1 0 
22 1 0 
23 2 0 
24 1 0 
25 0 0 
26 0 0 
27 0 0 
28 -1 0 
29 -2 0 
30 -1 0 
31 0 2 
32 0 1 
33 558301184 1 
34 7936 1 
35 0 2 
36 0 2 
37 0 3 
38 0 2 
39 601 2 
40 -287 2 
41 0 2 
42 149 0 
43 -637 0 
44 0 0 
45 -200 2 
46 -748 2 
47 0 2 
48 8 0 
49 -770 0 
50 0 0 
51 0 0 
52 0 2 
53 0 2 
54 0 1 
55 0 1 
56 0 1 
57 0 2 
58 0 2 
59 0 2 
60 0 3 
61 0 3 
62 0 3 
63 0 0 
64 0 2 
65 0 2 
66 0 1 
67 0 1 
68 0 1 
69 0 2 
70 0 2 
71 0 2 
72 0 3 
73 0 3 
74 0 3 
75 0 0 
76 0 2 
77 0 2 
78 0 1 
79 0 1 
80 0 1 
81 0 2 
82 0 2 
83 0 2 
84 0 3 
85 0 3 
86 0 3 
87 0 0 
88 0 2 
89 0 2 
90 103 0 
91 -206 0 
92 0 0 
93 198 0 
94 -396 2 
95 0 2 
96 105 0 
97 -210 2 
98 0 2 
99 103 0 
100 0 2 
101 0 2 
102 198 0 
103 -206 0 
104 0 0 
105 105 0 
106 -396 2 
107 0 2 
108 115 0 
109 -210 2 
110 0 2 
111 198 0 
112 396 2 
113 0 2 
114 105 0 
115 4 0 
116 0 0 
117 115 0 
118 -166 2 
119 0 2 
120 81 0 
121 -48 2 
122 0 2 
123 0 1 
124 396 3 
125 0 2 
126 41 0 
127 -37 0 
128 -41 0 
129 205 0 
130 -371 2 
131 -205 2 
132 186 0 
133 -234 2 
134 -186 2 
135 41 0 
136 396 3 
137 -82 2 
138 205 0 
139 -37 0 
140 -451 0 
141 186 0 
142 -371 2 
143 -577 2 
144 171 0 
145 -234 2 
146 -528 2 
147 205 0 
148 186 0 
149 171 0 
150 242 0 
151 601 2 
152 287 2 
153 888 2 
154 1 2 
155 -633 2 
156 149 0 
157 637 0 
158 786 0 
159 1 0 
160 -531 0 
161 200 2 
162 748 2 
163 948 2 
164 1 2 
165 -693 2 
166 8 0 
167 770 0 
168 778 0 
169 1 0 
170 -523 0 
171 0 2 
172 0 2 
173 360 1 
174 -906 0 
175 0 1 
176 -29 0 
177 -971 0 
178 0 0 
179 -219 1 
180 -775 0 
181 0 1 
182 -375 0 
183 -367 1 
184 0 0 
185 0 2 
186 0 2 
187 0 2 
188 0 3 
189 0 3 
190 0 1 
191 0 1 
192 0 1 
193 0 1 
194 0 1 
195 0 1 
196 0 1 
197 0 2 
198 0 2 
199 0 2 
200 0 2 
201 0 3 
202 0 1 
203 0 3 
204 0 1 
205 0 1 
206 0 2 
207 0 3 
208 0 3 
209 0 3 
210 0 3 
211 0 3 
212 0 3 
213 0 3 
214 0 1 
215 0 1 
216 0 1 
217 0 1 
218 0 2 
219 0 3 
220 0 3 
221 115 0 
222 -230 2 
223 0 2 
224 81 0 
225 -162 1 
226 0 1 
227 255 0 
228 -510 1 
229 0 1 
230 74 0 
231 -148 2 
232 0 1 
233 81 0 
234 -230 2 
235 0 2 
236 255 0 
237 -162 1 
238 0 1 
239 74 0 
240 -510 1 
241 0 1 
242 236 0 
243 -148 2 
244 0 1 
245 255 0 
246 280 2 
247 0 2 
248 74 0 
249 -14 1 
250 0 1 
251 236 0 
252 -38 1 
253 0 1 
254 0 3 
255 -148 2 
256 0 1 
257 171 0 
258 109 2 
259 -171 2 
260 242 0 
261 -256 1 
262 -242 1 
263 251 0 
264 -289 1 
265 -251 1 
266 227 0 
267 -375 2 
268 -227 1 
269 242 1 
270 109 3 
271 -655 0 
272 251 0 
273 -256 1 
274 -744 1 
275 227 0 
276 -289 1 
277 -705 1 
278 70 0 
279 -375 2 
280 -367 1 
281 251 0 
282 227 0 
283 70 0 
284 0 1 
285 360 1 
286 906 0 
287 1266 1 
288 1 1 
289 -1011 1 
290 29 0 
291 971 0 
292 1000 0 
293 1 0 
294 -745 0 
295 219 1 
296 775 0 
297 994 1 
298 1 1 
299 -739 1 
300 375 0 
301 367 1 
302 742 0 
303 1 0 
304 -487 0 
305 0 1 
306 0 1 
307 802 0 
308 -38 0 
309 0 0 
310 252 0 
311 8 0 
312 0 0 
313 -97 3 
314 -87 1 
315 71 3 
316 31 1 
317 -191 1 
318 33 1 
319 0 2 
320 0 2 
321 0 2 
322 103 0 
323 -103 2 
324 103 1 
325 198 0 
326 -198 2 
327 198 0 
328 105 1 
329 -105 1 
330 105 3 
331 103 1 
332 0 3 
333 206 3 
334 198 0 
335 -103 2 
336 499 3 
337 105 1 
338 -198 3 
339 408 1 
340 115 0 
341 -105 1 
342 335 1 
343 198 0 
344 198 2 
345 404 1 
346 105 1 
347 2 3 
348 604 3 
349 115 0 
350 -83 3 
351 523 1 
352 81 0 
353 -24 1 
354 416 1 
355 0 3 
356 198 2 
357 404 1 
358 41 0 
359 -80 3 
360 604 2 
361 205 0 
362 -493 3 
363 523 1 
364 186 1 
365 -396 1 
366 416 1 
367 41 2 
368 198 2 
369 404 0 
370 205 0 
371 -80 3 
372 604 2 
373 186 3 
374 -493 3 
375 523 1 
376 171 0 
377 -396 1 
378 416 1 
379 205 0 
380 608 2 
381 404 0 
382 186 3 
383 292 3 
384 604 2 
385 171 2 
386 -151 3 
387 523 1 
388 242 1 
389 88 1 
390 416 1 
391 0 3 
392 608 2 
393 404 0 
394 124 0 
395 168 2 
396 480 2 
397 194 0 
398 -345 3 
399 329 1 
400 84 1 
401 4 1 
402 332 1 
403 124 1 
404 608 0 
405 156 0 
406 194 0 
407 168 2 
408 92 2 
409 84 1 
410 -345 3 
411 161 1 
412 248 0 
413 4 1 
414 -164 1 
415 194 0 
416 84 1 
417 248 0 
418 27 0 
419 802 0 
420 38 0 
421 840 0 
422 1 0 
423 -585 0 
424 252 0 
425 8 0 
426 260 0 
427 1 0 
428 -5 0 
429 97 3 
430 87 1 
431 184 3 
432 0 3 
433 71 3 
434 31 1 
435 191 1 
436 222 1 
437 0 1 
438 33 1 
439 0 0 
440 4653056 1 
441 284 0 
442 -2 0 
443 0 0 
444 167 1 
445 -57 0 
446 31 0 
447 -472 1 
448 -196 1 
449 0 0 
450 -759 3 
451 33 3 
452 0 3 
453 115 0 
454 -115 0 
455 115 0 
456 81 0 
457 -81 0 
458 81 2 
459 255 0 
460 -255 0 
461 255 2 
462 74 1 
463 -74 1 
464 74 1 
465 81 2 
466 -115 2 
467 277 2 
468 255 0 
469 -81 0 
470 591 2 
471 74 1 
472 -255 1 
473 403 3 
474 236 2 
475 -74 3 
476 546 3 
477 255 0 
478 140 2 
479 532 2 
480 74 1 
481 -7 1 
482 665 0 
483 236 2 
484 -19 0 
485 639 3 
486 0 1 
487 -74 3 
488 546 3 
489 171 2 
490 -202 2 
491 532 2 
492 242 1 
493 -491 1 
494 665 0 
495 251 0 
496 -521 0 
497 639 1 
498 227 3 
499 -528 3 
500 546 3 
501 242 3 
502 -202 2 
503 532 2 
504 251 0 
505 -491 1 
506 665 0 
507 227 1 
508 -521 0 
509 639 1 
510 70 3 
511 -528 3 
512 546 3 
513 251 0 
514 300 2 
515 532 2 
516 227 3 
517 -37 1 
518 665 0 
519 70 3 
520 -381 1 
521 639 1 
522 0 1 
523 -528 3 
524 546 1 
525 248 2 
526 52 2 
527 284 2 
528 27 0 
529 -64 1 
530 638 0 
531 232 0 
532 -613 1 
533 407 1 
534 231 0 
535 -759 3 
536 315 1 
537 27 1 
538 52 0 
539 230 0 
540 232 0 
541 -64 1 
542 174 0 
543 231 0 
544 -613 1 
545 -55 1 
546 141 2 
547 -759 3 
548 33 3 
549 232 0 
550 231 1 
551 141 3 
552 0 2 
553 284 0 
554 2 0 
555 286 0 
556 1 0 
557 -31 0 
558 167 1 
559 57 0 
560 224 0 
561 0 0 
562 31 0 
563 472 1 
564 196 1 
565 668 1 
566 1 0 
567 -413 1 
568 759 3 
569 33 3 
570 792 3 
571 1 3 
572 -537 3 
573 7936 0 
574 7936 0 
575 683 0 
576 -39 0 
577 0 0 
578 -7 2 
579 293 2 
580 0 2 
581 83 2 
582 467 2 
583 0 2 
584 -53 2 
585 475 2 
586 0 2 
587 0 3 
588 0 3 
589 0 2 
590 41 3 
591 -41 3 
592 41 3 
593 205 0 
594 -205 0 
595 205 0 
596 186 1 
597 -186 1 
598 186 1 
599 41 2 
600 0 3 
601 82 2 
602 205 0 
603 -41 2 
604 451 3 
605 186 1 
606 -205 1 
607 577 1 
608 171 2 
609 -186 3 
610 528 3 
611 205 0 
612 205 3 
613 287 2 
614 186 3 
615 145 2 
616 637 3 
617 171 2 
618 -34 0 
619 748 0 
620 242 1 
621 56 3 
622 770 3 
623 0 1 
624 205 3 
625 287 2 
626 124 1 
627 -103 2 
628 637 3 
629 194 0 
630 -422 0 
631 748 0 
632 84 1 
633 -112 3 
634 770 3 
635 124 1 
636 205 3 
637 287 3 
638 194 0 
639 -103 2 
640 637 3 
641 84 1 
642 -422 0 
643 748 0 
644 248 3 
645 -112 3 
646 770 3 
647 194 0 
648 593 2 
649 287 3 
650 84 1 
651 65 2 
652 637 3 
653 248 3 
654 74 2 
655 748 2 
656 27 3 
657 -58 3 
658 770 3 
659 0 2 
660 593 2 
661 287 2 
662 118 0 
663 -53 2 
664 519 3 
665 90 0 
666 -16 2 
667 658 2 
668 46 0 
669 -104 2 
670 724 2 
671 118 0 
672 593 2 
673 51 2 
674 90 0 
675 -53 2 
676 339 3 
677 46 0 
678 -16 2 
679 566 2 
680 99 2 
681 -104 2 
682 526 2 
683 90 1 
684 46 0 
685 99 2 
686 51 0 
687 683 0 
688 39 0 
689 722 0 
690 1 0 
691 -467 0 
692 7 2 
693 293 2 
694 300 2 
695 1 2 
696 -45 2 
697 83 2 
698 467 2 
699 550 2 
700 1 2 
701 -295 2 
702 53 2 
703 475 2 
704 528 2 
705 1 2 
706 -273 2 
707 0 0 
708 0 2 
709 108 2 
710 546 3 
711 0 2 
712 543 0 
713 401 0 
714 0 0 
715 -368 3 
716 60 3 
717 0 3 
718 -890 3 
719 -142 1 
720 0 3 
721 171 2 
722 -171 2 
723 171 2 
724 242 1 
725 -242 1 
726 242 3 
727 251 1 
728 -251 1 
729 251 1 
730 227 1 
731 -227 3 
732 227 3 
733 242 3 
734 -171 3 
735 655 2 
736 251 1 
737 -242 1 
738 744 1 
739 227 1 
740 -251 1 
741 705 1 
742 70 3 
743 -227 3 
744 367 3 
745 251 3 
746 80 3 
747 906 3 
748 227 3 
749 -15 1 
750 971 1 
751 70 3 
752 -181 1 
753 775 1 
754 0 1 
755 -227 3 
756 367 3 
757 248 3 
758 -416 3 
759 906 3 
760 27 3 
761 -69 1 
762 971 1 
763 232 2 
764 -645 0 
765 775 0 
766 231 1 
767 -689 1 
768 367 1 
769 27 2 
770 -416 3 
771 906 3 
772 232 2 
773 -69 0 
774 971 0 
775 231 3 
776 -645 1 
777 775 1 
778 141 2 
779 -689 0 
780 367 0 
781 232 1 
782 48 3 
783 906 1 
784 231 1 
785 393 0 
786 971 0 
787 141 3 
788 -363 1 
789 775 1 
790 0 2 
791 -689 2 
792 367 0 
793 99 2 
794 -51 3 
795 807 3 
796 51 0 
797 342 0 
798 920 0 
799 159 0 
800 -522 1 
801 616 1 
802 201 0 
803 -890 2 
804 166 0 
805 51 0 
806 -51 2 
807 705 3 
808 159 0 
809 342 0 
810 602 0 
811 201 0 
812 -522 1 
813 214 1 
814 154 0 
815 -890 2 
816 -142 0 
817 159 0 
818 201 1 
819 154 2 
820 0 3 
821 108 2 
822 546 3 
823 654 2 
824 1 2 
825 -399 2 
826 543 0 
827 401 0 
828 944 0 
829 1 0 
830 -689 0 
831 368 3 
832 60 3 
833 428 3 
834 1 3 
835 -173 3 
836 890 3 
837 142 1 
838 1032 3 
839 1 3 
840 -777 3 
841 0 2 
842 0 2 
843 374 3 
844 442 2 
845 0 3 
846 -184 1 
847 596 1 
848 0 1 
849 72 3 
850 610 1 
851 0 3 
852 -47 1 
853 607 1 
854 0 1 
855 0 1 
856 0 1 
857 0 1 
858 124 1 
859 -124 1 
860 124 1 
861 194 3 
862 -194 3 
863 194 3 
864 84 3 
865 -84 3 
866 84 3 
867 124 3 
868 0 3 
869 248 3 
870 194 2 
871 -124 3 
872 512 3 
873 84 3 
874 -194 3 
875 362 3 
876 248 2 
877 -84 3 
878 580 3 
879 194 1 
880 194 3 
881 442 3 
882 84 1 
883 -40 3 
884 596 3 
885 248 3 
886 54 3 
887 610 3 
888 27 2 
889 -57 3 
890 607 3 
891 0 2 
892 194 3 
893 442 3 
894 118 1 
895 -276 3 
896 596 3 
897 90 1 
898 -126 3 
899 610 3 
900 46 1 
901 -149 3 
902 607 3 
903 118 2 
904 194 3 
905 442 3 
906 90 1 
907 -276 3 
908 596 3 
909 46 1 
910 -126 3 
911 610 3 
912 99 2 
913 -149 2 
914 607 2 
915 90 2 
916 374 3 
917 442 3 
918 46 1 
919 -184 3 
920 596 3 
921 99 2 
922 72 3 
923 610 3 
924 51 0 
925 -47 0 
926 607 2 
927 0 2 
928 374 3 
929 442 3 
930 0 3 
931 -184 3 
932 596 3 
933 0 3 
934 72 3 
935 610 3 
936 0 1 
937 -47 0 
938 607 0 
939 0 2 
940 374 2 
941 442 2 
942 0 3 
943 -184 3 
944 596 3 
945 0 1 
946 72 3 
947 610 3 
948 0 2 
949 -47 0 
950 607 0 
951 0 3 
952 0 1 
953 0 2 
954 0 3 
955 374 3 
956 442 2 
957 816 3 
958 1 3 
959 -561 3 
960 184 1 
961 596 1 
962 780 1 
963 1 1 
964 -525 1 
965 72 3 
966 610 1 
967 682 3 
968 1 3 
969 -427 3 
970 47 1 
971 607 1 
972 654 1 
973 1 1 
974 -399 1 
975 0 3 
976 0 3 
977 104 3 
978 534 3 
979 0 3 
980 504 2 
981 722 2 
982 0 2 
983 -101 0 
984 835 0 
985 0 0 
986 -633 0 
987 513 0 
988 0 0 
989 248 2 
990 -248 2 
991 248 2 
992 27 1 
993 -27 1 
994 27 1 
995 232 3 
996 -232 3 
997 232 3 
998 231 1 
999 -231 1 
1000 231 1 
1001 27 3 
1002 -248 3 
1003 302 3 
1004 232 2 
1005 -27 0 
1006 491 1 
1007 231 1 
1008 -232 3 
1009 694 3 
1010 141 2 
1011 -231 0 
1012 513 0 
1013 232 1 
1014 -16 3 
1015 534 3 
1016 231 3 
1017 204 1 
1018 722 1 
1019 141 2 
1020 -91 3 
1021 835 3 
1022 0 1 
1023 -231 0 
1024 513 0 
1025 99 2 
1026 -214 3 
1027 534 3 
1028 51 2 
1029 102 3 
1030 722 3 
1031 159 1 
1032 -409 3 
1033 835 3 
1034 201 1 
1035 -633 0 
1036 513 0 
1037 51 0 
1038 -214 1 
1039 534 1 
1040 159 0 
1041 102 2 
1042 722 2 
1043 201 0 
1044 -409 2 
1045 835 2 
1046 154 2 
1047 -633 0 
1048 513 2 
1049 159 1 
1050 104 1 
1051 534 1 
1052 201 0 
1053 504 2 
1054 722 2 
1055 154 2 
1056 -101 2 
1057 835 2 
1058 0 2 
1059 -633 2 
1060 513 2 
1061 0 2 
1062 104 3 
1063 534 3 
1064 0 3 
1065 504 2 
1066 722 2 
1067 0 3 
1068 -101 2 
1069 835 2 
1070 0 1 
1071 -633 0 
1072 513 0 
1073 0 1 
1074 104 3 
1075 534 3 
1076 0 2 
1077 504 2 
1078 722 2 
1079 0 3 
1080 -101 2 
1081 835 2 
1082 0 1 
1083 -633 0 
1084 513 0 
1085 0 2 
1086 0 3 
1087 0 1 
1088 0 2 
1089 104 3 
1090 534 3 
1091 638 3 
1092 1 3 
1093 -383 3 
1094 504 2 
1095 722 2 
1096 1226 2 
1097 1 2 
1098 -971 2 
1099 101 0 
1100 835 0 
1101 936 0 
1102 1 0 
1103 -681 0 
1104 633 0 
1105 513 0 
1106 1146 0 
1107 1 0 
1108 -891 0 
1109 0 3 
1110 0 3 
