0 0 -1 
1 3 0 
2 6 0 
3 7 0 
4 5 0 
5 3 0 
6 5 0 
7 6 0 
8 2 0 
9 9 0 
10 1 0 
11 2 0 
12 7 0 
13 0 0 
14 9 0 
15 3 0 
16 6 0 
17 0 0 
18 6 0 
19 2 0 
20 6 0 
21 1 0 
22 8 0 
23 7 0 
24 9 0 
25 2 0 
26 0 0 
27 2 0 
28 3 0 
29 7 0 
30 5 0 
31 9 0 
32 2 0 
33 2 0 
34 8 0 
35 9 0 
36 7 0 
37 3 0 
38 6 0 
39 1 0 
40 2 0 
41 9 0 
42 3 0 
43 1 0 
44 9 0 
45 4 0 
46 7 0 
47 8 0 
48 4 0 
49 5 0 
50 0 0 
51 3 0 
52 172 0 
53 81 1 
54 83 0 
55 139 1 
56 106 2 
57 159 0 
58 66 1 
59 55 1 
60 174 2 
61 122 2 
62 168 1 
63 72 2 
64 44 1 
65 169 2 
66 112 1 
67 105 2 
68 87 1 
69 83 1 
70 99 1 
71 53 1 
72 219 1 
73 85 1 
74 81 0 
75 172 0 
76 130 1 
77 0 0 
78 3 0 
79 54 1 
80 57 0 
81 49 2 
82 106 0 
83 45 0 
84 151 0 
85 21 0 
86 6 0 
87 9 0 
88 12 3 
89 21 1 
90 21 2 
91 42 3 
92 15 0 
93 57 3 
94 24 0 
95 9 0 
96 12 0 
97 12 1 
98 24 0 
99 42 2 
100 66 0 
101 5 0 
102 71 0 
103 12 0 
104 21 0 
105 24 0 
106 48 3 
107 72 1 
108 7 2 
109 79 3 
110 45 0 
111 124 2 
112 15 0 
113 15 0 
114 18 0 
115 54 1 
116 72 0 
117 14 2 
118 86 2 
119 20 0 
120 106 2 
121 0 0 
122 0 1 
123 3 1 
124 54 1 
125 57 1 
126 14 2 
127 71 1 
128 81 0 
129 152 1 
130 7 0 
131 10 1 
132 13 1 
133 12 3 
134 25 1 
135 6 2 
136 31 3 
137 27 0 
138 58 1 
139 8 0 
140 15 1 
141 18 1 
142 12 1 
143 30 1 
144 12 2 
145 42 3 
146 9 0 
147 51 1 
148 4 0 
149 35 1 
150 38 1 
151 48 3 
152 86 1 
153 2 2 
154 88 3 
155 81 0 
156 169 2 
157 5 0 
158 25 1 
159 28 1 
160 54 1 
161 82 1 
162 4 2 
163 86 3 
164 36 0 
165 122 2 
166 0 0 
167 0 3 
168 3 3 
169 63 1 
170 66 3 
171 0 2 
172 66 3 
173 81 2 
174 147 3 
175 21 0 
176 4 3 
177 7 3 
178 14 3 
179 21 3 
180 0 2 
181 21 2 
182 27 2 
183 48 2 
184 24 0 
185 6 3 
186 9 3 
187 14 1 
188 23 3 
189 0 2 
190 23 3 
191 9 2 
192 32 3 
193 12 0 
194 14 3 
195 17 3 
196 56 3 
197 73 3 
198 0 2 
199 73 3 
200 81 2 
201 154 3 
202 15 0 
203 10 1 
204 13 1 
205 63 3 
206 76 1 
207 0 2 
208 76 3 
209 36 2 
210 112 3 
211 0 0 
212 0 3 
213 3 3 
214 0 1 
215 3 3 
216 42 2 
217 45 3 
218 18 2 
219 63 3 
220 42 0 
221 12 1 
222 15 1 
223 0 3 
224 15 1 
225 18 2 
226 33 3 
227 6 0 
228 39 1 
229 48 0 
230 18 3 
231 21 3 
232 0 1 
233 21 3 
234 36 2 
235 57 3 
236 2 2 
237 59 3 
238 24 0 
239 42 3 
240 45 3 
241 0 3 
242 45 3 
243 6 2 
244 51 3 
245 18 2 
246 69 3 
247 30 0 
248 30 3 
249 33 3 
250 0 1 
251 33 3 
252 12 2 
253 45 3 
254 8 2 
255 53 3 
256 0 0 
257 0 1 
258 3 1 
259 72 1 
260 75 1 
261 49 2 
262 124 3 
263 81 2 
264 205 3 
265 14 0 
266 2 3 
267 5 3 
268 16 3 
269 21 3 
270 21 2 
271 42 3 
272 27 2 
273 69 3 
274 16 0 
275 3 1 
276 6 1 
277 16 1 
278 22 1 
279 42 2 
280 64 0 
281 9 2 
282 73 2 
283 8 0 
284 7 1 
285 10 1 
286 64 3 
287 74 1 
288 7 2 
289 81 3 
290 81 2 
291 162 2 
292 10 0 
293 5 1 
294 8 1 
295 72 1 
296 80 1 
297 14 2 
298 94 3 
299 36 2 
300 130 3 
301 0 0 
